228254 243992 223473 262223 255943 266780 242642 251150 247205 274411 247515 252199 235148 231128 240199 255161 234935 236120 259084 254147 230514 216089 265162 266901 241163 225684 246078 245296 265304 242350 270876 235021 252691 286072 277950 249186 244321 261771 241316 245339 247958 230018 231596 252102 229913 245632 262451 235003 234712 254524 262660 233400 237006 238479 245764 234327 235858 253075 259661 239493 252592 239490 254524 256430 238663 225617 258966 264263 234926 212298 238508 247000 242015 274335 271355 232693 205413 250278 238651 231985 220155 267139 236717 277258 280624 239885 234520 253812 227781 251648 257816 278270 255474 236440 250785 249259 264297 232833 269246 276212 
241113 250311 216212 262394 246926 255757 245934 251863 261166 251381 255282 248740 233625 226167 248569 272304 232163 262195 253006 267455 258065 218278 270308 245851 239290 228080 239292 235132 267675 250656 264143 251029 266290 281414 279707 251348 227676 248502 234982 245352 236962 221488 245409 254458 248779 244832 262718 250371 227843 270336 263473 237657 258402 240566 240031 231905 258429 255156 253545 246748 280093 257086 259186 247050 249401 229490 260800 279248 230506 243101 233082 256663 237391 286768 254215 229888 221777 267957 238159 228608 246503 266499 228761 254132 264218 240645 245191 261779 236481 253340 278944 264862 265314 239727 240586 252278 265830 220510 254043 257680 
228049 251063 210596 238992 243236 247099 234063 237789 240596 251328 253299 244465 220278 234529 232930 260479 228303 242976 238333 270121 237034 208685 259996 265138 258982 234234 249360 251687 261829 234248 261553 238742 254521 287832 258995 233538 220202 237197 248702 231531 245529 225572 243719 255324 238931 251105 269957 232213 228336 254230 248455 227404 238879 229310 239091 228906 252811 250789 231239 243780 256988 239231 262033 244807 235472 224819 236962 266254 235565 225163 228621 245383 236411 274852 243258 236351 217947 259243 242542 197373 238399 261675 221508 246385 258342 225837 235858 240716 225210 248927 254907 257843 231775 225117 235711 251842 256779 218018 252024 272986 
236391 248055 242015 277586 260277 264100 258268 239506 256997 278643 255948 257006 234435 239835 249089 281349 250493 253767 260434 264070 244049 234141 270240 263664 269149 237611 266713 260552 282393 263221 279976 261611 258890 289973 263865 261615 247008 252038 232327 246649 258488 232852 245957 279203 258370 251214 268957 244032 222942 273021 258969 241721 262433 256240 255251 239027 268737 252052 261044 250702 286982 255548 276799 259360 250847 242760 259588 268104 236989 232236 236353 254496 254923 288201 269915 243331 245339 267165 235500 230138 232218 272236 234392 265230 283743 241894 237932 254635 237907 236627 295278 263990 255694 237963 238369 268411 258722 244250 270928 265846 
223286 238274 214517 244861 239706 241136 233301 234363 226003 252365 235868 232276 229345 230781 239321 239685 221830 220098 231001 254363 229071 197623 244389 250831 230507 215991 238439 237371 251120 247430 255113 244083 246833 272366 261985 249236 221671 233099 231222 238368 226651 216529 234311 250319 232459 244827 239442 224308 225019 242891 260028 207772 215161 210165 227981 202086 255079 253468 239270 225944 257145 236230 241716 246653 226324 212799 245969 244128 222404 202004 218517 221876 224360 251284 252524 221805 209797 247964 224115 208253 219150 248049 222079 249350 261999 229742 219855 241949 215822 220610 262582 243959 240328 220083 236647 242411 239031 216979 232524 246099 
223131 240170 213591 256633 236588 236870 234650 243784 231732 248025 228692 236733 220181 232396 237603 257781 233566 229959 236973 262340 227593 216415 245448 247732 237582 236258 257789 239519 254835 220691 261821 236294 238728 267914 273307 221816 218605 228558 223701 212959 240247 234194 235830 242140 225218 246345 245617 219518 218705 261963 255714 239893 239012 214961 242937 224230 247187 244385 233286 236192 245464 233211 243161 255657 235002 204319 236770 259696 227062 217595 229529 237174 232187 286914 242520 233424 232121 254693 239555 209925 220930 253131 221315 256424 261619 231306 240433 232446 223785 241153 251466 265773 239683 225445 242305 241161 258473 214019 262038 248455 
225136 228348 214824 275094 257631 253058 239412 248238 241302 246318 237717 239960 220283 238787 246801 259258 257190 231345 244696 252239 228177 229343 258662 247844 241826 234719 241537 263491 268050 238293 267768 244908 245469 277493 268587 237647 227660 239324 249315 231379 245217 222836 243707 258242 236481 270192 260127 243117 226822 252284 248436 249231 238222 240846 233508 204856 245195 235977 237934 248602 256445 228163 241761 269595 247810 206210 251057 259067 229756 217297 228357 246507 240710 285371 255940 236906 229861 262073 230423 213705 219203 278194 241374 261763 274610 235329 245769 251388 218881 235523 253646 259986 259353 224382 242081 248573 254228 234638 265630 259289 
222088 255975 231172 262205 243378 254402 221429 228742 234493 257348 251320 240261 227874 231398 254309 263925 238711 232028 242647 245376 244934 213161 242911 246789 231175 223103 248630 235594 236752 244148 261205 236620 251396 277597 259359 242264 221422 233749 228035 233165 243803 217375 237003 243756 226625 250972 256901 228999 224316 258764 236485 222453 229589 220333 220729 211209 265683 248822 241907 251227 257872 232891 256239 259128 237788 224753 241198 263709 227474 214970 217842 252828 237569 277621 236902 229298 212133 260798 239368 226429 201978 270010 237479 254064 254198 239196 239795 241577 226020 239996 272477 252999 235788 229013 223462 251740 231581 242464 259690 266630 
239829 249402 235631 284510 271824 277975 254395 248936 274811 275602 252274 267396 239312 254229 265847 278850 267634 257002 264595 279924 270652 227071 283028 273359 274643 251295 261157 277856 282645 267472 295507 276084 279984 306373 287338 273932 253937 263817 265142 254579 273144 246012 274949 286897 267831 253912 297958 261399 237334 284198 268740 250840 263885 254918 248116 255194 281800 251388 263925 258855 292419 274714 279649 277233 245086 238854 269269 289187 254836 253154 251561 273484 268040 289164 278200 262531 253915 275263 240524 240324 238516 288828 248159 272127 299929 256836 255993 277259 243631 266780 289062 269047 281535 241824 252950 272595 261528 256101 276931 293221 
217433 231662 201866 241250 250181 250344 238666 234369 233399 239456 242232 234422 217114 225533 222789 250572 231683 224415 235407 236557 245592 197664 254508 233095 234418 219364 242566 252897 240663 225812 253266 231960 252630 269319 244272 237237 213453 232615 237412 240164 243659 222573 239100 247347 227060 228424 248702 223738 222624 248264 238825 236336 215170 233378 227482 221146 230384 237001 221794 235145 248165 227051 230727 244953 219595 212528 231632 256148 229608 220123 221618 230205 240591 268754 255094 221654 222453 241202 228738 198036 222865 264043 215803 254769 255169 235313 216655 234650 237224 235440 252903 267271 231250 219962 244869 232518 246410 213684 252304 267166 
226449 237908 211669 256349 234187 247934 227982 243777 244297 266642 258499 246981 209225 221777 222393 254255 232747 243726 229658 241399 220702 209785 244451 244604 238097 236775 251797 255362 257372 259297 258969 225220 243514 268352 242726 244905 220592 244280 246896 231625 252271 250262 236071 237283 232775 256149 254615 220452 210996 267874 253773 247781 234183 238910 240005 236261 255392 228158 234871 240921 255657 240895 242120 248466 240422 212611 241381 276518 243839 235260 218900 242083 243969 287405 253074 231598 228319 256738 229920 207724 223309 276302 218438 241534 256220 233217 231570 228342 218696 244869 255603 271588 238796 221636 238570 250889 253451 222214 250654 266211 
246564 250009 241437 284051 281596 261475 244274 258015 253095 272602 276715 266429 241884 270535 267965 288440 246960 260669 258474 276630 262947 229317 288847 279671 262366 260318 258088 264681 279344 275310 281593 249088 269338 301148 286031 264125 226237 249367 265944 261386 266940 243406 272728 280876 256473 271078 291139 241093 244985 281435 265292 247534 263683 245095 258749 241419 284237 255063 271189 259969 289563 257220 281684 278687 240857 249544 263617 286966 260484 246380 249516 274388 248356 293402 271598 250189 237384 279366 256048 238170 251057 278682 257961 272195 280385 249726 270502 271922 257216 267813 289073 290076 287052 259798 246365 277070 281080 250708 270837 299716 
254622 245737 228854 252820 249782 251041 243243 254817 250985 264253 254379 252016 233193 222776 262653 266113 226115 252756 244392 271985 250831 237913 263147 274340 246373 245966 234677 255641 271886 254831 283265 257172 278718 289946 293748 249292 237246 244951 234972 240881 263874 234344 253041 272207 255567 253779 276967 242160 226958 267419 263735 227758 243671 226530 253104 232139 273293 258097 244398 247635 273673 253080 269042 263515 246578 252326 254593 279281 222784 223022 245555 250744 234496 288473 261787 240030 232832 251935 250508 221131 242555 267187 238950 250200 277074 242145 256605 274050 241889 250283 274714 257700 271739 249807 262117 249187 272909 234404 261460 261455 
208907 220095 204062 241122 235106 247622 218290 215200 221587 241723 212619 216886 216514 219279 238682 250314 226637 216189 236067 247295 223750 195928 241592 226663 224378 218754 218969 226878 248970 223469 245835 233941 238126 249171 239686 238316 206660 226846 225609 224593 231356 201543 224029 239148 205449 213651 247299 211784 202906 245448 245683 216919 222766 225171 225467 219206 232308 223552 231680 238426 241104 219192 237096 229357 208835 209122 225512 246212 226972 197775 216938 217915 235949 252188 244094 215328 196545 235258 211258 198201 196074 236129 219574 239572 246476 229691 215107 224492 219941 231570 247906 237054 233058 217441 205964 227243 240517 207189 243558 254277 
265180 274461 244268 288050 276159 279967 270353 258808 275559 292561 273511 279255 253254 270351 282191 293284 256507 254525 294866 277056 267838 249353 295423 286008 270138 264172 257353 279447 298796 271407 302812 275203 282124 305112 306099 281399 258832 262093 262324 261816 278439 266503 266945 282865 270549 292688 290177 250352 247158 304867 301114 270970 283311 251164 282767 252985 279323 274735 272595 257164 296889 269008 290391 296234 261868 247100 273688 300771 275278 261441 261517 283857 265715 328936 279470 251518 254285 301626 266484 247081 258508 301418 263243 293783 288906 258807 266643 281136 248207 275818 292714 284973 289370 254901 263832 269135 293524 256437 292035 286501 
224027 221229 223630 244679 235240 242481 223624 230689 236855 243472 233143 236063 213823 218412 234158 259078 223639 237674 260619 247644 236664 206599 253383 246902 232410 235723 245526 254682 257878 250179 255265 233738 247257 268512 245768 241344 225687 235367 233086 240019 249287 216610 238310 248305 232698 242101 275908 230661 198015 272098 261837 232274 212927 228036 239401 211512 249009 232470 239318 209901 248495 231205 249855 242298 241892 219509 231023 255395 225213 223645 236717 225194 228425 269277 253026 225415 211060 238980 231812 210319 226786 253048 224148 247337 264297 235348 224593 243235 228117 234963 259002 238677 241650 225811 232361 247010 250691 212936 238235 248770 
207766 225826 207488 259849 246673 239606 215105 228207 227424 247871 242848 240952 227773 233050 247339 252910 225206 236445 229093 275330 238402 202735 259281 255799 246599 220357 222634 238732 253787 248425 253191 237838 249546 266811 261134 242818 209776 250392 230645 251719 232132 231202 237925 254337 233973 237547 240282 215527 216028 251224 239049 221778 214779 240166 239278 215533 244050 219372 240716 230551 258242 254215 229532 236568 208584 211517 237638 257034 224512 227829 230374 249825 234058 265131 260043 229816 216896 233906 228122 217873 210027 264216 238193 254634 259760 233765 245398 239090 221505 232243 256123 245307 247697 222579 227010 236291 239414 226234 262971 260832 
241335 247818 239692 269557 263742 248766 252546 243956 246573 256114 271674 248931 235526 250004 245038 275347 242444 250188 272660 266675 262256 235639 276578 259148 257774 246468 259778 255050 257860 248667 281324 263411 251171 287681 273022 259452 238843 259399 250801 249471 258580 243817 240467 262702 246365 269939 279907 252450 219155 259505 280984 269772 247201 250630 256899 241866 253676 244617 246742 240281 289735 249927 265100 276920 241271 245809 260224 271411 245977 236140 238173 259652 264230 311083 268109 249421 228128 263219 241100 223167 249463 281189 234645 273394 277015 258107 253260 252169 230936 257675 276921 278386 241903 240755 256401 246240 265857 251265 281854 273287 
221603 228448 211728 248786 245813 243784 230148 237488 236989 241797 237373 205000 216455 225203 236862 255570 230511 217220 238994 232558 220405 224120 232007 235898 209270 227883 239646 245524 247552 241748 265558 242801 247709 266746 246064 238689 221533 223971 240444 218959 243476 233679 231482 242720 235974 244099 247349 219188 217708 252679 243995 229421 218851 229662 226108 204457 247332 212511 233366 234132 251422 214830 239753 249309 225172 215798 248065 264295 228255 207967 231590 237390 235021 267409 245418 214049 223749 251878 226012 210273 204875 267488 216879 233429 265474 229085 239565 237779 226954 245576 247769 253754 247994 225179 231803 235504 236286 215788 252528 254029 
229483 234536 225503 267076 250482 267223 238110 247740 233731 268857 251330 264296 229814 243194 234389 285827 249044 253451 253228 256805 250777 224434 275070 257971 253560 237671 254981 267446 271647 259123 271329 255940 239290 299640 273512 234814 227922 251411 258964 237883 259642 233361 247404 256895 260651 258625 260647 234043 220400 270900 252289 244633 236639 239859 242044 236035 263015 242778 254624 251393 266934 238730 261687 261788 235291 228608 248866 281924 228823 233667 237368 253392 233339 289329 257899 256507 238997 245705 232855 226646 231148 277403 248098 261419 286592 241671 266820 248269 245834 255072 270261 271189 265497 235518 241245 241195 279633 238050 268505 283729 
238185 256208 235941 273283 259389 263184 258599 252383 259129 265984 255858 263945 248242 244183 272404 283513 253183 245974 276870 270831 261373 228732 272891 271602 264470 250911 281488 269133 273079 250784 282684 273384 272279 295912 285920 260791 249477 259701 253845 252054 269977 247091 255586 268405 258360 272940 294337 255252 245983 270797 272369 255172 265598 251685 259447 245938 272076 261452 266115 245542 281776 248917 284410 282745 255975 242012 288379 279565 248401 240348 248210 261044 255797 310503 286985 254298 233718 275239 249201 237190 245882 279131 254876 278623 296321 252060 244994 264611 237264 263682 276719 276409 271432 244707 273084 259526 261417 256024 283960 283729 
230744 245622 216890 273547 246157 251224 248159 248145 249730 251729 241558 246302 229853 246450 238241 265393 244272 242387 253182 258252 258037 208844 261415 259261 266540 234990 240417 248450 262037 241443 272592 248105 240989 287677 276492 248109 230683 254683 251316 243801 243960 238931 239207 252408 263613 244378 256858 241778 225398 263230 257310 245297 251038 245961 243385 225407 243296 241523 250514 248569 272393 244467 247353 248085 229058 219931 253649 264129 252518 246659 230059 254088 249967 276589 265073 228251 223485 267248 236532 226211 231508 271032 244530 257277 274102 235270 238419 254002 233419 235131 274470 272097 259286 230798 233582 253334 263135 245379 259424 264786 
215803 231122 221852 254461 232116 248028 230493 244537 227189 258139 238472 238002 226901 221319 223615 253062 232330 233620 241445 254771 228636 218974 243348 246307 234801 235673 237540 249960 260875 231741 268126 229184 245301 261833 265025 226119 227491 228515 236204 244933 259476 227406 241538 247560 235465 265980 257764 214400 226877 248878 235769 246630 222346 214202 235042 212014 262473 248279 247164 244266 257577 224174 248133 253984 239620 227170 246375 261400 218366 206527 206774 233343 218333 282277 252247 241289 221841 234597 225271 201470 206882 275412 233808 239992 270354 229896 240321 231985 227830 229375 251898 265768 250525 243819 234370 219389 257804 236049 264180 253411 
224924 258894 235843 273420 255930 260869 245091 249373 252470 273376 264206 246242 226960 252081 248342 271173 247697 237849 271201 281565 252142 224622 270794 268105 255115 243431 255039 259683 262884 240893 267540 252764 267082 296008 277355 254409 246210 248295 261609 255596 254674 244843 279369 277389 253262 268019 276615 249405 226401 255741 259869 240539 247958 237617 246044 238370 275270 262088 271331 248305 286583 255672 279183 269649 232908 244726 261664 275682 249717 229943 241578 255375 255347 294153 277503 247961 237016 268905 241776 232987 237770 284586 258708 276491 293629 250590 253272 258553 247814 252086 282988 277937 258695 237863 246940 249614 264082 256891 277563 286766 
231168 244340 228239 265321 257186 258674 253623 239882 247712 256589 256459 241707 224535 226957 231874 272065 242088 259140 253253 253637 236208 216508 270527 270341 248254 237665 270919 247157 259682 245481 267052 247427 280302 293476 261144 258251 236307 253886 240828 251163 257182 235806 253034 263043 256735 248397 268786 249280 223880 265926 259533 240396 242476 248926 244935 231382 256457 239830 244911 249067 275982 245741 253611 254476 244383 234357 250105 281808 243169 240351 223925 258485 244410 284703 258536 230993 223940 252075 264225 223962 226160 278563 229206 263923 272437 243032 242607 248219 227174 239868 268325 257631 244777 229925 246941 261616 248654 239625 280867 255295 
230090 250970 226166 258858 238760 259326 231520 244423 225792 257598 245171 246412 217168 238508 248226 273540 232461 245679 243697 253935 246497 205069 246573 259509 250743 235034 249940 246696 252697 234117 266087 247321 256139 256230 263187 250942 226362 243957 236302 236250 259127 229238 243291 257821 245145 233072 275480 233038 221802 259716 252723 229617 230619 229513 250171 222120 248891 238461 246443 242654 269414 246649 263707 247959 230880 228507 243009 257309 259840 235863 218111 240564 227380 275337 264722 220565 217709 236219 235857 226280 221168 266045 238507 252436 270611 237993 220981 242555 231204 248383 269804 260937 245343 248609 237214 255232 251221 231272 273629 266446 
223597 244193 217634 259543 262014 264675 260539 249469 258775 263150 250934 249360 232268 254678 249968 273606 248656 238766 264277 273514 246604 212561 265981 250133 261558 235761 255534 256828 276415 257497 275976 260323 260003 297363 278138 252819 242627 260771 259096 241892 262438 237755 253559 277462 272049 243123 269494 236945 231669 272449 270734 243114 236321 244188 253601 242777 267899 235922 247536 250946 260216 260230 270442 252817 236337 225959 254484 282454 250743 231792 245479 250888 256473 277152 265574 247526 240232 243443 243535 230080 229921 281223 238220 263108 291603 256873 260271 266748 245656 256707 268378 266352 265780 233088 241430 250487 257981 244857 267758 267202 
173711 187953 175492 193555 198474 199056 187670 179869 193529 203920 184024 199683 176516 186632 202244 211910 185244 195351 183751 203581 179085 172507 195925 204450 184743 190120 184398 186736 192581 197390 202807 183850 197882 215189 205515 188890 170790 172388 179083 183765 202687 179211 190150 199692 180482 187514 212347 183330 172584 196537 195940 166868 191944 168330 179609 175196 191946 184068 204462 170433 205838 180581 196429 205369 169244 169686 190294 209856 176990 177727 187998 190460 178966 218046 200561 194558 177553 193643 173890 168830 180958 209688 169555 198533 204012 181874 186842 189048 171176 198129 197937 196667 197754 172098 186695 185377 198631 184699 199739 204872 
219622 247708 225945 254806 253082 276550 227807 225743 255772 257122 255218 237049 228369 222955 256782 246272 232340 232001 242084 251746 239306 212827 253790 257461 233151 224809 250802 247273 253497 259022 261695 235855 253840 295147 255135 261851 235291 236186 230674 225569 234552 232919 228100 258522 242032 245797 255045 221108 214106 256643 263952 211731 234209 226830 241434 217322 261221 235434 235253 232078 257825 242043 250458 254486 246906 232902 261496 270219 228979 215636 231517 239246 238144 258430 252510 229387 217448 241031 224565 229837 226049 274067 222316 254033 276558 243912 237551 237958 227313 249149 277432 249137 248510 226739 239884 253367 239564 232248 259023 258062 
242786 232658 225808 263739 258295 266348 235019 251513 251125 263892 264449 262342 229927 251150 241430 275385 241724 264590 264365 279170 239309 210104 257004 272565 251466 231512 251782 272093 264247 249196 270089 255872 261728 281367 282291 256254 225028 261996 257106 241165 242291 231452 251193 267749 252926 251683 281377 249925 230149 260746 265470 256681 254895 249177 259461 250007 263114 235892 243793 238529 276642 257671 269635 272299 230267 237957 247795 275290 248733 244705 246305 251439 256665 291248 262831 246022 237310 264939 227894 235648 238719 268171 248251 261663 276249 249102 246500 256865 239477 264851 277055 277068 259570 240542 240155 254939 284853 249441 267020 285782 
262871 250728 252911 294399 271195 287766 260087 271402 261608 281271 255625 286975 253951 275364 277152 302637 275334 249660 282073 297357 275567 232305 282664 274829 273763 260483 282430 271396 292012 275552 294467 274471 280860 312459 294693 290731 254311 254255 274723 265985 282833 249399 286518 289478 274724 271924 296304 260376 237957 302090 281418 261451 270475 257530 275577 254283 288844 270622 276253 269101 284301 268423 295944 285763 255137 245512 264056 292005 254180 239132 263372 271986 266405 305897 282744 250337 253271 279764 259824 234875 253518 290092 263420 284023 290427 268646 271268 278505 265572 282379 302137 276630 288616 271228 274341 288004 290758 242553 292909 292582 
229572 243849 229213 250604 241561 256374 230465 266585 238151 256767 257233 256887 228588 237595 239939 262926 246833 249433 250288 268079 242437 225202 260989 250426 236290 234070 259669 243581 264108 250359 268017 248862 265947 279427 259665 247649 226841 260607 251229 238591 259669 229453 246682 249166 255792 247653 258858 235557 221204 264442 262182 247406 247363 248356 233591 224745 254595 235682 239732 242898 270857 246695 241427 267474 244108 241584 267178 268480 243728 233533 224912 250117 246846 283648 257607 234185 214845 247079 237573 227188 213120 269660 234991 239991 282309 251299 263496 245590 241773 247084 278687 276771 233954 227336 240560 250667 249603 221600 263128 253236 
194633 223556 201634 227634 214958 212020 213488 197971 197227 224844 204994 222527 195842 211233 208489 243228 196802 211307 210712 216844 205135 183045 213009 212233 217292 209733 219986 205361 224180 214832 224302 209736 219963 249982 216154 214957 207241 199141 215353 221302 206827 208374 211815 213423 207372 199504 222171 204995 176344 219029 225686 206395 219581 204122 210995 188495 206916 199611 223246 204415 234749 197428 232313 216748 203112 197207 202406 231600 202830 212888 202355 220887 207674 243180 218844 207707 185285 223728 200485 205117 194903 228463 200362 226208 230428 202595 212790 210620 201920 217582 214287 226082 229798 200826 212016 208865 218549 197319 233884 225691 
240781 243882 221467 268348 256271 274935 249414 239297 252984 262854 241301 250696 222805 240484 243249 276688 257924 251956 252633 260176 243956 215948 277774 260380 246509 242021 241874 263771 274258 253885 279878 246216 269411 268212 278202 260140 238739 263223 237066 259408 269954 229123 260722 262707 237405 247758 279435 248064 237638 269419 254949 239966 246659 248873 238994 227878 262245 253599 255166 243104 270560 246219 248708 265265 232314 227941 254189 270757 246599 234231 236049 249100 263069 281757 248573 237213 238117 269511 243733 222603 222743 281751 240109 249850 275019 251337 238506 261349 243820 249680 279803 271759 262114 231843 237771 268752 256619 245221 256433 267046 
220735 224375 223279 240791 245712 242887 238610 239651 233589 265471 235603 240574 226457 243155 229603 254117 229854 226285 235290 253860 238405 212820 255040 246641 237746 225062 246079 235577 261385 243550 270892 238856 258360 274013 251014 244693 225363 247814 237126 237610 251856 220067 243670 253180 249514 241144 264215 231405 212714 260610 248121 235137 223422 230508 233656 219709 254570 242964 238962 238802 253962 242918 243408 259376 228247 222405 240419 249221 213769 223136 227969 235990 230746 278746 243213 225122 222257 238950 239737 208962 207544 254088 230373 257033 267516 234497 233021 252973 230110 236774 265002 263173 231986 222819 245603 251007 246743 223336 260018 252401 
232201 256110 202659 241693 236825 245228 227668 261063 232741 251631 234170 267194 207521 229136 243760 259246 231986 246260 238931 261748 235432 213983 247383 252066 232678 226247 238485 236085 254077 237914 254316 245316 253103 265975 266775 230985 217703 243393 244575 227510 248454 226704 233742 246605 239390 250459 266990 238245 218587 258010 242703 237036 253042 238905 241845 225561 235878 254727 230367 246179 256459 243077 256040 252192 221304 233883 252475 245089 237642 224821 224916 238809 239163 275816 257718 236685 221034 262983 228121 215603 206596 260949 238548 252904 261957 239631 238977 234377 230061 242693 250636 266784 251353 241757 245716 241237 259884 221722 253229 261401 
232651 261991 233921 258351 254785 254249 248768 256127 252843 281498 244316 254747 224606 237347 249103 272499 241501 259537 250341 266376 242425 219177 268043 277053 257261 234632 259285 264914 268307 249936 279665 253135 264222 295287 279268 254765 243289 253470 248063 261116 252865 240219 259507 257920 256645 258971 276578 244237 229096 256256 262275 240962 227025 240855 248107 238697 267160 259038 260599 240867 277479 264413 272654 271072 237139 232224 255033 261154 225427 239032 249404 263976 247694 288821 267443 251878 249665 264722 252035 224934 224634 281661 260951 260579 295147 239113 243313 248716 247031 252216 283282 276371 261053 234887 252393 252830 262026 247775 264501 283000 
225317 231054 221338 241378 232140 260152 223638 234368 238609 247994 230244 244927 208374 222704 227136 245988 220126 242188 235663 268371 235777 204468 238491 239394 227648 236464 250004 230158 233880 249164 255168 225621 248515 266377 264106 246091 218134 240226 227759 246950 249349 229429 246453 263917 227005 247483 270029 222880 212147 264871 253485 231183 219091 229114 240112 229249 250857 222898 243658 225920 251832 228325 245885 244579 223657 232163 239237 266058 221120 223011 227829 236940 250237 269743 270894 217278 219416 222080 217166 211251 209555 276842 225171 236631 268271 236320 234175 230050 216432 246645 261478 258200 266792 238371 233410 245146 258743 229297 254285 243225 
229142 226162 225676 244736 257002 236167 210912 218211 230990 226852 233970 231549 209752 243552 243714 247500 204203 215371 236223 240179 220702 207379 249119 255553 243010 231138 217991 226943 243216 234532 254909 231532 225650 272192 252397 246781 217405 226018 233157 219638 233304 219375 229442 244880 239095 237143 260280 232279 206850 236738 254228 225097 209075 218920 234279 206053 231719 223383 234496 201963 239736 219882 249561 257812 212239 221755 232797 244417 226741 218997 233598 230523 241180 257644 250087 215231 207713 243167 210667 206945 231194 245607 232474 244868 246995 228708 240224 232381 204022 232142 247769 254314 246941 211016 229482 228254 254922 213788 240390 252415 
219089 213827 215191 227025 213565 209579 214444 215098 233440 214714 219958 217862 208879 206327 218195 227847 213773 219329 212221 225218 226869 190153 223126 227585 226954 209713 220800 217200 225001 226841 236275 215843 243040 265339 241502 210536 206695 222718 211471 209425 229618 205672 218141 227262 222322 222551 234456 205427 204814 229707 240762 204826 219666 213762 215387 183604 239399 215216 225825 209774 240107 225284 232031 220744 227269 215021 221774 259137 208934 222288 221261 217562 205099 251348 244123 201826 205899 234707 209470 211919 222397 249725 208434 240390 251918 221201 214179 221052 206681 230899 236908 231352 238659 218810 213506 219632 228805 215155 221489 230255 
217360 216579 206768 227310 221405 233544 212761 220793 221366 234782 215593 236706 216239 231933 230186 246493 212971 226371 217408 240579 239625 191571 241397 238024 218327 221888 225031 220885 229819 238456 239544 233399 241559 257643 251828 236764 218368 226832 219009 215044 237115 209233 240027 244880 228411 219998 239445 226550 193181 245080 242869 216381 222404 213014 225374 219798 232583 218409 227988 211523 250980 226389 237854 237981 212945 211930 232324 242120 220666 212244 216264 225276 230666 234139 238294 213444 208252 225339 214450 202477 206731 243320 193932 250052 252518 225768 221770 221859 217195 236640 242268 230112 237831 225440 225621 237791 235218 215647 226579 240983 
235441 237439 221513 244887 247625 241310 235298 239294 242696 247553 239726 237420 232166 248068 231192 253318 225714 263933 242658 260696 236861 221484 270530 248484 225303 212940 239613 240478 258385 249576 255246 253480 248246 265023 265556 255544 212787 243004 239090 240202 240959 214683 244959 272042 244284 249412 257001 247508 208397 248741 265144 230176 230279 242102 248664 231708 257454 237043 253079 239562 285477 235809 256110 261827 226553 232849 255890 258578 237365 216121 230584 223799 237721 271775 259569 235270 247582 238224 225782 214643 225711 256851 236455 264527 277465 242319 240340 238700 235476 221505 265168 269506 258780 237163 222274 241343 271091 248667 242407 252603 
217801 212614 204863 229158 230892 237287 215066 209221 236075 226591 238216 224910 203444 213501 229640 251959 216647 233982 229585 239401 224721 193446 243433 228284 217372 198072 224829 223303 241229 234230 241750 222657 233620 262210 244057 231023 206035 242488 215362 218525 233107 193692 223009 232582 229745 225964 240087 221169 205880 228990 244332 204460 216816 214555 226574 209854 241446 230085 219585 214531 249522 228089 226219 231130 203295 238628 250609 254239 218831 212393 214972 206858 227766 262068 242606 213420 205545 237269 214563 200855 210738 245992 220581 237136 249880 237181 228067 242374 224333 251007 253584 247607 226713 215159 222819 236032 232101 222919 235820 241656 
223543 240282 232166 261886 237888 246603 237156 241311 246846 258240 257076 241823 223738 226125 246080 272485 240803 232879 260928 256367 246077 220986 249664 259799 246197 230263 253904 247092 242127 238790 266379 240385 264063 277102 255715 244910 242897 254915 230816 242128 249886 227828 256432 261111 238730 256272 272437 242283 220017 253019 254329 238274 225655 244949 232425 218735 247104 252779 246681 231282 269610 254832 268777 250524 229598 233554 245978 261601 241434 236422 235209 254196 247986 288628 256863 214640 223868 268751 245154 227854 221228 283997 241251 264366 277133 243985 226128 255640 232493 242646 275749 248491 235755 236567 239230 251270 241489 228122 272648 260414 
233734 251411 215851 250239 232420 245903 242889 232801 246678 257315 250018 232980 226727 232874 253870 267470 236508 239894 245650 253732 226163 206825 242823 253197 246844 231879 227820 250635 256302 233349 270327 245210 249825 280851 248086 234453 224788 221802 229558 211137 236525 225287 244136 258384 240781 259082 276783 224829 221923 263617 258319 237574 235267 230995 235366 221378 255653 229910 234969 236662 262320 240536 263509 243106 226921 234845 251552 270443 231593 207045 223819 246618 247813 272163 255035 230908 238301 246970 225540 211473 218204 265785 224584 250736 271819 223431 238863 239219 224733 240001 253647 262298 230488 233223 213798 244729 259092 225982 253503 264519 
216729 233723 203458 245579 238647 238725 220084 210751 219154 225495 235885 240625 208442 216776 223532 246469 225719 230942 229201 242393 223038 198688 253096 225775 225528 221483 218222 215118 237854 221366 240547 227252 252436 252696 249772 219494 208260 238865 223606 234025 231743 218332 228628 229293 208927 215707 245977 215901 206002 243601 227568 213772 225623 219283 217010 220310 229570 239568 237154 225451 253837 232329 230458 231925 209377 215713 227755 251101 215808 208016 220306 239086 230815 258540 230084 227263 202900 248019 234261 199939 206837 241256 225274 233099 237711 233775 226248 238026 208689 231234 246103 254210 234748 215834 221059 238523 228900 204052 254913 246886 
221710 240265 199988 247681 231469 244784 236936 219896 235704 245930 249613 246674 220050 230114 232666 251477 235624 236228 254737 254800 235511 208736 259495 251503 241392 230301 217951 241514 259209 219228 241884 256967 252395 276226 251966 232641 218875 243990 238443 243112 243779 218426 239512 255204 231824 248187 244291 239574 190641 259353 247619 236605 239546 234363 232159 210135 240681 239948 243591 242783 272733 246164 255597 242022 222021 225759 241145 249550 235553 226349 214577 234507 232284 281608 239056 234203 217565 264613 224144 215006 225053 255254 233547 262505 266770 225356 236494 231519 232943 226332 252060 251845 239212 221163 231526 233580 252968 226698 259317 244715 
226742 250674 213816 272587 235490 256738 226500 231260 240449 253927 256072 247684 240713 230860 261753 264077 238747 243755 245909 267935 242417 193227 263576 253430 240111 214435 241840 246058 253773 225752 256861 239250 239668 273527 255893 241567 219303 239684 236662 227064 239304 220135 253611 253708 240784 236871 253421 220934 217249 234798 251974 222024 233209 229547 246153 228484 258235 236203 242179 235297 258323 256072 258770 252137 233647 219907 249540 270446 228852 205342 231927 239617 247978 267197 249364 232057 237158 255576 224997 220057 221599 252747 245073 247545 267732 245780 246661 253719 230242 230037 272846 261348 241705 223833 217556 242216 249816 233503 257736 272041 
223698 230399 227394 261301 249261 245220 238014 236801 244317 266905 260788 239446 222811 247564 242259 264121 247488 226726 265056 256113 236345 221996 241511 252812 237072 243827 261040 248858 247801 254171 276077 252640 258905 286876 269784 243057 235985 250205 247667 231469 250090 227493 252769 263376 238576 249704 252858 243020 220552 261361 259336 257171 233943 237823 242850 234865 247139 238688 233633 235918 272120 247613 264610 263751 236147 228817 243162 265528 231924 227512 228331 244324 254472 278703 262052 231127 224810 263294 246248 228125 221402 273762 218479 262123 278209 255326 233708 261285 234133 252016 266955 251656 240213 236639 249969 243026 248373 231910 271848 268833 
215562 222679 212764 251438 247280 250125 228484 220901 228669 252428 221769 236559 228646 240746 237999 252676 232647 230618 243134 248446 227285 203201 254915 262976 241371 229752 249018 244437 248373 242715 260401 247709 242047 265222 266424 233263 221087 239936 243053 224975 246891 210457 225947 247906 215391 236946 269332 228376 235382 245539 247597 216465 225646 221720 224484 212019 245257 220669 244625 234525 254966 232204 240065 261645 231905 212031 239530 263524 226779 208477 226619 234810 230518 276172 247069 232051 216349 231606 228925 210507 215547 256034 227979 241036 271286 237994 233630 225632 213933 245625 258816 238259 255018 223566 244463 236048 242058 234487 253978 263947 
218422 243425 223013 247797 241496 246124 225503 228108 234179 242192 236827 237358 231844 230541 242314 254266 231781 225156 260388 259341 253255 210718 248457 245735 244439 215083 248793 236971 255137 248633 254426 247610 251424 281886 251106 260045 214280 251623 241176 247581 230906 229525 253698 266930 248018 241468 253215 227358 207661 266024 251180 239832 226414 251546 229909 227023 249258 240260 239449 243777 261400 242609 267665 249801 215963 243276 245890 245411 240619 217332 221830 243639 254528 262749 270854 228397 224214 246531 218770 221438 218457 267553 228088 259939 287115 237579 231748 243920 244279 229705 273796 262081 232089 240508 224846 252241 246081 224600 241361 268602 
218912 249377 227716 248786 239481 244381 242683 229240 227314 253361 246720 243094 219767 235401 233508 272005 235938 225288 263969 248938 249223 193275 244487 235748 226763 232159 251712 225043 244797 228535 245876 239398 253740 271588 262682 245135 222205 224592 239016 244381 245889 238459 251751 255808 243061 232361 264105 236539 219156 258001 256254 210720 215172 236894 232403 202086 240091 246303 247680 232242 255140 238369 243032 241536 218434 213698 249730 258323 239429 209689 222008 248040 236045 273576 247344 222553 209936 256224 223457 218004 218533 281327 245713 248232 257420 236646 241686 234652 223264 245559 266697 264111 249385 236673 233768 229292 245189 213356 256659 246146 
223708 227063 205349 224330 229819 250589 219922 217278 226557 238380 252015 219954 212157 209566 230297 253855 231014 228977 233828 252162 219274 206734 240507 247610 209071 233726 236320 229512 237356 231824 257379 233962 242880 272858 247024 233145 200035 220619 225591 218650 232578 216488 239454 244394 227258 256941 237564 221354 208185 239793 236564 221000 227589 227125 228891 225347 239225 223400 230822 219703 254660 213510 238736 239243 222505 214771 224048 268762 201525 199393 219228 221227 232076 263535 240702 223953 212677 236907 229726 199850 203605 269192 205041 244345 250972 231085 238532 233967 205601 244779 237149 243699 227071 230602 207330 226578 259921 220125 262282 238734 
223327 265065 236540 265338 258305 260232 258335 245410 235878 267901 257368 258002 251952 239933 260400 287796 237925 260693 246511 278061 247043 223203 269166 272007 263963 234955 264414 266437 266207 268549 285880 253155 272052 300207 263396 264827 240034 249652 255145 265248 256036 256480 274619 271985 257573 262418 280030 246419 230538 272270 262864 245657 253771 246788 251265 231401 284293 239097 259680 264565 285535 249759 274004 268066 249974 248802 265974 294767 254100 228315 239693 272381 250263 300839 262432 254194 242086 265420 240276 232379 244045 273422 244200 277863 296655 236550 268699 253118 254884 257586 276713 282022 259866 241931 259275 276232 265654 243820 276707 286639 
226871 228314 227486 266358 258558 240977 246401 245857 255249 246974 243292 239626 255980 254582 254005 274155 238960 244435 244075 261460 249402 214749 256553 269673 249525 231738 249115 255106 257934 250930 265674 246240 277079 285772 249876 259940 231888 227234 249008 239850 242961 211140 263406 280712 247677 232791 286178 247031 240431 263993 251617 224625 239134 248060 233796 221732 267174 232433 238070 251015 266436 247223 258701 259242 233144 232018 238556 273115 235522 228348 241121 243788 242261 263559 249280 236723 238585 243232 233093 220767 225698 273768 231694 265445 277225 229446 247691 255881 247229 232392 272600 228320 253283 225949 237690 258793 242097 232815 248133 260887 
227915 244598 219524 245442 246538 239122 226955 224674 222772 243272 239782 225055 225823 231219 242103 268989 241815 209401 245822 244785 242979 205002 249320 255662 220336 221225 249180 242162 248820 239839 264035 243645 250493 279350 256398 257389 217135 229070 248089 228865 234388 225702 244820 247520 214234 239095 255070 222174 233124 254136 249306 215163 229666 228436 231864 199269 260186 222391 236676 226548 259153 234141 244024 243604 215184 227497 235234 268808 238843 209019 218796 243267 240850 275128 244340 224242 215789 260026 228961 206792 213356 273269 213111 251514 260841 236750 235185 234572 231686 261490 255688 244045 234939 227648 230455 240543 232192 220922 240829 270484 
207864 213928 206767 231156 224589 225873 229429 218215 231869 236171 219424 229847 204237 219078 216657 232384 199805 225109 220344 226806 231413 198648 231655 245549 229862 221433 229043 229039 228724 220431 231890 217262 236703 255762 241265 232912 214736 211617 218603 213751 243985 204911 228836 237483 229583 223853 247397 217207 211011 236173 228426 214179 224303 209887 227564 189531 245816 226668 219438 211412 234640 222691 238533 241177 209731 208877 225976 251739 220297 196139 220980 227463 217187 251087 241496 210302 203671 239661 205286 203469 208683 244563 214558 241737 255743 209687 224202 219457 216400 221509 249147 227453 241004 219612 221761 234896 247750 221127 236097 242881 
277654 286053 256461 296926 282168 308177 255465 258811 284711 300874 298478 294785 258811 257359 295341 295802 259121 288005 284541 292610 279079 251413 310011 300740 272331 268121 282310 280954 305943 287343 306223 273288 286674 328015 295175 291948 259006 282462 274286 283630 289213 269069 282829 298361 266457 290341 319434 265394 238401 300178 299516 256532 267145 272772 297220 265026 288833 269338 291678 262404 310904 278674 290094 293625 280084 266502 287718 303200 262542 258761 269263 285709 288597 326256 314147 264314 261950 288875 261529 256653 263043 299061 277803 278119 308687 286256 277893 295328 268022 280864 308827 310331 292361 263459 282155 292537 296722 257161 317715 291595 
234852 240334 215842 263483 254859 263266 231459 248852 249420 250362 248854 246260 226064 240274 243487 269656 233312 239464 251229 249201 235875 213025 251339 264378 252716 239480 233795 253517 267047 249729 267744 258654 256787 286836 245300 235358 229655 268510 264234 245559 249608 220634 252860 247181 247947 251154 267422 245227 212061 265654 249433 251205 231712 245556 244465 220558 251857 251205 244877 247092 250128 250029 269508 260326 230773 233275 239688 248681 248898 234731 235671 218411 256604 280089 261310 238932 212477 253916 228556 224669 228682 263801 218353 259052 285698 256247 238679 252115 246808 257926 265152 265514 257853 234893 256564 246461 266327 234291 264909 271034 
225810 239454 223701 267223 246240 248395 243328 248443 238442 248017 259175 241765 230015 250819 234102 264701 245433 250204 250016 256573 248583 208910 263345 249705 258440 226520 251262 254113 256751 251826 279930 257293 260506 281369 265953 243457 241909 255618 251990 245663 232619 235092 251354 265988 252502 243511 278887 247506 220457 271586 261561 248663 247164 251947 246230 232331 257564 225626 240718 246637 279938 263904 261379 246915 236382 230610 270942 276461 254074 233456 228710 263312 248144 288410 263785 231571 244837 248359 219833 235996 237327 267290 245541 252904 282172 234054 248192 248852 246846 228769 274309 268519 254704 231941 245796 252475 248512 236599 272345 260520 
225002 246664 225986 250156 251315 253220 226371 250866 239096 249608 238070 246115 226447 235400 227612 255342 227039 247453 251505 260923 255853 215042 264827 255418 241399 221139 231484 239524 263288 252380 267021 246980 258330 265204 258470 245516 224911 242611 237705 247711 245973 218173 240509 258420 236961 247638 267109 241265 221716 262206 249066 248776 236331 242410 244063 223729 269087 246384 248430 242041 269141 245992 258818 250316 227570 222007 244075 248836 234692 211378 215215 254567 232316 262939 269508 232294 230543 258222 232540 216794 213881 258721 236735 257876 282008 244639 231103 235609 230670 237458 268203 275802 248868 236148 230422 257271 252886 218781 261824 263858 
233066 252411 207996 260617 252469 265107 233673 236975 236425 266022 269165 255548 212094 228224 240651 284678 226189 267205 251179 262016 236393 211120 251857 258805 238990 238930 253192 255267 260314 237956 265695 251545 247397 291169 272024 242957 225220 244408 241706 240147 244836 248549 255637 249669 259364 267336 277017 243025 218504 269277 242245 239236 249205 223299 238136 230072 257676 244275 246465 255323 276102 253584 257038 263767 236132 243901 244456 269725 248467 235762 227466 238410 239723 286841 252230 252473 232905 257727 223142 231421 224750 272712 226979 244321 282272 240677 243846 246991 244631 248950 265293 274870 245661 235273 243651 255346 271951 246853 269351 259908 
230926 225374 223150 248862 252828 250612 243175 234498 229367 236073 241913 225280 204174 250398 231816 267564 227650 231468 236601 254844 227475 222013 261905 241793 242315 231623 246496 243038 257852 244804 266354 251006 256130 287241 255441 241687 228623 241846 237037 235080 234002 227887 240878 273290 240621 236400 262521 230754 201713 249284 256713 233432 225343 249969 252914 216839 244759 211640 237757 231833 260171 232065 236389 255881 223725 223627 241769 258843 239090 242015 240887 235031 232298 276505 268047 212682 224959 247254 229349 227312 226646 266846 238773 261603 274281 236805 236155 234287 224613 232602 259433 256564 258482 211846 225298 244703 257640 229806 258896 238264 
220724 222783 217851 250058 236488 235652 241494 236806 229859 244301 215215 235225 215381 232596 226926 249913 217712 223403 247825 229292 225589 213108 243975 244416 225955 200258 245727 241696 247905 233894 245279 221255 251445 262297 260674 245452 221711 226417 246465 234385 241442 229193 238072 255528 238016 221361 250035 220741 214112 254966 241711 222542 220188 229135 237510 199968 242063 234528 237990 231149 249933 223829 251548 259986 217259 217506 227884 251422 250045 213264 213010 236640 224647 259529 249246 211355 205420 245655 235148 200058 210454 250117 241257 244383 264841 215200 226845 244943 227961 230903 254667 260606 250374 222774 224874 227898 253572 217165 232554 251778 
242761 261339 244786 273411 273961 266342 251639 243734 267614 270807 266895 255647 236968 266980 265315 274037 240935 252861 254002 273354 266167 232664 276519 272479 261629 236683 250795 244119 254831 263957 284637 249746 271838 294032 279028 273155 228419 262461 234402 253421 252487 244534 267295 284996 247949 265291 283502 253054 229118 263024 270123 248742 255431 246268 251076 233583 272066 268084 264537 253765 288135 260264 282636 281142 226075 247255 243165 267358 242618 227236 239626 251312 251894 270127 267977 246302 236724 275328 256219 242224 231723 280885 240427 289625 286050 269176 248134 262593 233262 252112 294608 283542 246964 251783 228529 266491 272616 262823 280587 281266 
221681 239218 215552 254059 233137 247707 223755 242412 235585 257876 244173 241518 219116 234364 231389 260973 240472 237562 241602 247881 242801 208779 267815 246506 237411 220384 250134 238996 250085 242742 268899 243816 242596 271859 260665 236964 226442 241823 257208 238992 250329 234246 244137 255802 234407 238280 260104 222976 205431 257211 250974 249263 245049 234279 242446 232374 246058 223423 247367 237956 262733 234354 257678 251326 236485 217971 245388 262465 229160 224803 221080 245220 240157 270206 250589 233129 218713 253770 240037 223520 221816 246695 228070 246916 265987 235782 231293 233941 223648 231284 261443 252231 242793 237049 230881 234587 259518 226537 265786 267839 
215204 241722 217036 243922 224804 258228 246925 245607 239484 258425 243059 237465 225110 237161 236376 256566 232576 229284 230109 253690 232100 208740 259454 249190 239697 243990 249658 245415 253936 218828 250031 241851 246671 268699 249248 232810 215698 232528 266319 227651 229114 218569 244977 253975 229414 248693 257246 216362 222614 251137 252866 224317 238135 226859 240351 225407 242017 238185 244486 236362 267697 241508 271105 247450 226560 203599 228484 264185 241492 226489 219292 233314 241163 285172 244670 233355 208523 243556 230719 206822 222834 268276 210054 256714 266670 229545 228849 231691 223701 241038 245201 253963 238427 212824 239534 223942 268918 221869 260274 258384 
225159 248569 199850 251436 251125 253856 216590 228521 237767 252019 231976 249416 216855 215506 238204 259733 212344 240562 245421 254801 244848 215871 260509 249662 243601 227435 231622 247090 265937 229976 263282 233165 225329 263544 272789 241225 217119 239334 229602 224236 257767 219602 224443 255114 217915 236329 260084 222441 208520 264524 249979 233463 228997 235206 251811 238434 250532 234594 228186 228999 245106 228435 251432 243566 228737 221082 236742 247492 216181 198234 223251 230680 234751 260872 248523 237817 224720 248246 220752 207585 208883 245771 232631 247651 250553 233364 236372 243120 219218 230575 249663 250944 248415 229610 216790 240211 262643 227729 256279 258655 
223580 236911 201625 253514 239431 243824 229832 217670 230452 253701 228750 229596 218654 222158 229635 257935 223577 234557 240339 239523 234759 203334 251358 240823 232577 208384 242445 235759 249085 214133 252101 247686 246095 268136 251777 231853 204923 218691 212181 227954 227885 220183 229071 236100 226500 234742 249371 226312 209107 250244 237912 226183 227454 219804 220587 198043 240784 241345 234164 239044 249019 231327 241530 252167 214216 201721 214003 246882 210843 207153 223648 235799 222764 277630 228152 220532 201848 264206 228655 210206 208606 251936 224472 238026 254896 221276 225897 224869 215194 229489 273478 238654 224572 225065 223825 239782 248644 216106 255890 242701 
222384 248722 213480 252015 239621 257597 235723 247872 239081 252800 242024 247924 228269 244304 237190 273504 242411 246065 251871 269097 232697 223861 256399 247517 247556 245036 238166 243661 265605 254351 265896 246054 265606 285796 266570 220514 222097 250629 263254 233991 254211 230463 246232 250159 246260 248976 253466 224816 226506 262907 259985 238443 239455 243223 245795 224188 246657 248080 242550 242706 254891 248782 248271 245440 241405 225375 240874 284812 233327 227169 245628 248876 235033 284044 268019 237941 223244 252210 242719 215836 235765 273732 222215 251780 274341 244924 245638 242609 239920 260203 256411 247810 256620 240251 239373 242458 260560 208744 260814 269736 
240868 238849 229022 278476 276960 263732 247772 259524 249446 253857 242165 268017 249630 261019 265518 279005 253581 243419 256141 272180 272592 217687 278946 258754 250445 241082 242307 254477 272919 255836 278574 257402 261664 285456 280552 267839 224929 259709 268749 251709 253507 234053 256661 274344 257622 253937 269343 247147 224705 271494 275806 238958 253372 241286 254229 222003 277438 241250 261972 250547 286494 262292 270729 267315 239240 229836 261914 273393 240073 221671 228068 263411 255938 267327 269794 248306 238532 268919 225780 220878 236420 265277 234337 259930 281345 246430 251607 267208 242366 258295 279924 269238 275411 237256 247711 261412 263387 245303 266685 277149 
234557 244456 219219 268317 255986 256381 239316 224708 240824 257423 247169 249690 224126 240114 248839 270210 247294 242611 253617 257055 246864 211567 260088 260300 252230 232597 237607 254748 262634 237196 263458 247178 246831 286010 277934 250658 217372 239194 247493 247175 246143 233624 252836 264402 238114 250292 270944 241194 221391 263655 258369 247992 248094 242233 240158 212459 243445 231634 258848 249366 276385 228577 245333 260642 231360 239258 244907 276354 247326 239728 232380 242067 252149 286427 270542 235984 224907 260417 231555 228193 230441 281477 247275 261495 282008 240256 233184 248851 225502 238651 262179 265378 254444 232261 228103 237576 275236 251025 270201 277405 
238030 245012 219232 262362 260085 262471 252413 252521 243867 248759 238126 235701 243335 235315 244459 267977 238394 233672 228008 248408 244218 224799 265757 256214 236183 231006 257580 241229 246183 249922 280564 233721 253827 279647 261490 264639 230273 262866 240636 254495 241814 237142 248229 255473 234582 248764 263559 233400 227621 258726 264354 237474 239392 244146 258979 225529 249433 242541 249879 228606 269099 236300 248514 256403 232041 225418 249920 267076 246835 232319 236074 231338 252938 274338 265691 222299 225031 248326 239692 210441 228708 274357 216335 270126 269412 242769 224081 247797 221198 247686 274687 270199 242017 231575 249568 238966 260106 237170 267429 254309 
229269 239704 211793 264878 251102 241446 223592 241128 234502 257336 253866 250281 226810 251980 236208 277305 218611 246073 251303 265621 249704 223951 250454 264513 253449 229986 248322 249034 247391 245864 279475 236892 245481 289059 261132 240933 227064 247036 253060 234510 254220 248113 264816 266396 245228 257233 272641 246304 221078 263837 234563 236831 238829 234678 247665 222849 259953 236618 247078 239964 258090 238487 263788 259029 234954 230216 242229 251664 242686 227337 213223 237243 238618 286079 257341 230596 223212 257726 229219 217863 231642 255922 229425 241323 276965 233580 242565 256726 235892 232223 259509 266121 253682 249878 246998 260418 262736 234695 266001 262395 
227558 248304 224193 260075 259220 251028 242636 241146 256195 241381 265939 243172 241013 250092 249570 279692 230057 251462 250166 259860 254168 210890 255582 261613 259622 237258 255835 238659 249791 245427 259574 242003 266470 280079 259192 255733 223145 245037 243451 251008 247776 229216 259180 263483 255887 241492 266748 239282 223498 239537 251579 241363 243923 248829 244153 227083 260978 239802 240228 245112 259332 250981 258120 260134 235447 231812 243170 270302 238355 222663 241604 236376 252144 266600 270919 238993 228450 266020 223572 231901 234667 272513 222282 267538 278458 250209 248651 245332 244310 246056 273487 259960 243469 230352 230523 250444 247476 240755 260239 272828 
246993 248379 237498 291545 267142 273896 254889 252787 249583 272287 268412 264380 227070 250103 262827 274623 243431 261944 251283 279925 240113 221083 294962 281594 262372 245382 272706 267469 285516 266995 280000 258183 264833 297083 278439 276018 245955 261237 252332 259968 242095 254982 262448 279126 252837 255432 275535 252705 229736 275278 278321 238346 250454 247343 271412 248028 266218 244717 266661 251618 285708 267223 276679 266468 258516 235990 257282 285928 250657 235726 250941 260673 254644 271177 277653 246175 232673 253430 248527 240584 239610 270892 240319 281833 280516 253699 261166 255494 243339 255810 288181 279861 277387 245987 260652 281422 275509 244413 285202 268048 
218897 214808 216931 246056 246752 233657 228159 214839 221518 235325 233606 232103 233982 231180 237231 248198 242840 213628 232704 239052 227176 189271 249359 247689 245098 209308 241712 225226 247623 237702 244230 236590 239530 274404 258848 230087 198042 245948 227790 230137 221830 209842 222578 250475 224898 225311 254589 216178 213865 250907 246360 209142 212641 232901 219914 216670 227867 228356 247414 236070 258842 228131 223799 236372 205548 221011 237220 246708 232808 219909 215631 229346 226712 262414 241769 216099 203786 240883 234170 213211 210188 254265 236018 244784 250092 230774 226694 240663 206922 226520 257968 237842 224554 213083 216406 232932 236834 230966 255608 241553 
246172 243398 247231 254286 253138 246409 245813 240760 257431 249783 246954 251780 225831 250088 248047 253907 240554 241970 222110 257291 246085 240227 268055 274001 268071 226186 260122 254655 258483 265079 273471 248300 281890 295955 264182 249534 238753 240317 228496 242328 241217 222643 245945 270655 241476 240313 275962 240800 231464 262550 258708 231139 256372 241339 243057 215520 256448 236732 237396 247193 265807 247532 251230 269606 248470 238548 243194 266114 235532 253645 237586 256068 240904 286280 274252 239523 234802 245076 234577 237530 242536 271788 236060 264233 280796 237945 237879 243251 239173 246017 281996 260104 249080 224944 245618 256536 253333 237289 269643 263023 
238849 263630 248684 284236 261099 268727 262456 244151 272593 282863 269158 275607 239122 256503 273768 276117 262784 255787 272020 274680 263123 230150 272453 286828 276663 254874 281552 273768 264539 268789 279057 258322 270475 307507 292141 269587 237079 267730 273763 259991 268609 245960 267229 290561 266901 275626 278751 262715 228924 275457 280835 258398 256266 266638 267819 233772 262195 257601 260477 248577 282740 260546 285216 285007 251264 241863 274239 273195 258503 246763 236848 270950 263797 304241 280138 251331 236855 285410 263442 232100 244269 297168 263204 290453 293911 261853 252537 271408 243645 253885 289740 286675 263405 247083 259305 263829 279352 259961 292879 289688 
218673 228646 217206 248702 220475 230636 213165 228109 228639 232986 230758 232468 201821 223877 221187 246410 229610 232161 231931 231025 217090 191388 244686 222470 220027 210520 243428 218489 242985 223544 239691 226909 231565 250697 239992 210256 210359 233920 222696 210609 230662 213739 226299 234154 229141 225022 237132 213786 190656 230259 253691 229770 209896 232298 239026 225212 219968 211047 227870 217273 244930 230433 242315 243185 207680 209020 247362 249251 218878 210086 216540 236709 233014 254073 235676 207984 223602 225955 218573 205780 202457 260081 225755 237570 242376 229740 231175 228558 198876 243265 244611 259277 243945 214787 210847 221875 230478 224579 260511 238689 
216349 231218 214612 243838 235193 236168 215415 217204 221235 252497 243831 253144 210603 230743 249734 263388 236221 231573 228556 244606 250097 205610 256827 249748 231410 219001 226436 238113 244010 240602 256108 241814 247488 273236 246702 233931 197044 238595 242053 232786 223697 226568 255216 242703 222655 238972 243011 222214 207409 242570 254089 223616 222797 229767 233978 213014 247307 228181 235673 222239 260569 237429 247739 251245 205997 212470 230079 255349 219522 223237 221494 252170 238729 278240 237724 221886 215667 262864 219734 212440 214674 261686 232524 243511 256488 231852 235723 237816 231015 233987 266229 248180 249889 222173 218993 245856 242168 225860 256329 248143 
184257 218016 188741 229088 235006 221680 210713 199422 213993 231730 240227 213288 205852 214994 220367 250069 197675 222818 224450 252543 229188 209400 237448 243588 221766 197531 222877 220551 228567 227482 245067 216577 231488 271476 237914 222637 196941 216990 217795 217157 217074 219520 240766 241268 222283 237593 232226 222417 211436 228610 218791 205693 207193 217514 205597 208181 234192 221454 218183 225489 252380 230108 232285 228384 198246 208901 208772 241287 219836 205851 205707 225242 217212 256169 237164 223599 209557 235174 207311 202802 212995 248713 196468 245101 263278 221955 229764 233292 230622 223671 244122 229194 214136 221588 216326 232183 223629 213495 238779 243967 
217156 227851 210068 243753 231820 240746 226504 229531 219410 235273 238933 238967 217745 218987 224121 249267 225575 240755 235405 234610 247646 201535 248708 245508 230572 230264 245470 226124 251558 245252 244637 243694 239129 264724 238350 232905 211695 226795 220096 232918 248121 216577 233801 239665 229770 232028 250441 222410 199190 256221 253030 230378 233378 220799 225477 212142 250701 213858 235760 237715 266203 232503 239385 241899 220383 215198 233481 265207 230546 219188 218731 255989 232065 262474 247557 215698 217616 238610 220101 210150 211802 261234 213589 240989 262337 220038 238763 226347 215749 240242 267291 235313 237465 223372 224028 243187 231420 218839 252683 242163 
231797 253426 222903 275895 250130 269465 243711 252940 271891 264843 236080 257991 228031 246375 257978 276824 252492 249065 255241 264531 250171 218656 270784 261470 257242 247220 244852 246609 273599 235624 276179 239443 267902 280646 274340 253720 232336 241552 263392 235193 261172 233313 271242 267703 250490 254942 292010 243290 233536 278903 270809 249720 248547 249018 245951 236857 257709 258638 255516 257348 263753 261193 270812 261931 251814 234399 262563 276185 250907 232700 239554 244837 266455 293016 278983 231886 234445 269289 248717 222687 233461 278572 248172 249854 293670 251994 243859 246811 250559 254862 284269 271369 265495 255689 248515 258883 273206 231195 269091 277224 
227781 221489 217643 244080 230756 235778 223956 225168 238327 242496 237634 230073 225360 239159 232487 242893 225420 230218 242506 246738 223663 201947 229056 253175 226334 232240 234490 223533 244185 239590 248982 232620 246856 278360 246444 240259 214767 212801 230787 231840 229728 222718 244863 250205 250173 253111 268539 214068 211333 262228 233482 227993 219708 211792 239316 224790 249758 244702 237081 236611 243459 221045 259525 255471 221028 216169 237341 247536 214458 201863 214545 219160 233165 262227 241933 227422 214555 236570 233667 190208 221099 247121 210182 234738 256069 224244 226596 229437 230828 224335 250108 247849 231042 233035 222304 235218 257733 225985 232878 244280 
193118 189742 188340 221429 224885 229962 200715 206870 209333 214699 221724 215743 184889 215350 206895 228974 213071 206997 213724 211733 214385 183479 216871 224026 213873 223280 220579 220210 223572 225124 239160 212970 234702 246860 222353 217531 188521 230460 212852 199266 210303 198417 225413 227794 214892 211414 232837 216463 186658 225626 220680 205068 220124 213922 211265 193055 217647 196488 201191 203790 230971 215113 218622 223742 206786 186434 201949 238090 209645 200197 202992 213025 210900 233645 231108 187602 203361 218099 200340 186988 193773 234043 174107 228865 242115 204660 192149 224222 198290 206375 232061 215597 221061 194296 214419 226158 212706 206395 227439 228019 
233218 228423 216491 243474 235222 242306 222859 232583 239489 245649 229394 231526 222993 213943 241174 254449 227833 239953 236370 263421 239860 212121 241050 248070 221898 224741 234032 245831 240062 238072 251771 243630 256808 255385 236548 240478 214793 235240 216524 222689 243821 199292 250809 247199 230222 242648 266488 226388 211657 250486 253812 224788 232558 224809 230886 209584 263589 238839 226495 235199 261291 249067 239057 266496 218944 238890 249937 251414 230044 223450 227814 228076 238851 267548 246415 234161 231097 240984 220156 219181 209736 259939 217756 253751 267126 244358 232277 242126 225290 245675 264578 246993 229359 212877 234443 248540 231426 212422 249438 261437 
234484 263287 220375 274389 260298 270591 262651 254632 264447 264874 253339 256391 242361 246454 258691 270400 256653 257854 256254 262704 250777 226897 269390 270191 270983 242317 248626 261803 276377 242778 275042 252302 264924 298504 290888 261686 240581 264949 239006 251219 267170 236770 260220 264579 259212 258199 278663 250978 240928 268403 268591 258066 258059 252886 246629 235852 259890 265102 250287 251653 291658 252596 262989 270702 245752 232097 256523 285387 248908 244666 256146 259962 262734 289800 270197 242442 241061 275211 253362 233615 245259 277621 240695 278023 286731 250017 249547 273524 240113 251047 272989 267193 247602 240517 241406 265153 272698 253165 268291 268686 
223651 209637 204563 247939 235795 236065 239545 232817 235333 246360 239309 234926 204416 235800 226883 255579 224342 235986 228359 237648 225288 210165 272660 248738 241570 225173 233486 238894 247988 222838 259250 235089 244847 267308 237936 233955 222700 242417 231430 210922 230463 222336 244124 242915 227792 232981 264287 231003 208715 236022 238869 227684 235826 225164 236781 229478 229668 227474 239833 221418 252075 241983 248772 249855 218955 223865 232912 252120 217141 211955 221861 227750 241081 271179 243535 212824 214017 246570 220513 208026 222602 238051 217089 232512 259801 219970 224781 229634 232267 234018 260201 249857 244973 215189 232980 252712 250172 221294 258032 241270 
215492 215946 187725 218360 221918 220556 213082 240372 217335 233516 202721 228828 210843 209357 227568 236510 206470 212541 214271 247640 217329 189486 236725 246376 203250 199265 208279 226976 234392 219846 241753 215256 227662 247119 236923 227927 194585 211055 219243 210308 212063 205753 229565 228249 209927 227751 246531 214320 201131 252932 229965 211824 214389 211605 211516 201376 234016 223005 216985 221879 238423 218632 239848 235032 209934 205934 228878 223727 216689 193988 214127 206029 212537 237097 209908 213350 204575 229130 199011 203852 199342 228691 212375 230091 243113 211597 231108 216081 209249 227838 240386 247425 232935 223263 225338 227527 252291 199412 223789 238400 
233954 256373 242697 273019 253091 270963 238709 234683 266527 248951 260653 248392 245647 230017 245098 260500 248862 247819 265864 274549 263895 205823 261275 267729 263109 239693 269428 249630 267389 250211 270753 264399 270261 288200 288490 266714 246392 246895 230275 249531 252478 230918 249735 282067 250021 255412 286291 247092 237617 270384 271046 250283 245723 260873 243788 223530 272602 240147 242411 262241 274969 255818 262608 262085 248588 237898 261698 282080 241713 220395 244069 254782 259829 287249 268220 230633 239530 259332 233138 228251 232985 282628 248922 258029 275809 258695 244745 243659 227667 239792 291439 255321 255883 242025 236123 256734 260931 257518 266528 266652 
226015 214505 205969 251625 242286 247417 237489 220793 245071 241675 232530 240744 221241 228046 234035 257341 223621 240206 247979 245896 236955 211063 258804 243906 240768 203838 221166 243928 266831 239282 253408 239789 239332 273058 244771 230366 205940 242571 241666 225453 232121 219372 236717 255944 239434 236550 256274 236401 209420 237137 254940 224200 229059 233587 245193 203299 249962 237848 232921 243108 258183 237717 240199 253036 229901 221502 235868 259655 220794 214733 212047 224338 230149 265633 265114 234057 227583 254116 211440 208648 226604 245057 232416 258107 268148 235389 232269 247883 212657 236982 249703 266723 259848 221691 233130 223031 266070 219863 255217 255888 
216053 243072 213005 256606 232533 245440 230693 232770 240500 262777 252552 249221 223365 226851 234956 257797 237170 237424 232288 257599 231469 212633 234108 249134 245839 224980 241906 235649 253976 247702 260537 237751 243247 271196 254713 220275 224653 236092 232318 222534 237785 234209 221874 247149 233308 235306 256504 222609 215559 251812 237509 222637 226323 235176 238359 216835 247173 232163 244757 235590 264013 241594 236716 242640 224200 209696 244951 254496 222999 219163 219966 231539 229458 285343 248574 240207 220199 243694 217983 209019 208593 257461 219856 246075 247611 228161 232609 244371 216231 228172 261222 253330 243782 220561 222403 235312 242116 228738 264232 246249 
238968 250135 214748 268955 259810 264936 246495 244281 268884 247426 251847 243114 235256 250690 260286 256676 257149 238838 254085 265941 244072 218560 272372 257863 261583 233695 239805 250332 277861 245979 267167 235785 260564 299020 273809 236265 221225 253125 225521 244378 253577 222954 249270 271495 249772 264570 278294 221481 238327 279932 267865 239845 231886 243247 252807 230315 272165 266625 245298 252045 264329 247402 256821 258053 249642 225699 246124 272054 239461 236971 245871 247044 254161 271708 273083 234063 237990 257780 266513 225762 251989 275342 249079 266198 289580 254137 232269 258256 229603 253657 273985 263052 236833 219989 237258 257782 261819 240592 262140 257995 
215786 228541 211513 250551 235396 251610 235410 236755 249268 264431 238846 234402 243639 239806 238354 271751 224469 250503 253488 257178 229485 216212 256493 252205 232158 221009 251441 247584 260330 236499 270872 238796 264210 262971 266013 251490 239339 239986 237920 245912 255103 229239 252101 267352 241676 231581 278137 244237 220689 244139 243022 238978 230396 242966 237539 225463 248063 237772 239351 235034 268273 247060 257303 253513 233688 226648 243324 264348 221829 212797 236136 245546 243818 274355 245316 230119 233105 247996 227031 218628 217889 260804 232715 248369 268760 245405 230606 255510 241196 239695 269434 252736 244160 240563 245868 234911 259087 217976 260682 268589 
222153 245961 232848 245999 233604 249643 217380 234616 243985 264740 262526 258596 227653 233347 256867 264258 248947 237730 236915 270639 236961 221120 257130 261870 234892 225332 240817 234832 242510 240972 259714 246448 261473 279205 263117 235889 213579 230962 247532 229303 249897 227955 265907 257079 244936 245865 252721 231280 218429 265952 246272 231634 235323 231139 226849 232537 251879 245809 256418 229490 286472 248007 266226 263279 224991 237728 244860 267436 240573 242470 236215 242983 240514 287279 256849 236717 213442 253012 233927 234814 225845 267054 232468 259268 270592 235639 252148 247694 237219 255708 268028 268999 246661 243789 233630 249743 261865 225661 266734 262410 
221481 221398 213389 237361 239746 219259 221369 222426 223457 228993 229628 231378 224729 230639 218170 241452 215571 213270 229947 240180 250834 208439 249999 246563 225395 220323 226388 216874 250950 237396 246318 235764 249059 274921 249389 237823 206059 238164 220782 234390 233952 219306 236665 230520 236709 225059 234383 219595 209239 249668 243627 225781 224229 222832 220589 212813 237022 235173 230731 231180 252467 222678 223713 238577 200487 219765 217718 251691 218932 214050 216632 238107 226259 263943 257486 218637 198515 229867 228531 182306 212916 253325 208267 244621 257999 226048 223996 233832 224687 235495 260667 246386 229339 215475 224806 223644 246612 230537 227974 261097 
237621 272703 236829 278664 265082 267365 261305 255260 260991 266619 262352 261190 223348 259579 262333 272201 266769 249219 264321 280250 256135 232722 284557 275911 256531 258929 279517 245802 275002 263722 283544 264888 281582 301688 271558 265339 247830 261681 257005 251899 269350 262166 265262 282169 262752 258286 275276 247078 226682 286413 266995 243185 270097 252821 261176 227855 269251 250885 270426 260877 277472 259421 285077 269767 255013 240724 261058 280183 266835 237453 251602 267030 267629 294137 282212 246817 239477 254735 255109 239279 241690 292259 229221 282043 294348 256937 257306 243241 241092 259475 290678 276670 276078 264019 264277 273067 266933 258320 280641 269134 
219914 238081 207013 229949 249392 234418 229575 233344 236908 242256 240740 229178 201069 231057 237086 261262 231181 232640 238221 251704 255439 216005 248513 246388 233569 227749 240131 224535 243976 226596 265208 239981 260576 272597 249395 240819 219706 235814 226729 230677 245202 237201 264378 248880 242994 221482 269197 244731 223069 239996 239945 214760 232060 221670 229732 215760 235321 240532 234788 227728 262798 237440 247005 248083 216988 214561 231875 251353 245801 232002 226923 238301 240451 264952 267884 226788 227037 236572 221204 212335 229943 259499 199058 254215 274361 232753 218536 255605 232892 236311 253539 270338 241160 245383 250300 237871 235014 220632 253469 254014 
234406 266497 234882 253001 261193 263231 242236 261998 252764 274277 247535 269749 230145 247675 250316 288891 252574 258153 254738 284336 263049 221796 291383 274037 264228 231277 263987 251349 271985 238022 296465 250620 277030 291322 295714 259347 236671 265640 251046 252912 266037 255553 271635 265719 245842 255035 278685 259703 238265 275276 270632 251977 247577 250570 254919 245012 266365 275202 252991 258910 270568 263723 288496 264703 231131 241434 265093 279176 262774 229305 246800 262680 261117 303438 258131 245991 231399 282531 245207 235947 250430 276501 252980 265502 280948 257990 266660 261246 257787 269304 284069 294110 266464 265308 271542 278855 279096 247557 288287 278422 

