234031 227275 225430 208219 197242 215899 212165 227089 242409 258099 222646 228781 218504 210759 229907 252765 224537 228531 216414 228869 225024 227073 230301 230303 243440 230964 246428 207689 209782 235849 224424 234904 228511 218523 221048 257373 236416 238403 221376 255700 207445 229948 216025 212967 215398 227427 217583 251778 240577 247856 220718 214446 211159 228160 217233 221127 236306 233018 224048 250771 219488 209997 247808 213005 237508 229470 225365 247885 218751 225491 206591 260405 204815 224521 239020 224678 236681 253453 231143 240406 236272 234866 203947 215204 240521 228966 228836 240942 238633 243224 219168 243712 214798 255711 210883 224046 246143 265721 238714 229759 
238631 230445 237948 236572 219078 226247 203229 213777 235035 249169 240017 236024 220531 237274 242184 260621 232047 249107 229951 239828 233056 247040 244881 248759 251349 219986 245027 223840 226453 238664 219063 232809 239586 243842 215941 272471 230791 242038 223601 277810 223451 240947 229367 239115 226330 251352 236768 243087 264589 252502 226184 238667 232376 247028 227997 245406 242833 241733 232034 248471 244896 226770 246510 226106 232140 239097 236001 259513 212692 240969 225237 274170 210078 216844 247527 245240 240745 244990 240526 244593 235907 229709 206478 237521 260060 245729 242825 253219 235184 244039 228712 247288 219975 246281 222771 244755 252897 259372 249957 240801 
278403 262278 247916 255313 217050 249439 238612 237228 264232 265268 276671 227742 238460 239855 250837 286685 236316 257988 238954 276112 246406 271036 238328 245689 273385 215866 262509 223791 232528 258073 254253 244258 242577 247994 256706 268679 251174 245106 238169 259018 235939 253325 243845 242351 265502 252848 231249 270403 258024 277614 223440 234539 224567 282713 239357 254470 266289 246223 264443 253141 257766 240852 268704 252613 244563 259372 252128 261937 243852 231379 239727 272254 229807 239649 264281 249078 264392 274952 244357 255675 253969 248151 227626 235631 255930 240505 263356 266137 251173 256043 254804 266581 233507 275360 241028 254076 281892 290789 250696 253660 
269157 242652 243772 234726 213884 255366 211681 232081 284718 269150 258940 245393 231397 242602 250501 264319 244175 251267 225697 249210 231242 260146 230382 261007 258464 232778 267623 216045 226277 234158 247578 240635 237104 253782 248416 274794 247304 255866 241472 297871 224741 247658 240967 241467 228229 257406 247631 249799 270547 267418 238402 248952 235775 242763 229888 234677 269887 253449 225154 264907 248918 252486 261869 241742 256194 238281 260477 275851 241547 238873 237792 263702 233642 238903 273715 244950 243190 255562 246377 242359 236910 241186 226983 241604 256729 243865 250284 285269 256719 249843 242965 263183 233502 279473 238466 247390 250622 280957 256916 261493 
269228 254356 261718 253723 217241 240656 245307 215951 266193 265600 258716 248807 240801 236900 255157 268054 245963 267442 242640 252618 234039 259547 251487 245798 264090 241070 254425 227917 238208 239578 256649 237126 242950 244072 257328 279618 257481 265444 243184 284062 235204 248622 257342 250089 252745 259697 243631 278186 272229 278923 233250 239651 233399 259170 228901 242981 256111 237054 248639 249983 237348 244107 276768 251516 256682 249282 258457 271123 238288 251699 217116 275486 221088 238468 267175 247934 246037 274696 247075 265684 264873 253047 240046 252668 249811 250168 263981 258823 249975 249967 239307 279545 244960 279072 236237 241598 262343 275173 267206 256903 
225748 225232 229974 222047 193839 219477 195583 223366 228703 254331 226326 233098 217681 203921 227300 255361 218702 236777 211164 216070 235072 227993 229915 227041 237530 221647 233846 207944 217604 229995 218040 224299 237775 222454 218966 250560 232702 233105 195409 260333 229108 207641 220457 229215 218809 225486 215795 240589 235460 231759 218140 215808 203904 220780 189284 221399 234088 235698 224827 242236 221015 226413 228492 225994 225628 218238 222579 250709 219045 230932 222481 266252 214347 195030 235889 213659 226005 242225 220292 224465 220451 229677 211058 215724 235976 219610 235632 252186 238375 236022 211961 240678 203388 238288 210362 235774 238253 257722 237866 228739 
258584 250730 255025 230638 217973 239241 225766 252421 257645 253807 251952 238254 226334 228096 244042 261474 241202 270897 243921 251946 236893 258996 243929 244751 246641 233497 262444 224866 227672 257866 254892 232822 244236 246645 248152 271111 252939 251864 232594 273551 242143 238571 248520 250677 233144 261104 253821 257017 262820 259685 236999 243914 231618 266351 238181 239393 259622 253630 256756 252486 242954 249832 256403 235023 244645 260594 249778 271856 231741 252727 244208 267565 233423 219738 285443 249305 248495 261376 249288 259134 259780 249959 229023 233039 259326 241611 250704 256692 257892 248941 241264 253016 236694 258223 227737 248731 262667 280385 254730 264463 
247836 238492 242418 247170 200482 235636 214534 225912 245055 258663 217069 222837 225189 228123 239549 256221 219247 229371 226486 218645 236094 234566 227160 229551 244607 222825 266351 217284 227688 242394 232314 229051 222767 217502 245124 255620 243348 224638 224020 249988 197507 228493 231426 211068 231210 249677 219984 254161 242670 248773 239906 226907 215621 245334 224228 230619 248061 232476 226954 257321 242254 228968 257204 223385 235903 238657 228809 239387 210699 234478 217891 257814 208342 234000 255030 232105 231006 246999 231301 231963 222992 237844 215262 238673 240557 239476 241310 259327 226731 244223 232962 235876 209079 263253 223890 232685 239100 273535 244450 258812 
207253 208690 204646 207212 182293 203775 184430 204186 219401 237313 213550 200730 203192 204028 213600 226615 207105 210134 195315 214591 201168 228581 199103 213585 219830 209283 235208 175180 209167 212831 200118 207382 197996 200693 206989 228548 217073 202817 203345 239901 192611 204150 197660 194868 205299 208986 203153 240940 222955 218976 211122 203838 196371 225354 192339 222796 212983 204832 203942 218075 227345 209529 227850 210878 200742 205139 194124 222965 192610 213819 197027 233906 210050 201447 225441 204138 214329 228963 196112 226525 208731 201403 195504 209885 210138 197136 221878 239505 212250 212803 205782 217872 185493 234557 202878 213503 221872 238227 212246 220716 
265826 252816 247677 240598 214398 262867 228491 243936 260919 268559 251638 249044 244976 250028 260703 268781 241813 258278 237860 245585 245398 259742 239007 266535 261266 245522 277863 234604 262327 264151 250899 251757 241900 242178 241601 272679 266530 247776 240645 296462 247669 237520 250873 247180 242030 268100 250723 279450 273007 278454 237691 240283 239877 260789 243418 252136 267639 254149 237983 268740 254824 258132 273538 249483 255403 244357 260473 286571 237830 255657 238732 277813 247910 233194 295995 245917 275715 276140 242450 270780 261546 251917 254525 258826 263635 248825 267610 271229 252032 254599 248160 258439 223956 290179 241670 249472 271812 299299 273303 255995 
253265 240697 236499 246966 201266 220157 222154 224190 255291 259097 223121 239833 231616 216068 241582 256377 240898 242461 210394 227986 219629 237866 214830 222578 237284 229336 231879 199604 213539 232505 238800 216860 238468 213231 239420 254193 243548 216939 226496 241424 225551 235027 229847 215196 233655 247197 215523 251220 240562 240354 223686 219868 221442 234622 218908 237654 239521 234913 213862 236818 238645 227612 252006 228448 223755 217392 232579 248542 220420 251646 206459 251383 227216 215281 251641 245904 243764 241427 234025 232993 234029 248430 204134 201035 222738 228418 245688 248363 235559 228381 220439 242358 207042 254009 216585 229514 257479 266484 236282 241695 
243793 249834 236894 239023 203018 217553 215658 242138 261975 247071 238167 243477 229131 223009 238764 266807 227841 247700 226858 237997 238809 227891 230581 239011 257090 236697 248560 221334 228063 249251 239865 236943 236673 241856 237183 265909 235729 230995 229858 281369 219171 243998 225767 246199 235680 257444 231326 247632 272158 250697 228907 235918 223766 246922 234531 241237 243490 245143 235205 252900 253119 231395 247023 237086 236994 239718 234051 261131 227556 240637 231397 275550 223039 227118 253084 246505 255389 257306 237313 234822 232294 248175 214351 229999 258555 228687 259186 257771 246183 248407 219893 257316 228896 253181 233468 252029 249381 270475 247600 251511 
273525 251889 267272 270393 221540 252388 235081 239120 262489 274304 271677 246225 258843 249743 270878 267727 238207 254788 243539 243845 245548 259868 239003 261241 277068 248053 268026 244549 256370 258394 254838 235641 243578 242411 265254 300500 262610 263543 242247 273340 241054 256240 265604 270545 261009 277128 260798 277550 287508 270638 257659 246591 240487 274562 246467 246583 263672 268015 245763 278883 266098 264164 269788 244991 252374 262861 259099 278447 243030 264008 227600 267691 245945 246487 286413 255263 274417 267558 258211 273246 264288 253256 233506 245994 266658 263479 274047 272687 262740 252919 247970 265543 230659 271324 237526 268449 281258 301870 267555 272182 
263339 255593 256581 244969 213320 249215 219994 241178 250115 259155 238957 255466 239201 245367 249948 279102 241227 251223 240321 250069 251407 252917 247101 235480 258283 244456 255163 243535 225667 257127 245630 239409 252578 236807 250258 265333 261208 248369 225754 264250 227743 248144 240614 245459 247434 256886 230664 271947 251878 271195 241298 234167 230883 257397 237355 249368 249564 247801 223146 263567 247995 233608 259908 248845 240265 249032 240153 262640 231728 261930 225150 269883 216254 232805 263398 239351 259179 254854 242134 257145 242505 251082 238283 237327 256042 247540 258596 247430 247077 251433 248230 256864 234384 253811 224874 237728 259041 297968 263769 258187 
265984 268331 275119 262476 234037 263038 247532 245963 292428 288337 278576 265098 260069 254180 278864 303638 243662 270990 251396 269249 256087 270214 255103 266764 274491 266353 277640 245613 259297 258641 281070 266615 248615 265038 274875 298482 275333 257847 276316 293920 263196 271231 259373 255894 265330 283449 251081 295818 273216 287212 266534 263127 248798 281059 251595 279403 270566 275705 263807 277771 268046 255134 301026 269366 283400 246120 286905 294398 254510 251078 249426 281740 231023 273775 301584 261907 278034 297832 253310 280092 267730 276815 249597 250241 278812 258513 289247 280618 271539 276512 262333 296983 254516 298037 261845 270579 267897 312220 288139 283952 
282807 273346 278534 279484 239927 269210 262286 267610 290903 290203 270305 266293 257822 256062 276820 309223 265933 274107 260942 280689 262972 290564 272672 277618 283686 254621 296416 249502 267207 273097 285284 270108 279487 265305 275586 304566 281986 277268 256312 286066 252553 273124 276195 273426 273037 284161 258260 296488 285195 302325 266379 263122 241639 295422 259245 290459 270989 282952 279256 290450 265260 269475 301688 278129 260784 275276 272024 283514 262498 272319 254397 303317 256396 258643 291175 256356 283768 303781 270713 278423 282712 281106 256989 266473 279613 279811 279672 282255 281378 269678 273588 300291 252033 298288 251550 267238 298346 325210 285661 290223 
270536 271555 272350 261991 225682 258035 254853 254999 275470 279383 249830 276174 250408 266020 274609 288095 255950 268103 240047 258467 247928 281172 268537 252850 276661 251872 276164 241784 237759 267545 256034 259578 262096 247569 273861 301278 270252 256556 257118 281274 241911 277478 268458 265631 269384 268889 249291 289712 262779 281533 259769 248132 237940 260961 238045 248182 270543 274074 264141 283100 252252 249845 305468 255329 255177 258278 262996 298237 245241 271717 242368 293833 231212 243325 288320 244392 250719 282815 253316 270805 274989 274071 244047 260471 265762 263705 270254 263241 266565 256989 261128 282339 241321 278888 243887 265452 274267 303710 288170 279119 
275283 268870 268334 272463 252620 256365 247218 245168 270839 281933 262107 272396 250833 233577 285963 278441 254603 278720 250457 239733 266891 277418 258831 262990 288231 266845 275428 253097 261818 270322 264273 255708 242287 258031 263942 296870 269896 263878 258277 298719 258164 246421 263844 265999 262344 288099 260146 276134 277901 285579 255817 256030 243890 277173 250300 240005 281205 278613 260916 275703 285163 261368 284392 257375 271627 249799 253705 293765 245833 269786 243737 280591 249787 259760 306389 274953 275025 272219 254467 268300 253207 277248 243273 268635 284152 294816 277502 282543 260441 273150 261688 276949 245602 277940 231548 273148 284929 299845 271973 279345 
256757 267611 255408 249794 213803 239784 245381 225680 273321 277612 246833 236408 255295 266897 255611 268715 236186 267137 226748 261107 222943 282634 261505 265950 270058 252104 255534 220532 249302 252947 235176 238537 250744 241133 273086 282824 265773 262204 249227 286958 233492 266927 260570 245204 245984 265485 251611 270040 279690 262354 233946 245203 251036 244837 247198 237316 259950 246333 238245 269713 249574 244476 280177 240510 247316 261369 242685 278623 232644 252123 227275 270633 231227 241425 282988 246912 253547 275546 242488 256046 252303 249165 228149 258914 254163 242437 271599 267413 259680 253141 254483 270761 231803 280446 225224 248705 273792 276030 276765 267010 
273305 269208 269619 256075 232895 264901 242267 252386 262800 283679 259190 256965 255163 236457 268461 297557 245774 261280 248964 267621 255879 285918 267844 255158 279618 249227 249252 237034 239639 261549 257599 254436 254087 257576 265399 297496 262107 255732 251353 279838 252337 259348 255156 250902 266809 258225 254015 293320 261041 295402 243999 253698 235090 259457 236552 254275 263516 255474 243836 270238 261359 244078 289296 245347 260553 262480 255318 294726 234929 241431 242244 286121 227547 242423 301350 256578 256184 286321 249593 274778 260343 263961 238095 264903 266165 258210 263151 272788 254963 274204 261648 270178 240341 281126 240057 266651 280022 302269 270750 264566 
267917 248234 261969 271405 238932 236797 244635 234049 257903 268336 256880 254468 239806 248939 277262 287181 268307 252908 233858 243739 249555 269022 258870 251922 277433 256519 274138 239416 247620 263801 245608 250073 245591 231763 262297 285009 262771 261327 250596 288670 242436 243150 239300 257937 248455 262229 247553 282526 259998 266755 256031 250308 236354 264497 243125 249682 252127 263623 250170 250900 258449 248999 272702 258232 243375 246241 259057 275816 227897 268115 237216 281204 238223 246292 275579 252190 263403 262329 251622 260768 262560 268836 229492 254197 261217 258721 261507 266017 253127 256619 255348 262478 232809 270649 233781 270989 252873 290552 253198 258883 
256238 249369 271351 248827 224537 232094 245011 239881 282977 258422 242956 244755 231305 232822 267164 268931 230769 246877 226901 232847 234540 261287 230708 237061 260221 236936 273830 220611 245047 239492 254620 245297 230401 239018 250133 272818 271712 242976 241444 278853 231741 264894 255961 238765 251379 260228 237181 257458 262710 253211 249601 241546 229145 252667 231025 237834 254219 256706 253272 264847 241779 229363 288557 239606 251159 242248 250280 277164 244872 244618 221672 271101 224125 235154 284099 257509 245854 267472 252413 241719 254165 262515 221077 229733 260775 247287 255836 270032 259802 260226 226082 255034 227699 261030 215411 262363 255977 275416 240721 254853 
267797 255153 263181 252501 225584 240071 245972 244789 270724 277790 258890 259162 244364 232033 274783 271044 253403 251642 229661 243415 254281 272718 252579 254217 271619 255615 273327 232168 250491 262410 264728 247659 264016 242582 261611 275816 262887 251201 233906 270760 251831 251861 257325 254692 255822 270253 251742 290968 254320 270075 249064 242423 227966 275895 241207 258540 265142 267462 241583 279574 263882 247369 290211 254744 252890 252094 260394 287536 232402 275670 238544 279302 231066 241344 285770 242239 278692 263994 259344 262360 263114 262425 250979 257108 265499 269126 270355 272596 259202 261457 244308 272077 223479 273383 227521 265932 274454 303300 263345 272440 
272715 243669 263264 257682 236285 258829 245787 243730 278921 274700 257409 264207 246533 253300 266270 284766 251813 255327 246448 261705 258686 260611 249220 261407 282093 228799 266975 241501 245200 258707 243606 254536 245770 258798 253032 291706 267750 262124 243618 284525 224346 247903 249580 251569 270950 271131 240882 295506 264075 270682 271461 257478 237540 275908 234294 256749 272782 258423 256070 289693 242927 256992 291675 266440 261596 253146 254497 281458 257729 279230 236408 277042 226904 240797 279549 240921 279172 274947 247799 268403 248131 262846 250323 260670 274361 241394 264092 278136 274106 280683 237659 289019 254102 288106 252554 280818 257118 307197 271439 261737 
289122 279756 278898 267463 238642 263077 242100 246748 298507 294535 277589 268949 263241 257264 284316 301960 258847 280981 253337 263554 255793 289706 250481 267701 290225 256235 283320 231578 265143 266837 276045 257655 246817 267625 273514 303100 260639 260601 261083 293987 250656 268674 266253 260364 273490 270289 270516 279931 291825 302437 265456 254871 265681 299387 243029 261624 291741 269207 254208 285758 283605 266124 293625 266502 280405 248244 254869 297174 256948 265910 244149 277695 243571 268329 282192 268925 278262 294545 250339 274414 265483 261819 250281 255174 272913 260953 286368 304092 273846 273863 268800 288705 248415 298931 268450 275418 281460 304402 296455 290448 
279743 270214 286227 263922 224183 244240 250982 240431 293017 276940 263761 247296 260331 245523 265454 279675 256535 265242 237779 255140 236025 277120 245342 253466 266861 241179 272827 227101 239079 266153 271223 248792 261659 250452 271269 275546 268878 265286 240240 274119 238680 278071 253331 257338 266573 272120 267591 274158 263859 272719 251331 247148 251175 269272 239803 251553 254444 253840 247137 277875 255805 243233 285945 243041 266974 260168 259288 284780 242916 271115 244088 272331 237735 239831 278696 259328 262335 263730 255429 264506 272460 273606 234012 242253 256737 258119 263650 280928 264946 261102 248879 264287 226373 274866 236619 255633 273002 283822 274760 278599 
253088 250598 248202 242806 205793 231082 213626 240640 257844 252967 236874 248205 236539 237807 239981 286175 214089 233401 227781 228981 237235 243069 245311 249683 267331 245518 269537 227968 229267 253919 226084 229103 248273 232311 258693 270769 230153 241729 230826 269419 220208 244224 236900 228853 238445 229472 246145 257801 248697 254011 235028 216173 223606 233516 236294 233853 247660 250714 231773 275013 243769 242537 256499 236878 238414 233115 238917 270784 238270 251507 228388 271888 219873 235963 259203 232747 259295 270606 233168 233056 239861 247633 219677 233571 255083 233331 256711 255255 247223 257277 239480 266021 212707 273186 229830 248395 254773 273610 262611 248550 
230685 227710 228378 228188 203296 234907 215192 229353 247861 238512 221785 236855 232093 221080 238321 240690 232385 235574 225906 234459 234752 229115 226343 222481 233897 240180 247784 215069 203553 223540 245484 216599 218600 212732 223860 245796 249452 232536 227279 250415 228793 217427 216895 221257 218577 238847 228856 252472 229413 252650 230104 197710 214541 236999 203740 239118 229258 240878 229800 251342 236388 225548 250508 223244 244191 223632 234826 255488 216480 235895 211814 251890 212480 206219 256466 229200 227899 237164 209659 231801 233937 226051 206791 213954 232361 231764 224459 244786 220748 231271 216485 234515 209316 242222 211789 243811 244941 271379 239941 234174 
263084 251099 265192 270642 211829 253879 227116 238350 273406 268920 232456 244727 243528 242959 251521 262485 229995 264058 228140 241435 232658 242896 233583 246697 257103 239500 256948 234600 238938 242239 258753 238822 248872 224532 255923 270520 247061 240651 253749 273905 226259 262719 248064 241718 239269 257437 253115 270807 273995 268245 261471 237062 239290 250705 223238 251920 262101 244388 243447 270133 255477 233776 267463 246436 256438 253966 246363 263753 233390 263829 227338 279340 234573 232349 271035 248712 262754 257096 244400 260892 241446 254755 216951 227056 255360 246129 256880 266250 262384 229748 243180 261122 236962 280139 237071 248292 263937 292856 275728 265438 
260837 254683 257781 259956 217726 254800 230942 243614 275682 261507 238566 252338 241042 243928 254636 286922 258602 244299 233932 240753 250317 255530 247076 244035 258236 244047 295435 240897 238707 253001 251681 239434 248298 235038 255072 271670 262148 250179 242761 292206 232666 255895 240487 248014 234203 243548 243014 269977 267082 279336 249782 223190 238884 253182 241546 244939 264073 248298 239664 282695 250847 243350 278408 245709 270409 253562 243906 273234 236845 250475 227953 282759 235394 236934 281601 240651 259986 266502 242515 251158 253593 262108 256395 240614 264740 258510 264315 287311 259936 260462 239178 254061 223412 287575 236440 255469 275498 284265 270936 272292 
259010 252075 251140 245140 205054 237402 225936 232896 258308 274558 253072 240306 232556 235106 243630 260605 225522 258288 222915 239233 230371 270585 229385 252118 253111 242848 259615 209030 221431 239735 244424 228387 240011 238148 239532 270503 252136 251916 232735 270698 230342 247329 241488 233861 237916 246038 246142 255739 260030 251319 235607 230710 224813 251155 209295 234119 240135 239913 241543 261302 250326 230540 258284 240692 238693 246331 232087 264325 240595 243080 216145 250051 224045 226435 270940 239692 254970 268913 242212 252871 238517 241431 218487 233620 248921 226899 255744 259414 244534 258105 254150 270100 228180 261903 232281 242642 259483 272382 253664 238803 
249653 233496 239227 233109 226196 250132 217349 234745 269233 260936 241760 223943 232387 226037 240890 254571 235013 243466 244575 243765 222057 262668 224126 243262 257258 233326 270635 202262 230551 250810 236142 234790 237761 233268 225884 255235 243992 236342 215554 274080 238607 232122 229246 224295 225851 240396 230311 261529 253485 254585 215173 218567 224551 260769 232595 229412 258760 224747 245571 255719 248673 229081 262763 232759 252444 252365 234875 254123 231054 236761 231259 269498 217052 229659 280636 240071 252655 252639 221359 245344 246881 248230 245313 233476 250898 240562 254490 276802 250612 248521 237711 245418 215292 258970 219709 250077 246114 276265 226070 244007 
240539 246672 231677 225652 213926 233576 210278 223766 244657 247998 233904 225183 222598 214860 232216 255884 220326 239388 220140 230559 213775 243917 209833 239243 257882 236810 250900 201439 229139 236538 232608 247326 220576 232072 230642 250151 230225 237035 218473 261122 211688 238686 233025 214047 236409 242441 207363 241891 241507 247024 242583 239612 212911 242517 210407 222349 247408 235181 234094 240442 241522 229279 250131 214273 228695 236581 230767 249850 226861 238422 215182 240994 215784 236912 252127 242238 235785 256109 212920 253340 227482 237797 210157 229962 227641 228590 241065 256122 235898 243305 228026 241314 227839 256993 214364 226042 244573 277436 250043 258648 
257804 246118 255269 232029 216523 220249 227828 206667 250409 254037 249857 241047 226161 235046 257877 253119 252482 249915 228647 236879 247932 249436 247029 260089 277721 232720 254277 222310 225909 241462 233814 231093 253493 243542 232780 270096 244955 248411 234218 264993 231104 239419 238299 239731 249813 265727 234323 245126 249074 259076 237613 228416 237173 246584 230387 223283 252136 239281 221955 258153 244152 244641 270941 222425 251339 228745 235135 261671 224026 255562 225889 260975 221437 225874 256368 229186 261493 238155 243494 253600 253101 249147 232594 251164 242629 257929 253328 253639 249603 247526 218395 254351 219197 270203 219496 246539 252114 272488 268757 253206 
251079 231521 256793 254178 224259 252846 233683 230818 273249 262450 236030 238108 225931 232038 251690 285341 237216 253167 239146 245122 227073 256245 244166 249146 277440 249708 260863 230662 231702 229207 232461 248531 232663 225728 239802 269235 238572 257303 227827 293145 225444 248494 242030 256499 259435 246427 242802 255142 261466 267135 253329 242167 225765 256367 243724 244492 249086 247965 234238 266676 235459 247773 252249 239915 250981 247632 249746 273013 233849 242236 230144 272762 231309 237793 282041 241886 255139 264203 234708 262392 260082 249946 229961 237608 259991 245096 244381 269427 258861 257208 259259 278893 227308 283149 229646 249102 256706 301078 256827 275730 
278439 255054 266348 264679 224391 265605 243801 245952 282934 278559 261956 250636 264417 261251 259761 283223 265644 268223 262474 267589 256403 285477 245605 267461 286975 254718 292557 225610 256860 269065 263794 268479 247052 266181 268220 278244 270192 265341 233820 298509 232585 256240 252732 240845 259315 274799 249943 276595 278574 265123 243244 249897 241746 287121 253954 245549 274656 252988 248181 275070 269441 256434 291512 264566 256381 263277 258012 270376 240847 271160 242077 284994 244561 244161 290233 258685 272175 287716 249383 269805 258223 263676 242419 260104 263198 260709 263793 293751 259496 276875 252212 272035 233241 292188 249479 276202 290868 313362 264222 285478 
250311 268511 249169 264119 224573 269588 231681 240441 279548 269776 235897 256594 242227 249077 254600 287739 264034 257012 238338 256216 251070 270690 254825 261125 279667 250093 282675 225576 244012 261732 260826 259629 263297 232793 250773 280432 256244 243657 249551 288835 233374 254771 245093 235081 234065 249516 236210 270631 272518 283132 242544 245773 242068 266483 238785 245148 261074 251126 264702 276137 258257 237419 285137 258136 266503 240051 254571 279364 234779 260683 240257 294764 238389 256529 280001 251025 255298 266120 248560 256674 256120 262180 224291 257924 254905 261959 253327 279989 263136 249045 245121 268642 228805 282354 234516 244424 271165 285884 261556 269781 
248906 230886 223476 225508 197359 216250 220342 215665 247806 250230 228175 226979 220808 223397 241848 250276 209730 238603 217317 225428 225252 218129 210662 228843 255670 216571 250312 218754 232424 243438 232310 245369 221074 226059 216521 261810 234220 236707 217393 261701 201375 221220 242828 225955 218764 253163 204260 247311 259713 243277 232039 219244 215081 247133 214483 222579 242643 233869 223619 236389 212088 217317 242834 221237 228064 230724 232171 239553 216374 228994 201923 266862 194264 226249 249287 222755 234539 239931 238187 241692 243779 239498 215806 226006 248881 228740 240877 228308 231087 240317 228709 246310 214956 244157 217567 225940 252807 265970 233745 260414 
255156 238009 243627 235719 213765 212569 214316 223389 243261 244986 226480 241591 236782 226115 236468 238466 223368 239109 215762 219516 213038 241805 226674 237178 235508 226685 243327 205941 212596 233344 235452 222856 242273 229553 231222 249864 253531 223069 213709 246303 216864 231795 229321 231329 234984 256921 223098 236934 245344 239882 212822 222283 213076 222009 232061 217818 243473 234851 215565 248365 231412 212485 258533 226514 228323 223433 218041 250371 202688 251031 199307 242008 220559 213447 253795 238240 234488 255818 223226 233189 231483 249988 217603 218248 237288 241099 235142 240102 230362 231051 212695 243019 220439 245203 212900 233567 263436 263395 252152 240767 
247606 235794 244125 238832 224079 244017 217060 239431 251928 262615 230559 242078 237803 226631 257038 262726 245345 252331 222353 237353 242849 250054 238869 234595 246338 241533 237731 216175 230897 247954 231876 238391 222972 229210 237517 263654 254886 233455 231035 276504 217369 218869 227810 234649 242707 249927 239540 262480 262765 256385 226292 232247 230987 250658 222007 243424 258341 240752 245884 252692 238872 248561 256760 231449 233550 242137 230340 267338 238662 242520 225057 272233 229220 220702 271472 256974 236783 257607 230657 246324 230871 243107 205624 213714 244167 245634 250202 268928 235813 248344 235572 255726 217998 249318 237872 262219 257388 272412 243250 246947 
260322 248443 257173 252896 235529 246124 231848 230168 264625 278474 263467 257255 233578 251063 267260 279780 253528 248351 255743 245939 261652 270145 255776 258833 281824 257746 269132 222197 225230 255571 234761 247160 253423 247782 250217 291154 253376 267379 241541 284035 243117 273873 249285 249473 254795 265187 246429 266532 255986 256897 240044 253610 241941 263917 239563 237505 262594 270655 241786 276492 265925 264261 274041 249473 244638 239717 251400 273018 240377 264784 245493 268863 231103 239106 274527 265398 272728 255404 257852 260322 242454 262661 221731 246011 259228 254413 256039 281075 253983 255853 249878 287193 223714 279532 228197 259895 281910 292270 270268 257771 
266506 243385 246904 226474 223880 232943 220492 238205 258795 250234 230732 232705 237752 232812 257662 263537 224034 247142 226015 240230 247676 243649 236686 258070 265304 245902 261975 230137 242498 228903 237354 244429 234221 246928 218488 258793 252760 253104 234856 290562 222376 239153 238156 231710 232455 257407 234861 250993 269888 259001 244379 236262 227631 248315 231282 250050 267226 239080 231855 243871 247936 248083 267041 242408 248754 227742 251844 254676 229314 234905 229537 274876 215165 242240 265624 259553 251642 265355 230077 264867 254559 248899 219992 247356 251444 251934 251029 260879 254060 258960 238545 262008 232533 281376 238223 233184 254233 286611 262363 252761 
285271 287430 284662 272694 231265 280556 262418 274041 303021 303472 272427 272541 283537 281922 266247 314239 270528 283295 259841 278001 277698 288661 269505 281126 289141 268094 297731 249306 278480 287233 291232 270503 278481 263058 287600 316784 281589 272263 266852 306239 266142 269301 272330 265498 254542 286587 261974 308158 295355 300865 283052 273026 258557 287907 265277 274428 289059 291108 268391 291688 274533 263251 323147 276701 268782 265498 260212 294297 264975 270049 263938 308299 258299 263910 306755 270556 279285 297028 278254 301182 277525 279540 261177 273817 276398 284088 290438 303622 280268 273827 279841 298481 253553 312328 258012 287491 293417 312815 286161 298040 
267937 259540 264225 263768 226744 259965 234158 242838 276678 295532 250543 259663 254907 253633 275914 283429 242432 265889 238434 269801 250087 278175 250450 271048 283412 261666 280454 241700 249506 258820 247193 255663 253490 261385 249550 278469 261251 269728 256047 296545 235273 252771 252361 258721 252329 274481 260941 280848 292158 290807 254094 242776 245100 271301 251932 260309 279911 267649 223445 265962 252653 269547 273854 261289 262856 252360 254601 281892 233397 268859 235803 286705 227592 249973 300177 250190 263136 274291 265083 284088 268699 265500 244590 266096 273156 270098 274323 282292 267569 264925 263986 278982 234683 294874 238277 268855 266557 308524 277807 277929 
265379 244877 235130 243935 226582 248460 222025 241028 261237 266074 239340 246443 237836 243461 252926 275005 236961 253100 227251 253471 239604 259478 248433 255518 274970 225732 268855 225260 248791 236385 228171 251916 241885 241834 248041 281373 243616 248800 230301 284557 226147 235839 237684 234119 255050 247888 230812 253189 255958 270388 237251 243360 222952 251906 230726 238163 258271 241734 244042 258543 251315 246177 260284 240597 238086 249993 243281 270190 232823 253055 241635 274514 215823 249058 260352 250608 253338 265351 240140 257944 251123 222792 219018 239367 257122 250653 242463 260701 242373 252405 248802 254690 236488 271319 238192 259717 265885 286706 258282 256566 
266874 260970 244543 242002 224901 229951 228427 249766 263562 280788 248431 241260 242932 246068 258267 274132 230437 252540 228080 221865 241224 259465 242142 260226 259056 246663 269989 228950 232651 270858 240265 236207 252143 236974 255275 273532 263794 257342 234937 278759 238673 258077 234609 241181 243278 264180 243730 272568 269541 250519 245390 235209 236510 245346 230183 243984 261002 248320 235866 269022 263905 248627 270002 237923 241661 253992 232526 262540 237566 256040 241707 263929 232964 238435 270086 261624 270033 273979 240885 253872 247685 259532 229256 248356 248403 257341 256968 261956 250618 253327 244140 265684 231668 267146 230623 247711 262908 283306 261203 235575 
246444 230493 250400 226186 214015 235720 224280 222064 251321 245774 222003 242426 221865 245809 227928 269070 241392 239126 218239 229837 228475 244139 233491 252723 244219 222447 266135 213305 224683 224241 230012 224798 235007 225262 232227 269520 237669 235412 228422 260425 223521 229252 241750 219891 219858 222082 235131 250912 249549 250626 250024 223706 222484 237849 223588 217243 252019 241220 216484 265658 235175 233544 267262 230971 240662 225076 226848 255821 217227 241285 221464 254095 211139 220884 248288 220794 237377 238164 224160 240579 237899 228208 228632 217492 246427 236077 230475 254726 245389 232198 233089 244735 217697 268424 214822 224644 241021 283780 254811 251405 
256976 235706 248258 237562 206836 232333 218425 231831 254370 255567 244913 228149 224704 227442 248767 256829 225602 245908 237020 231962 240946 238516 235681 230970 258908 226407 245990 216162 217844 259688 229264 242902 223938 240950 231729 262450 245688 247724 222559 259184 228798 237052 231117 242057 255089 267577 226790 269753 258596 252540 225030 224317 227883 268880 215702 242090 258796 232126 249943 261674 232446 242178 255748 225417 235224 243025 234127 259931 235218 250943 230248 275228 219884 215099 278417 240578 241713 260943 240201 251830 254263 240686 229130 242854 252084 237019 242120 255499 238654 250855 241843 255570 225875 248123 233828 247313 265607 280887 243107 253000 
257929 242729 255921 248716 229271 245570 231701 232246 272362 278130 249773 247240 237724 233063 263178 276309 244948 248008 237301 253780 230891 259321 237698 246402 275770 228884 268510 231115 234681 264237 249552 242016 255547 237502 244249 271961 255969 249163 234281 255262 226513 249162 241226 238223 244910 252066 247565 288416 261543 275440 246404 248834 233663 280828 231720 241355 273951 250287 243521 264937 237720 256920 272072 250793 260269 250904 235158 266820 244329 257515 239886 263320 220530 233577 267332 241340 261199 256932 250578 269367 235193 268740 238723 244026 254089 255250 262433 278109 269959 247953 252426 260380 228145 282461 232133 243053 253598 290342 251658 264469 
282202 280263 289508 272713 245761 269990 241634 256037 290766 298421 265415 278995 254461 263025 288532 301561 264582 268535 267226 272137 275916 276481 258949 274248 299667 273319 298456 249176 247497 277198 260981 275203 289143 262687 272200 293536 269777 258063 257151 307103 246255 280226 266309 262766 271821 282605 256947 300597 285707 284091 268356 262030 256773 295329 263353 281937 284624 275363 266698 290645 289742 276754 296097 279102 270138 263529 264624 290865 249317 279291 256389 298949 251074 259715 287596 278442 274694 278953 276837 290990 268143 292057 256640 267602 265281 272291 289479 300438 277111 277521 265105 289474 242112 305065 261241 268213 292136 311906 285440 298146 
261728 267530 264953 254913 223724 247296 240417 253942 264908 275421 253105 274801 246456 233990 267631 289206 249956 256660 253221 258384 252005 260337 252254 249939 262296 248162 272661 232680 241897 274654 263202 244905 248367 246897 265059 278642 262314 260827 254236 282038 229021 255496 243413 254763 254518 260045 254135 278431 268082 277622 250504 240499 233911 260292 227105 254252 277897 259966 260781 267853 255952 252647 283492 253012 248683 264933 254335 285299 246539 266480 237447 284347 222587 236665 284994 246123 249341 287756 255643 268113 258041 264676 232108 245894 273989 258413 268516 268952 266869 269633 254368 273684 240138 266709 243738 263940 270042 298276 272900 263822 
277511 256732 269274 240966 227687 242004 242429 240486 280314 266285 243294 258919 250687 252504 263002 284779 253278 252393 222496 251272 246721 264949 248020 254897 268050 238234 258748 231818 241470 267964 257776 247647 244346 244409 257621 275923 263911 246800 249665 268563 234492 256512 239984 242682 257267 268536 243052 260729 269171 269694 247070 251351 234983 245534 232445 245537 264861 248044 245916 276834 252175 236737 290731 239438 253065 246428 246377 278775 235452 257693 235636 269454 233063 234264 266880 247311 284503 267129 249568 253361 244763 259616 245478 235081 260750 254182 246077 268411 263135 243944 247234 271281 244716 291689 238206 262932 279910 299799 280542 264625 
222375 226752 226503 222147 204427 225273 220040 228852 242724 242930 228403 224152 221551 222227 232009 252812 230153 245340 217901 237047 224094 246072 228489 221566 254959 232747 235621 204587 230447 236316 241798 239462 220714 215946 236035 259000 237060 211748 224785 246090 206292 236876 220447 216908 242140 250480 221520 258118 230576 245461 216400 232632 212030 249614 220892 246498 232866 220349 239897 254582 232985 230361 271625 236931 231314 243615 209512 251265 230403 219562 218221 253255 201694 222484 261831 242979 242472 255083 242549 237934 219030 233678 214594 221293 219884 241655 238463 245958 224653 236219 230750 250723 224348 243396 212084 243593 232832 257389 223537 244541 
263054 268723 261188 251668 234605 246283 247157 227555 279954 276667 251733 264516 251695 234486 277752 270525 254375 259217 250447 247122 239576 261044 252887 257514 279187 237914 271961 241256 231220 270410 251650 252863 262196 243574 265070 285195 264264 260836 247491 278949 242877 266326 247285 262441 264607 263382 242832 275570 279584 266120 250137 246365 237292 267364 226044 251905 277788 249620 260023 272017 253177 254972 269584 235717 251270 268413 257165 276323 232117 272634 242294 278706 231463 241694 277496 269804 268569 265496 262736 269625 271173 254792 235372 245814 269514 258318 260275 269451 273999 259859 249372 281066 240472 273752 223371 262668 273672 297199 263806 273139 
250550 231578 240716 245118 227064 228584 226544 236883 247435 252887 232001 233662 219299 224779 252703 251965 224381 234277 232389 228155 232364 260096 228973 230165 252382 236230 252057 208734 220532 231631 221816 237319 238556 230156 226187 266337 240149 237340 225509 258953 216346 240767 227560 243967 237088 244915 236552 270479 242231 244457 220939 216591 216264 245270 226024 229839 252771 237719 228222 267718 229592 226667 265750 218733 242229 230113 228481 262695 218283 236921 215262 265966 206385 223049 267044 231611 247700 254502 236324 240095 231219 244440 224948 246526 253905 246671 235300 258717 254037 247283 236313 247253 218606 267953 208379 245216 260139 279614 240019 245666 
261709 257563 249739 243838 233296 255359 215023 235294 256910 277912 251260 255352 237035 234136 270455 286697 247570 247476 255326 245243 254007 258635 257325 249666 267384 248670 276473 236446 234500 258927 236383 257761 246747 239470 228358 287126 256562 250809 242355 274816 243484 262784 239626 255859 252801 260924 238910 263175 256129 271709 239696 231392 235314 258191 227875 249855 280136 248716 250102 262061 261000 251512 265697 232793 257800 249758 255600 280003 232970 251564 238926 278591 219704 234224 262132 247489 259151 271297 232806 256044 267897 248348 236436 253948 252839 260836 253931 269956 262818 252024 248104 261918 226953 276905 236143 256845 271793 288595 270145 259119 
256517 240434 253609 250586 219496 237255 220706 207329 254857 269343 250041 245214 244364 240402 253011 257668 223113 249459 237537 236644 236332 256435 244831 245009 245655 237449 265116 234716 237439 256401 244566 239460 235310 239092 253529 262590 254856 248296 234642 267605 232545 239555 238433 229386 233702 250467 248541 264395 256420 263123 245203 227975 226679 226852 230887 233575 244593 254699 224559 247931 258600 250927 261611 233117 246894 238174 242755 274466 220074 232253 233031 267998 218342 221474 282524 240316 241033 245650 230708 251771 257261 254767 230175 229316 262672 251515 257027 267468 236259 234441 243842 251016 204993 252410 211929 245090 254337 272473 267036 258603 
288870 267408 282891 269249 249917 257126 235470 241564 278830 286168 252702 272130 268368 271223 289423 294037 274486 266366 258836 263305 253589 283217 268931 278162 288437 263115 285198 237383 236073 261460 253410 262773 261513 269139 245208 291210 280628 277767 254492 303165 257118 273659 257493 257048 260684 274851 252470 291729 291632 296863 268990 256385 259961 278395 243706 259812 292254 266810 254798 284321 268854 259769 288304 259237 277657 255273 264647 292237 232495 289696 248278 297210 245510 249019 284177 258940 272733 279006 267967 282536 273341 260784 246199 267805 281239 254708 264843 295446 259512 262162 260734 270525 247834 307840 253572 260040 278039 300557 297418 265279 
249310 242641 259472 247686 220167 242676 212640 235041 256709 285402 253125 234829 234562 249562 260782 272007 232457 260550 229711 252302 248300 260929 244932 249121 259126 243211 257869 220007 230791 250263 245054 244147 248267 246481 242424 274406 250133 254992 239749 266418 216370 254656 248534 234203 256335 258692 244359 270136 268927 273061 237378 238764 234240 249836 222147 246917 265328 253348 253054 265784 259579 253827 281792 248646 253944 244953 247111 256249 228787 255793 235046 274798 222421 227851 265886 240159 243543 270454 241418 255440 239084 252743 217600 235547 255988 253532 252583 276808 246249 250449 241888 267088 225176 275348 250694 258915 261300 281577 261803 251143 
262824 254255 251655 262822 224154 240410 240989 230003 268307 282609 270781 239959 235600 237323 264797 288465 240448 257008 220564 247814 223287 269828 239800 274185 278994 249674 278134 224679 254336 251697 245109 245733 255732 247150 256233 274000 259761 263750 246138 291850 228585 244570 256579 238648 253408 252238 238936 274084 280684 270244 248504 253976 237572 256898 239862 245619 262495 259864 235382 262703 245243 253936 270262 243684 255582 255311 250892 265810 236033 245768 223413 270540 230255 260523 275354 240125 260223 273889 253200 258625 253149 248309 234925 245876 263571 255465 269202 281245 256962 258390 248663 264542 230007 296579 239027 263222 267944 288075 272508 278621 
265102 249678 251596 244848 217623 241815 224509 244307 255811 273830 263866 233692 248947 248394 249306 281148 222445 261269 242191 233186 250917 260905 224702 257626 252195 248373 265623 236844 248331 255436 254921 247119 230518 249551 260964 273955 265568 267400 237016 289637 228744 241145 261132 232477 253474 274038 236753 278279 268092 256991 239452 246952 231003 255399 229773 239913 252406 241595 245099 268159 236835 248741 274088 239404 258523 253099 257584 264230 248020 243958 229644 273709 219939 248564 290039 257004 259251 279886 243985 258865 264205 260474 231451 231676 272464 234002 271077 263969 255160 277396 240347 274394 250462 258036 232518 264575 267198 291031 253864 258990 
283041 274219 280682 261211 254581 263949 238500 251743 273081 266184 255097 283928 244213 271411 271070 305801 279539 279268 276536 271912 264328 278871 279789 269671 287634 255476 287963 247608 260772 274192 270145 271604 266601 260524 258880 294249 272525 262956 256495 300257 251634 265917 263619 250834 273935 270169 261679 283399 266171 301836 250280 255759 242556 279337 269706 263163 283336 273899 274249 289948 280204 265190 298526 275627 259329 260829 262334 304665 247364 274514 253951 302003 241285 252107 284520 283938 269165 272672 268281 279064 272532 271157 253709 257320 273727 269637 275372 292481 258127 265530 252906 272855 246376 279871 244387 270446 291457 302612 277673 286553 
264682 238561 262801 234354 222013 254807 217616 238811 267068 269240 264569 237316 237202 236947 255340 273595 235477 247012 239595 240717 242658 270024 238589 250604 268772 250533 264733 225191 218265 255189 247689 247642 227516 247052 250902 269055 245763 264087 239941 264309 229990 258937 231539 230397 257950 262382 249317 271503 247995 262229 233430 241758 227662 257919 216032 236634 257305 231313 247761 268130 241231 237347 268087 246332 258014 255405 236702 272122 247460 247086 234332 260387 211573 243570 273000 241604 242874 271748 226380 269582 254363 256643 226023 243026 232958 242491 249731 253112 247524 256466 252923 268378 232167 262930 233014 250742 258938 276007 256662 249947 
271067 265037 267485 252290 222204 246685 240799 252809 275901 272367 253223 266126 253417 256166 253201 280903 244651 266827 236768 252822 252651 267344 258043 247645 271931 261755 269817 230068 256443 266852 253650 243795 255249 233761 259400 285582 254560 265064 241246 291865 232431 251639 247983 259514 253606 255202 259078 264568 260905 274619 252384 223944 236801 253055 233470 229586 265953 260195 256149 272301 250180 256473 287676 242364 249729 260019 243048 292633 248617 260133 245096 284302 233990 239906 288908 247014 246776 274531 249759 260303 261485 259220 225011 248753 251571 266894 269584 269523 261330 258640 259575 279846 234243 258489 247728 270101 267157 286486 259457 262667 
261166 241223 251370 244538 219665 258244 223831 237954 271223 267913 239239 246825 245260 247479 256981 260379 243507 257634 237348 245371 231230 251301 227145 236397 263561 241589 272574 229190 236693 252407 258062 234697 253738 233255 253804 274819 248032 259387 239097 274283 224847 245413 245704 244035 224822 249981 243655 255818 267399 284155 255791 237117 239664 252616 212666 219350 261394 263315 250957 278670 255646 246883 278988 228039 250588 241610 249553 272244 231010 258479 219606 253884 236669 234051 280646 253858 245486 249645 243870 272528 239923 256008 228847 248968 256757 247302 250569 282117 259637 249487 252336 244240 221512 281145 232827 250279 261634 279070 251955 263095 
247957 227806 238366 231115 200295 238569 216258 237703 254042 270406 240841 219627 229893 241754 238666 263576 217511 242562 225242 247817 236705 260830 237280 235798 254710 234698 267756 222275 225424 240096 223229 231594 237297 246001 232431 279238 247243 253454 217002 264582 222445 241042 232575 230768 232451 253173 251888 260919 247410 248475 227265 214576 222258 248894 231395 215020 246947 231748 227532 259976 225557 231690 262611 220558 229541 240728 226341 258711 226576 231247 216975 256087 211590 219033 268827 222342 249994 251255 233486 253062 241024 237222 219674 229998 246047 244853 258903 258980 233665 248849 247408 249976 212403 258361 215319 245275 258982 267053 245469 238172 
226251 219101 231739 207064 210302 211844 218895 211464 243519 261981 226295 221613 218638 215917 238069 231368 202585 223261 214233 227056 223640 220950 217728 232847 236545 217979 235973 200105 218284 208796 225380 223521 203773 210313 220042 248678 228832 228051 221862 248290 214634 230652 223857 226680 220560 234717 228286 241821 238981 227483 232409 217203 208217 231584 208000 215056 237603 244479 231128 232721 231733 239049 231253 210866 220211 220984 228376 236763 219711 217817 214259 238968 190419 200737 236374 224325 233515 232051 216898 245151 225299 226980 188373 199666 235393 210363 240452 250006 237126 227081 214228 247952 199181 248282 201587 242061 232455 256366 239117 217908 
235159 226241 246983 211567 207937 227764 207132 213929 244003 258693 232209 219533 222882 222991 247663 265273 230213 239765 222781 215725 230170 234374 224703 248396 251271 227339 235915 207437 219486 236562 229208 229676 220574 230134 221839 259135 233492 222778 218607 260248 228487 234458 227434 224367 227640 249756 217588 251664 249755 233857 225041 231336 222142 248783 207508 223743 244967 230465 229285 244457 231252 218426 267183 229375 247715 235848 221022 247842 209982 231001 223346 247947 198908 224037 255611 220845 226778 264333 225601 239150 236851 244518 223158 233749 230649 221770 243402 234407 237605 244537 223898 238136 226111 247746 211227 247702 226909 276632 228268 247538 
239310 242675 261225 223970 210142 236455 215616 233282 252756 253253 215254 238317 230983 220845 245281 253503 242748 235223 223253 230715 247642 251517 236190 238346 243029 236104 253494 218521 210754 241541 235657 224224 244446 232358 232964 259988 239076 243502 229848 264711 218806 240352 232447 235970 225635 232005 229226 267433 254247 260859 227332 222937 227911 241945 210629 241844 248716 227524 225134 243921 234929 237600 268501 232119 242297 253649 230952 260977 225596 243672 232044 265218 207668 217306 257239 226314 241791 255599 238308 252058 239481 247055 227024 230041 238144 245458 248081 245269 254547 245614 229675 247107 232278 272861 218739 224016 242316 281187 258802 231192 
237848 241175 226427 233409 198615 249022 218079 233177 248672 268498 229452 226302 236841 248179 233663 262018 248665 226039 227658 249874 242076 244107 239228 256449 260619 225746 247520 212266 223578 238200 227505 240334 247589 233973 243502 279725 249610 239345 221773 280189 213716 237843 233117 235584 227217 247040 230999 271218 254019 252093 231135 236015 223662 247076 237441 228151 262272 236319 221793 256424 242641 249082 270502 233846 230602 238767 239814 269399 226385 240928 227144 259724 229505 222306 267846 236260 252436 260069 233742 258624 234919 229796 210275 241245 232811 227216 248692 264901 238416 252681 235659 256440 218284 279707 239116 244383 257582 279911 246504 239703 
229584 232619 241243 222370 207010 226139 203993 209775 240324 246175 233928 231227 235813 220255 241644 252881 225118 245591 220289 217628 231606 242864 236833 246958 255927 254596 241857 210223 229761 234766 225156 232735 214309 221855 228544 255510 232952 233210 232377 264906 242260 228251 222250 224809 220158 242477 233724 245104 255212 235055 222474 228302 228118 232213 228532 228088 247756 242020 215748 239670 253035 239630 250261 233490 239442 209215 229203 247403 204690 223730 204950 247940 219296 223226 260680 239945 250716 266561 231021 248607 234089 245281 204995 226331 237004 237102 252801 248365 231834 240804 222110 246508 212069 255699 206916 248376 244243 263820 238737 240573 
256801 239766 236900 235909 204686 236954 236743 238092 263173 257313 232071 238315 224985 215901 243949 261872 232095 246847 218021 226505 222580 253583 238653 248496 269124 227850 242108 200613 230506 248370 231550 234540 232350 234087 244607 279174 240402 247325 228788 259258 243479 240831 233423 233881 241015 257577 241981 247873 255451 249567 225570 245719 214458 249507 219497 226744 243773 241496 225434 255822 243414 241010 254542 227191 234170 250658 225869 271434 230974 239429 221560 254995 222982 226891 274882 235128 272132 265689 246687 245517 240615 238787 219669 227199 242338 238578 243375 252947 235322 235211 232593 253395 235318 265244 210567 246524 265582 282990 270022 256590 
217482 208556 221118 215043 183097 208265 199990 201242 234386 228398 210929 213352 206824 208217 221528 235374 212239 214789 191745 221535 207851 216196 221153 207482 216103 208290 225155 204007 206597 212185 215559 206537 197718 211628 204921 239172 226416 221490 212579 228492 208534 226507 196086 211948 215309 220761 213577 232511 237876 232192 219182 205871 194530 216249 195476 218766 211395 233514 213580 216435 221683 213817 237294 214913 214465 210229 216177 235261 200837 225351 190252 244436 191720 192157 234588 208321 219366 235101 203895 221464 215106 225731 204372 202587 224425 212208 231257 226090 215039 213037 197308 224175 214562 227765 184391 214606 214028 252198 219699 202502 
257885 268769 268241 247362 220600 233332 237038 243006 279704 274915 249826 259201 238667 243258 268243 274353 225873 257933 242255 251263 247975 265504 243053 259613 267544 243747 272575 230929 255896 263983 273241 252102 252097 246140 260799 285783 253163 242853 252460 280796 240391 249645 258483 238551 245996 266504 243434 278869 279771 251654 254407 242827 236829 263910 236938 256774 272226 267619 243582 253935 271614 239410 288304 261120 244415 230784 239833 275031 231496 237106 236524 286120 225379 242299 277836 253512 257437 282286 252159 250686 250146 266724 230125 246547 255807 262860 259473 260331 262152 244740 247319 269204 231643 278121 243860 264593 266674 292883 266928 271518 
268392 234811 255867 241849 220000 232561 234355 216677 272200 274068 263970 233000 218907 242665 256249 259207 233680 252948 220048 240394 231299 250110 229774 242571 249733 224563 266518 201609 239656 258730 243009 240138 227691 240995 243566 257023 258467 250702 234430 262122 226259 247413 248709 233406 257241 271683 229914 260479 261387 256554 230499 251817 237741 267831 237442 233718 268828 244255 247781 263667 257781 255921 267671 239790 246135 239321 244354 254372 231187 236168 234470 246760 233679 228425 278827 236292 257831 257180 240049 249050 242775 256480 228020 243640 256470 238902 259863 284540 244553 240252 243583 260989 214923 270606 245450 260849 267810 291820 251260 260534 
271390 261549 267373 257951 225518 264062 247318 239967 274791 282750 247170 257101 245700 259052 263637 283679 257967 268763 250624 249336 236387 263316 250596 258144 270405 235200 276184 235162 236550 268264 247877 266651 249274 238207 258872 285482 261353 265608 250220 278543 234646 263231 247532 255208 258364 259161 262298 267477 264384 273477 252443 231691 241395 256170 227779 232801 274653 242537 238736 288432 250885 256273 289142 246587 246931 251658 246597 288186 253028 263753 239446 276723 237466 206963 292372 254158 256700 269797 235542 268330 271035 265538 235234 246033 257524 253735 252577 282886 269647 261790 254216 274996 223043 290566 248792 266380 278404 296851 267748 257613 
258140 242413 247810 251618 206333 246325 218385 231691 251965 265913 227943 246794 236823 235751 244307 262135 248941 244046 234276 248476 234009 261735 240408 239073 258716 222985 250230 218745 236093 253279 242841 230626 255076 235672 238650 276862 260298 243140 223707 264332 231791 248406 226929 245683 238683 250362 235103 258456 255778 261154 247489 228829 230476 244406 226617 227592 264093 257010 244065 246012 245431 247402 264160 235636 247748 242421 242875 277208 224246 254109 233957 266851 232809 215170 275507 236216 258233 253234 252258 262421 244057 256615 223891 246401 239730 245344 250166 269374 260358 237486 245007 233755 226102 259478 224911 259711 256031 286068 247299 239991 
272774 240253 255194 235633 218506 239384 231412 233834 249999 271376 268883 246756 244814 237182 268709 265163 232673 257061 224378 249383 247922 268015 245314 238929 264857 241075 263616 229841 229694 265496 236438 236222 228859 245203 243329 265171 268331 251593 241654 268508 233992 232574 233379 246918 260592 262478 238893 272655 250546 269504 239618 240183 235573 248306 209106 222361 267032 252395 250283 263791 239969 247758 260275 232602 250368 241272 244130 262241 232723 252536 228473 261365 226957 230780 278594 231748 259808 245761 225874 267991 241623 262995 232398 250746 257074 254631 244543 262216 257895 246777 251733 254928 225412 249608 212630 267783 263050 289732 263206 240963 
263785 232866 233919 227125 208386 235384 207585 224395 262359 257845 243460 235181 242630 226871 246345 255439 233094 248098 226474 232328 234165 255429 222864 237678 253079 239051 250397 212070 221572 234024 236464 237935 231787 241792 227545 256988 241463 230457 210135 275987 231304 231013 223061 227258 230939 245520 213437 247862 246877 244231 232075 226231 214000 257096 230285 229319 241940 235119 241538 235968 245482 227155 248700 224144 226789 232223 229804 249688 223397 225002 225882 263124 210350 235215 244984 239008 244983 244009 221790 236102 242156 226873 219626 221235 236651 238999 253207 253320 219241 236083 248984 255526 220208 245369 225243 236862 239040 268648 237644 252946 
249638 240789 251538 241333 205271 229019 218630 219756 262541 250529 230569 244069 226016 224747 240960 250995 219860 233242 227559 235106 238300 246467 213583 235923 252688 218822 244221 225701 209636 234697 246110 225972 233546 232074 242105 258796 238977 232453 226062 258575 216701 241858 236540 230835 240080 252111 246633 257985 252278 231722 224042 221310 216676 249613 214618 226199 240592 223163 222169 244108 236620 229223 248406 241928 255848 233869 233563 263644 225644 238330 225777 254325 207641 215206 256121 230714 240034 236920 226115 237772 240174 255969 226114 217842 235506 223457 252215 243725 247869 245559 229757 253858 217833 244818 228311 228908 251722 266268 242131 250931 
208709 215330 212641 197433 187254 195251 192707 195152 217840 223352 210773 195952 205814 208941 221422 231058 194638 211762 194696 203495 193102 218843 214131 203599 225072 200929 221054 203944 208285 225919 202559 213505 186463 196092 205807 235794 225983 213871 209108 221040 190404 217300 208348 212155 219268 222136 198849 234976 224170 231424 207057 204981 197379 209785 201307 192082 227469 222233 201775 229488 207297 209444 230641 199116 211747 206521 205987 227106 190045 207703 191974 225254 192954 210579 235230 206695 223768 239744 196609 227415 212973 217318 191788 206458 225467 207897 222083 212697 218131 214761 205882 215373 199416 235644 185275 211905 222659 251376 214317 220501 
266980 268913 256001 243126 234933 259563 238237 244156 262145 273635 256863 249714 252260 262074 271291 279004 248278 261694 251202 259571 254481 266996 248426 251127 276664 238941 264796 232292 227757 266041 243255 248572 265196 248506 251939 269941 256222 253579 248212 287657 248383 252956 249734 266025 240064 264787 241385 267202 252032 283536 218620 228578 239210 256891 239036 235326 277938 251847 249189 287489 260916 236761 281272 232619 265018 253063 245850 288113 240077 237289 250532 281940 232211 235280 291554 250046 260014 263900 238216 257801 252550 268791 237622 255142 273795 261552 264162 274513 275472 260619 254425 259526 223827 271043 223635 257684 276168 292226 265823 260947 
259027 244474 255688 251541 218618 235008 237137 228281 267383 270646 271092 240980 236332 229743 257171 265525 244808 259605 237310 232922 246364 259017 234511 267599 258530 230961 260147 223860 224043 251570 244721 246594 239392 256894 249492 283447 257470 255217 229170 271680 233440 238184 237728 247355 258555 267159 237627 275882 260974 256014 230221 242426 241177 267402 233128 244070 262171 234226 235795 266114 248287 241447 258393 249603 250833 249565 231185 267026 244245 246456 227556 263186 247274 228506 276359 250936 252420 274824 247512 253035 251339 249532 217540 238352 261082 242012 265319 265972 244177 266490 248801 259626 221580 271332 238997 244712 264541 281564 253906 254291 
245053 235694 236483 234140 215166 233468 229329 214852 264578 265150 223011 233821 237165 235915 243710 258064 239770 227275 222534 248362 227317 244569 241164 235519 256730 222010 258907 208979 230951 233415 231018 255266 222237 231499 255968 276042 252392 230897 239345 259888 216693 240883 233678 218134 231234 239537 225651 253478 246473 254579 226052 225565 223043 238062 229733 239289 251970 230970 216637 242934 246295 225679 266151 229554 238783 234471 240471 266497 221162 222558 215147 251541 209907 235037 265070 236341 259907 250318 233028 238872 240599 228233 209316 209876 240648 236444 243740 248959 223904 241698 235343 249364 216213 265781 226443 225873 268797 271437 254679 241857 
286158 272586 283695 276454 245315 277465 255340 267265 310191 310297 275576 282246 281617 263501 287195 302872 292472 271285 273021 278632 288058 281764 264322 281489 288276 278875 297773 253023 267141 279833 286058 268374 271119 271006 279177 305723 300412 278391 266101 310183 252461 276048 261025 254609 276436 294690 263218 314030 281848 298551 266911 272867 265453 296128 263988 275413 295803 281852 278236 291329 289097 296198 301372 271034 277172 282244 274169 295277 270068 286888 269805 297955 258130 259477 297364 283831 296933 290858 276475 287192 269917 273879 247607 259452 276036 277299 293137 316738 268203 286347 274247 292859 249967 312282 268987 291548 299484 316076 278455 284188 
225017 223601 215996 219934 197138 199306 204513 201672 242109 244953 206750 216067 207740 198954 224088 248868 209071 220181 197277 208232 210169 226288 212158 216923 237641 209415 211657 198931 204793 215250 206543 216411 203066 207300 202494 246028 222571 209148 198489 244351 198952 216155 203465 208191 214604 225350 207228 218834 222436 229069 221827 208595 203376 210824 205197 205398 206019 217604 207300 218316 222896 223217 227805 215400 217564 209864 205189 229398 201945 223640 215239 241486 214796 201541 224526 215804 229831 235655 212214 215541 213319 219608 200819 201292 218767 205658 219998 239627 202038 207176 224726 241033 202917 254872 204859 227532 218103 251371 226772 231882 
268487 257586 259865 264012 226279 260144 235726 229899 268100 286685 266772 259119 257293 263014 271965 282089 250725 275138 251929 255533 255585 278262 253036 257330 269382 259651 277440 236432 243882 257919 243203 256171 255552 258681 260509 293547 273822 276249 260146 295074 240517 271821 253952 245961 253677 262024 244288 294235 281154 274807 244253 253495 260000 269624 233819 253536 276861 258618 244931 272373 261473 257205 282312 259253 261041 253493 251715 272620 232982 253439 230295 273231 240554 235515 279060 252928 261258 278198 251124 266423 267682 249690 224704 256289 270073 264711 263945 277157 261657 264607 247524 270822 242019 287206 227176 260772 284919 301826 271701 255051 
228611 227885 231748 214225 201896 230871 203263 218310 241671 243118 229100 229055 216971 220170 232858 251056 214541 221229 218514 232738 225652 239208 230733 227479 241644 223789 238306 208704 223136 211697 221172 215274 214546 212043 219130 244945 235168 235236 229109 261480 214326 223209 230950 208678 218796 216664 222671 241293 237003 241207 232879 214142 217959 228567 204217 208937 245808 229357 218113 234382 231337 233044 249791 216137 227830 222810 225449 245726 223032 222751 218148 239130 206755 218288 249932 214232 218207 248834 206581 232780 219745 216101 204246 223755 231917 214192 243939 246303 236620 226879 219366 236823 206275 258002 207791 238637 233002 281412 231001 224943 
252824 223541 257301 255253 215712 233101 218841 224485 246045 258584 233259 235562 251864 210797 253555 257268 214745 229578 222625 217314 221030 236680 223427 234486 253438 248167 246270 227434 248348 234024 235286 230376 213333 215524 259927 256749 240372 233533 226108 259185 230852 228913 237446 237548 242105 244736 237110 267652 251113 253166 241702 224231 220036 244752 222705 240792 240254 234812 216445 247562 245631 229240 249110 235960 243083 232354 244300 271260 208968 247943 199120 249059 217137 227608 278588 235616 247364 258497 222868 250558 251059 252376 229042 231054 248205 235528 250791 244460 240885 252441 232715 241661 218059 250577 215115 251943 257030 278641 245632 250183 
245012 237914 251209 250510 217088 241822 232322 226552 248777 248664 242443 258135 240171 230997 265247 264958 253888 246511 235046 236897 234092 237999 247278 246569 252000 236460 259702 229080 237419 252757 244676 257363 231292 235801 249052 265228 267727 248475 242845 274059 227343 253245 232020 244652 243894 251077 237541 252818 256508 262902 253090 251944 228535 245166 215943 252949 254897 250797 249767 256840 243601 245405 277443 242833 236650 239490 250487 289370 221676 250329 231188 257924 243523 217408 276975 252341 243087 265681 253290 250693 246644 248208 210116 237340 258292 241716 243870 260495 240477 243527 229463 266310 225620 260628 226379 259852 258094 294756 264663 248323 
268721 254573 267063 254362 242261 262569 231741 241714 263973 284410 245014 257020 251514 256011 295191 280962 257654 274132 237062 258072 254504 280325 261919 257988 285925 259132 266181 248475 256723 263869 257321 260341 241762 252053 245809 288675 275390 237536 251406 291547 250506 253559 260483 250306 252340 280491 258889 282565 273241 289745 242075 255256 245163 279137 238580 248175 267775 262831 253032 278345 256034 244021 295329 255857 273734 252653 249728 294447 232017 260346 237749 282770 220748 248013 300471 258648 268328 268081 266670 267313 251195 282099 250293 265742 271312 272287 281439 279127 259820 260959 252900 272728 247753 269256 227842 281903 270697 306097 269032 271399 
290680 304630 290018 276536 255033 275562 272610 255165 301295 306535 290881 294940 265043 280792 297997 313341 268522 297175 270162 279772 258222 291847 275986 280230 295553 265630 295770 272885 268987 305304 298497 275462 283950 269935 290840 327749 285018 292191 297436 302917 261110 295986 291071 273525 283273 307079 277780 315619 320813 312907 274554 288491 273877 297659 258260 271650 305276 287311 278939 303278 270228 282093 314309 268691 294537 288832 288112 309929 255671 288889 263843 303003 249447 284819 315772 287895 267855 311954 286111 299989 293383 284239 260947 282791 294139 282705 291081 292041 295958 281118 284082 300375 270518 323205 271671 288512 291554 325208 300714 317217 
236855 240883 235519 235231 212172 221254 241212 223634 250076 252752 220096 230139 232521 225827 247881 259585 232952 241125 217233 243822 216368 241070 229614 240172 268162 233620 249971 211629 234357 238274 226515 238541 227412 204550 234570 254752 250772 224902 224683 259425 225862 228143 236126 213585 219914 226266 233624 259235 240354 253026 224178 215012 225981 252000 231850 222629 232812 234111 214191 237180 237899 228916 254835 241456 256539 235589 240395 271889 214877 231846 214468 243358 207519 221085 266610 221085 260430 240510 238407 233031 234388 248618 209462 224542 239533 226361 243214 250217 235597 255736 227956 246085 203019 255465 211707 231198 246604 272867 232127 231186 
220997 218704 232695 218987 189501 203766 209131 207270 238758 235795 218569 210267 198353 202983 217603 233546 213895 229676 195426 205356 209993 236187 220240 236120 237392 208529 247148 203061 205387 231596 219415 211114 217538 207131 218756 238156 225999 226860 207166 246083 212249 216949 221821 212120 229381 218756 232683 236699 233565 227484 235579 212824 196791 223246 203611 214402 247657 223681 213287 239134 219868 213588 242863 215588 226123 218309 222628 238129 214928 232426 207980 238269 212652 209624 249428 212467 241561 240029 217645 239208 228514 217282 195715 211806 228447 221615 232840 227435 235002 228041 206471 233905 180971 259846 214638 223685 237326 246851 238554 231979 
264484 260971 266029 248304 237499 243415 238949 245095 263847 268639 261344 254884 247236 250614 253389 278117 242690 260461 242009 255771 233535 269547 250506 249544 279640 240980 267894 218007 240897 258504 251146 264705 250333 245065 275321 275131 267075 248749 253417 272940 247656 256948 256506 244441 253467 253145 245690 274465 258964 270773 246980 247777 236482 260354 243811 252605 284828 251195 234437 267540 252112 240142 280929 252236 250351 244845 245066 296106 245899 253822 246062 263128 242174 238746 298372 259520 249351 270540 253926 272850 263930 255086 233453 250938 255777 250762 256487 271054 263885 265087 254494 275913 220977 273655 232748 243595 291532 287845 252889 260462 
244441 234371 236541 233701 207558 235018 224961 213110 246979 248832 221721 241963 234015 236830 241321 250255 225331 240665 213157 235118 234973 240474 240661 228461 266039 232571 262048 218873 234904 231325 229271 238305 237009 217573 244133 262493 238248 224911 235948 273687 215831 228129 236300 240526 217833 239791 244429 245174 243763 251572 219746 218581 224250 232370 222024 222854 254698 232963 213303 250560 239652 234972 262854 221569 226823 223103 227593 260288 207388 213633 217106 264433 209964 223838 277244 238529 248343 252595 218807 247654 223138 244133 212350 238793 247299 243305 249902 249623 234417 245023 240917 247706 205915 264872 219932 250949 267003 274292 251188 266548 
254312 228935 237411 225280 199068 228152 230086 224866 248793 261149 236889 235102 237637 213874 244509 257553 235829 238258 211424 228575 250028 237672 221991 230842 247747 228333 254250 209156 230760 229155 231946 222040 216994 221524 235055 254524 247113 228377 228490 261501 222299 223472 233271 233936 220075 244593 232854 242305 237738 247250 235840 218050 227044 243816 212186 228369 239752 234816 231113 245165 228619 228924 256230 217632 245121 223437 229914 259434 232514 230409 214545 267183 189059 223224 262232 235739 244808 241091 228302 233155 233496 245555 218575 222893 244513 226322 249577 239826 234934 248560 227327 243522 212264 241901 207548 243843 241873 252182 241049 236509 
257754 257465 251500 234466 222775 239661 228357 236926 258031 276327 243264 253804 248071 239734 252542 270068 229735 254441 234207 229277 246013 251038 237279 248874 257325 254281 265900 232636 244346 270622 253010 225791 254639 239118 251662 284663 259083 250146 225498 268747 244484 252632 252236 238345 245570 256151 231251 273954 276289 259734 259868 230575 233132 255041 216675 250154 256032 262744 250167 272492 257100 265218 273018 242796 247587 246865 256828 278402 247208 255045 230062 277036 220643 234052 288637 248806 255912 280376 237522 252216 252944 256668 232499 245194 248456 254464 268040 274245 265223 271652 240452 272068 227885 255265 222747 266987 271997 295487 255345 258617 
237959 235757 224583 213715 218351 215500 208510 227892 223370 248635 205973 217993 224806 207150 247516 232780 211138 217873 199777 213365 226034 233530 217035 239081 239055 224049 228453 223100 216171 228908 215818 209790 217550 219606 215363 238991 238392 224172 200649 256265 222853 193432 223872 218233 213492 234996 216727 234473 238545 226720 232129 206371 194678 216411 201563 202792 238600 230627 213082 237426 222754 231182 229909 200544 228309 217830 231847 246948 213576 237984 219732 253664 215406 201398 266856 222382 238682 227194 209167 224203 222448 243819 207415 211660 238187 229210 242539 244660 242761 237604 213229 233802 201843 237934 204662 238997 227101 271705 230087 219183 
269900 272702 251249 260124 228226 260468 239958 253398 275751 282332 268176 261174 261703 240256 267320 276090 253960 270797 242492 254048 249564 261807 252585 260494 280708 259348 275445 244659 256919 272583 263344 261170 248233 252486 260486 298105 273695 265996 254653 283156 252010 258510 244534 266358 265917 277020 258580 267486 280363 268939 264368 257147 248837 266357 229748 264407 276533 275240 258900 266518 273025 261948 270528 258350 256461 244102 262269 276455 248571 266559 242012 291220 253263 250418 281244 261999 262711 288236 238861 268125 267233 261695 229500 258756 267311 264535 272464 278339 272909 266774 255991 284435 245065 279898 244409 282624 270936 305567 277453 272860 

