246942 244320 226282 249375 221110 235068 270522 239061 240243 225273 228051 220517 213790 233913 225980 243320 234177 256607 230029 225481 210234 258127 226583 203774 225738 226480 221359 215281 264873 252643 229117 215000 224511 226934 246439 212236 254643 225587 235634 229866 219325 227903 220977 252893 226785 224830 246717 216556 225959 221923 215907 212142 220463 228259 229433 240926 238784 194380 251954 223386 204374 246360 209257 240631 260161 251218 233629 224839 223123 227939 210091 231426 242818 210534 232979 218610 233127 242289 228765 267226 184178 247876 248172 231888 248391 217514 250217 257080 227105 248120 242856 242805 209622 231511 198437 220024 231326 212198 244818 219975 
237538 257983 239039 257688 231095 233437 275103 240295 244716 212198 244288 253127 236834 237546 218291 239593 254011 258765 238527 241737 228056 263980 248413 224245 218046 250266 224539 224837 261089 271398 227001 211521 224525 242349 246544 237802 251935 243234 243025 229452 236766 229020 260765 263098 258520 237656 239918 238205 226558 243984 252075 237328 250361 253918 246191 233609 240361 200432 235307 254068 222516 255126 201821 264020 276204 250541 241152 253396 220413 228969 237350 266231 249261 218012 228908 236585 243495 254937 231039 279698 198631 254480 257612 247951 252311 207242 261861 259700 253392 259832 245580 268529 223020 250058 216611 220918 249565 221927 251274 253915 
232455 222021 253706 251061 223708 244070 274464 235119 230628 228239 226013 235322 232355 248952 234961 243300 246423 262328 239350 234882 232393 247880 217494 209688 224588 249402 213685 224955 255821 248383 220510 222895 233009 228259 261937 230638 254937 247270 243052 242045 224520 231220 251743 253940 244019 231109 253795 224253 245289 223238 246435 234128 246856 232307 248886 243885 240418 213585 231289 230289 208113 257594 219249 264832 257651 249079 254822 227119 229439 234043 221711 238562 245579 201465 251645 234590 236653 255719 249606 269207 175321 247571 250622 263722 262901 211140 250375 250059 245293 251221 239268 243345 212454 247367 214399 226135 212350 231520 252738 237103 
232816 230271 227123 260015 215615 225495 245701 227232 210438 220507 218029 228948 220044 212387 210687 223642 235804 231022 225899 218972 222211 250153 238495 220882 213837 245361 209215 213409 247368 255092 223785 225125 235158 226606 225965 213700 221215 208649 234267 227564 220828 221329 229429 261077 229417 234089 233563 239191 209658 224856 214432 223786 226437 231717 241129 237717 235678 193869 241591 230298 199923 243121 212472 243271 244609 227263 235209 229906 210649 223803 224298 230134 235051 216867 222395 225287 220708 226343 236520 260762 193034 237894 245614 227344 240428 210167 253596 244208 238275 247764 240171 238303 210406 227961 201599 226533 224609 211387 255283 227243 
230635 216391 225811 249011 199447 223498 244012 212950 214920 202913 223854 221781 202029 214865 208797 231634 228923 252096 213094 226366 202706 244556 220880 199849 207592 218408 202631 215758 246645 239041 208415 198305 222289 203788 227721 206160 232019 203552 222599 218475 205987 216551 235623 237719 225764 212164 220645 200094 219965 194768 223625 216199 235368 215250 211007 209424 232025 182983 238226 221233 194401 240416 212662 245410 255634 232191 224242 198802 215274 210634 214978 231180 242963 190360 213694 214647 238252 225182 225088 246151 179869 227829 249398 249835 239756 201958 230025 231994 202977 236880 219128 247752 202088 232328 198636 204980 218440 202460 225669 219794 
268214 275861 262063 282366 265551 276120 309998 256207 259566 245528 256814 267912 259689 250094 256430 271160 278321 287690 252990 258289 256376 293876 274218 273142 254834 257942 240860 260471 294966 293633 255617 260830 280961 261861 271239 254635 285254 257869 261601 270528 257546 266224 286140 277742 273430 265480 271449 267563 254909 254181 271042 261009 283347 269498 267726 262275 270350 229862 272443 279116 236814 274144 242833 299024 286223 266759 270182 247869 252370 255604 254594 271991 278117 241007 262040 274880 264533 284420 275188 290181 227557 277969 289052 289115 300890 239757 285359 301098 265646 272853 274981 275995 246166 278048 226445 276526 262223 247988 282907 276000 
248537 235637 234816 255254 239244 240701 276827 252688 219366 233988 228448 245113 231104 234961 228020 253313 239105 270477 242745 220852 237063 256489 239132 235179 232594 239783 220995 237073 274552 277692 242648 234819 231739 239516 241738 224743 247772 243911 250925 247986 226360 241320 243288 255504 244924 228959 239596 224788 231744 227877 236600 246144 240919 250766 245219 239947 234808 209493 232701 240369 216989 255716 212538 267238 269718 247602 252408 243863 240744 228230 225709 245536 241912 217682 247361 253855 243732 240269 242453 262168 189103 254995 257016 245155 261339 221863 251551 287313 236177 255404 248409 268929 216096 244223 209585 234490 239862 250671 264977 248149 
262048 261586 270014 286606 246642 271684 286914 250026 251658 247277 234428 252832 248852 250764 259336 263487 274429 285720 259122 247196 258555 276229 260562 248135 242484 278137 246256 253481 278926 278599 260218 252665 258576 256904 272974 253503 271341 246948 259280 253822 241597 249503 252082 263263 250683 254314 267298 261949 239903 261417 255950 254985 266488 255652 274558 267900 257871 222522 252465 246705 240695 281691 236308 276609 277221 256316 268674 244522 230978 251109 235844 261173 255391 238411 255046 261926 252250 276820 262521 283106 197709 289368 285619 272394 285578 232898 278793 293330 247865 271655 276537 257537 233446 269822 215419 243139 257347 241402 264034 250645 
275766 301335 278116 304820 286024 284487 334645 284092 268187 269144 274952 294581 277808 287895 286710 281198 307190 322401 291827 277866 282591 315624 304388 256469 277240 296218 273490 267925 316664 326352 267330 274644 283340 290332 297728 260666 295362 280470 291071 295968 271309 292885 312541 321056 284691 281905 311528 267284 298000 302105 281053 294177 310500 291328 295862 288775 289863 251924 297662 292153 265641 300983 272008 302722 315875 286402 284016 285830 268046 277746 280840 301267 306330 253513 288080 280855 298031 292222 279359 317681 231062 309365 304072 297604 303288 264678 315828 337198 304510 309226 290877 299620 274833 292582 262190 292240 289385 283351 305761 303606 
233273 227856 241917 259521 225340 225397 254640 215554 217166 226934 208295 222463 228670 225504 226673 237300 233562 239297 236475 241779 203541 256446 243445 222281 211259 235311 208666 225714 254476 249231 236483 221747 231480 234815 245238 229653 246874 232162 247749 227189 213455 239473 226697 252608 241127 218999 246667 233026 228290 221442 232114 221221 233393 220925 239913 245809 238236 193197 240427 233283 197861 254768 214542 240744 268051 236887 245705 230821 215815 232791 226361 228066 231221 213365 230340 228696 231877 238248 235365 264772 191446 236512 240140 241814 254738 208329 237585 254787 228836 249423 256530 255402 216354 245710 215539 231773 228402 220363 242141 244170 
253716 260208 249608 266858 257137 263503 298782 254468 254507 245254 260844 270300 261637 264621 251710 267622 283803 303618 278616 257986 249068 293541 267093 255844 260086 264886 234990 253732 291084 290183 246375 248843 246080 245112 266954 247824 268192 261941 271504 256183 258101 260979 283393 271062 278980 276676 275609 266350 254566 253641 253485 254164 273356 277350 266085 267557 280139 226430 273811 250668 232661 261966 248141 278611 291436 272839 257160 255707 243679 252837 252051 271567 286511 248935 254261 268758 275299 269429 268789 291480 212736 275080 275039 280990 281679 234537 283087 292679 267126 277695 267499 281186 255140 269131 236732 266764 252019 250513 276078 273702 
262654 262145 281552 293234 254401 251303 303568 256400 267823 249443 245002 258510 253642 263333 265564 258758 261881 286457 272552 256381 259441 273748 264887 246189 247723 269932 250026 252534 279893 273200 270935 240626 253391 249717 276165 260265 281476 253648 258808 249479 256200 249316 268204 300778 273440 258211 278563 257308 250756 258061 262543 253264 269400 271050 270238 262555 245043 221001 267331 262162 237873 297743 214352 280053 298480 271088 264805 265501 247756 255111 259100 270142 269165 245012 250983 270183 255379 272069 265223 274961 206055 278300 300384 273934 281579 226906 280234 285191 266142 263033 263076 278022 237503 268098 224459 254601 252704 255654 272750 272517 
263168 253672 254064 276177 226296 261479 298292 239634 249389 252420 243825 242282 254358 233487 251894 258195 266042 271921 264301 256343 238549 281759 255237 233154 236232 268149 240974 244623 263751 272275 244975 244112 261528 252516 254078 220325 266240 239580 252717 237871 236789 249731 249258 268414 233874 235481 262509 242896 227521 235701 251754 246041 251188 260036 251008 263661 253928 207903 267609 243740 231023 287414 231108 259974 272579 246643 260244 237687 246960 250152 248545 261074 256978 236044 250231 254317 260099 251316 249422 279493 204294 276795 277504 271020 281815 242133 277648 271093 242405 255700 271676 266523 227478 244937 219227 243125 260505 244589 258324 251944 
256718 249065 268340 267387 239711 266418 281304 263304 247980 249094 234977 261949 253703 253322 248159 257176 268749 284651 254522 245389 247015 277567 253559 253145 242231 256794 230802 240760 258093 259882 260857 231900 253702 240481 249557 240174 266734 253045 248949 248761 240741 249340 258694 268534 268146 255539 267617 236008 240597 237449 237240 260364 273498 256839 265650 256586 265346 219993 242876 253286 222093 252838 229313 278712 274268 266520 256724 258386 234186 254508 241670 259455 254552 230220 259954 253495 265677 255423 250941 287393 185596 285458 283410 264606 277326 232309 266874 282052 239545 265798 267203 261359 223695 260382 217361 252172 232283 258644 259259 252175 
256441 241720 246451 283583 229330 260385 279227 238266 233199 223386 233143 247464 243062 235821 225833 252038 252808 261015 230973 235702 246960 257065 243161 231700 239255 253539 233912 243012 267905 258128 236960 228916 257408 250439 240591 215013 268764 241970 249996 242594 231770 238898 256524 263781 244718 240391 272707 244196 238424 218365 241356 250581 258317 241573 247766 250421 247513 211876 256366 244937 225411 263344 224515 280451 261655 253439 266352 242403 230636 261485 243679 253546 255210 223568 249121 247693 261749 263628 239961 271228 196466 251141 259136 262694 271643 242533 260796 274401 238452 264515 255669 227450 230959 261334 205953 229346 238300 238250 253048 254176 
234684 251282 233450 267830 213282 238446 269436 227818 221043 224132 227535 218432 233268 230529 243998 246947 231559 254993 236358 235237 212397 255136 229961 216795 226660 247127 224491 230180 269466 257662 229657 221290 242274 233262 240573 230241 254690 223409 237618 239692 229483 227942 234845 259912 237272 222372 237304 241149 232168 217258 223532 231216 240167 239951 222597 238591 234193 206170 245399 239579 220221 258557 227692 251464 265970 238749 238803 217114 234249 234068 231123 246745 248452 209032 235265 234625 238523 252677 232823 256443 185222 249497 250554 251444 277370 232308 258226 277918 235829 260203 255382 255857 215800 250830 204619 209025 244161 229494 245806 237948 
248168 230779 253963 269044 231875 263583 283375 247077 230444 225219 227811 245871 250218 230804 235094 253992 250219 278215 243437 237820 215785 256026 250194 236296 233004 242476 231720 245802 270462 272649 247138 214051 238663 260999 258672 221439 270214 239008 243522 248025 245497 227918 254408 260737 252434 226286 240003 255759 242429 217632 229860 241345 269713 262714 242240 270816 256859 215672 255755 243073 216077 258377 227076 264444 259847 240557 251656 229167 239576 239783 233893 247424 266322 216034 260859 250361 250235 263335 248039 268484 188609 262142 245934 283031 283579 223456 255297 282338 240765 249637 264167 266903 217248 268387 227045 231545 244282 226741 254896 242990 
237626 247537 233558 259613 229702 230758 253639 237812 237603 227372 227374 232336 230921 237469 229756 254918 248210 262613 254933 218644 226507 254686 254428 219066 237324 243865 228604 214644 269745 268516 220866 228514 243836 223269 238237 232211 266928 230906 246092 228851 222388 242423 239963 261116 251063 234724 246751 247002 239606 225822 238096 229461 250717 228521 240224 237797 250587 208912 254658 245639 201089 250337 235800 264672 261081 237213 242795 246359 226438 225173 233778 258283 250354 210096 239556 217952 256914 247034 243492 271207 204894 244984 265422 251252 262094 205162 270253 288193 241634 251174 251251 226039 216455 227028 217258 233252 225478 231181 252169 246337 
252793 252813 250430 258759 238053 264827 278226 245267 246662 229766 239166 252525 225973 236014 228804 257123 268278 273643 242063 244551 230147 273911 244294 213901 230478 244999 219756 242484 290859 266775 247029 226720 230404 243236 253599 225198 265477 237147 244108 226920 236495 237273 253962 265577 246263 228722 260293 247867 242640 228505 245173 233693 246968 236713 233348 261667 255677 209085 256304 243112 229347 252082 223403 261095 260013 248904 244837 245760 226783 223591 231747 243036 268747 225463 246237 251256 252093 256047 237629 264132 200219 245110 258060 283828 271192 220181 270511 273399 259979 247685 252773 260213 238669 273430 210225 241628 246597 215110 242913 247878 
252035 247800 253567 283359 228214 254321 277666 255223 243609 230096 237194 258559 249695 243319 227869 247695 260555 276378 241521 224599 241602 249828 260916 250029 225494 245337 243349 236367 274141 256282 247239 220708 254690 238738 254660 238168 249377 227384 254018 241722 238296 242396 254147 269301 269187 247951 253036 249882 242054 234689 237690 240612 265585 253623 245726 255004 250350 221274 249678 260097 216790 259877 221150 282915 276202 259701 270268 239576 226752 245349 253631 264559 248972 215940 236734 245373 264903 261237 250439 277507 205238 263543 269935 262928 271782 229687 263177 276396 243246 258985 255567 243504 218144 256360 230013 241832 243086 231924 262240 262374 
240576 238056 232641 254675 227254 250009 267919 238064 246293 232897 241830 241708 241467 249812 224116 248992 248054 274397 246066 210657 222404 265713 244392 218282 236360 261538 228858 228620 272901 262219 232284 222972 236342 221285 235784 231073 263423 234906 227926 219406 230971 235497 254915 261272 248222 226921 236469 231867 239739 236656 238225 249023 246380 239464 245877 233656 244673 220216 242889 232990 205559 262724 230913 263221 257731 238063 253171 238311 234803 218466 237339 249588 258148 206121 255066 247051 254100 246214 241725 282489 196007 260970 259670 264916 263261 222528 272650 269257 235765 255760 249988 247023 224362 239859 216928 229221 215073 239040 260600 248572 
278309 287713 267116 295315 245933 274090 315063 272718 282186 277778 266087 261000 276927 259403 280435 277772 285161 302150 287636 254191 262512 288039 272750 264653 265987 275874 258900 245536 301182 300760 270164 241392 266098 262983 296770 241284 287324 272996 267545 259895 258488 272814 279382 300682 281466 267792 298346 275556 264724 265548 259053 265336 280447 266588 277589 278138 282755 237326 291341 263639 262444 303079 272247 289625 292313 285454 285750 274426 271386 267596 268711 281653 271116 230998 278963 276570 275977 283551 288003 304639 223641 289250 293592 302396 291454 250611 320013 306220 258709 290962 284540 287569 249739 271853 246097 259896 263534 275638 294517 285708 
217862 226945 237490 240471 212221 230555 266359 227106 235534 207572 219921 242852 245996 223531 232358 229696 241076 259052 237600 222501 222632 255124 242560 217939 206606 244098 216567 216464 248627 265320 211838 215094 222508 219843 235314 221565 245421 219121 255648 221188 224301 226245 244979 247147 239444 229963 229042 227062 217687 223651 233978 220457 223123 228466 226362 238236 235357 191231 230148 228829 211032 245069 219670 252747 265466 232855 226247 223935 214081 228737 231030 259102 257004 201142 216531 222024 233330 231486 215871 255433 184406 235637 244562 244112 242148 217163 260432 265853 232071 244851 248551 248895 210677 232502 209901 219035 225981 209208 237869 247728 
229697 224188 251951 253050 218536 225063 264186 230402 229992 228628 224264 241332 228372 235682 220584 234191 250894 252271 238966 238281 223234 260956 237057 223434 207598 246427 209889 207679 250915 246480 221099 216967 236549 214653 247957 223891 233947 233437 246081 223743 223098 224907 230820 245678 243885 220780 240024 229092 205784 220798 220244 228848 232188 228171 244900 223528 244711 193076 237456 221798 213020 250022 210992 250045 261930 238609 235460 218080 213002 214696 230695 253189 244722 200307 225714 226607 233573 236513 229245 253440 202138 236728 244314 240084 253102 213210 253559 256348 234188 250633 253411 250137 205806 247064 210126 212459 239217 225105 241308 233550 
235136 243938 237442 241683 213243 254115 257233 214433 217772 209970 222784 226155 229519 233782 232875 230135 248379 254655 232473 222213 225797 255679 239513 235483 229911 232491 205164 224606 253552 263766 244179 224391 231039 217437 233884 218966 234116 221313 230535 215428 216916 220033 235952 256266 227983 228066 240881 213172 221681 229168 220125 226088 236605 233467 238633 227475 223548 209198 245401 229002 199891 238751 223433 244441 249102 241434 229496 222830 219259 224630 222048 229582 245359 221058 238456 230200 245500 243513 225986 264633 193194 242380 244001 244770 244058 221530 254870 257397 227797 249491 254626 244879 222423 235437 211544 225358 217441 221834 247703 235944 
268572 262717 262385 287710 251008 269116 284502 259351 252496 257460 246964 241625 254138 256216 258489 268057 280383 269566 258986 257253 240306 284625 271518 249686 270157 283416 253540 244501 292330 287867 260236 248404 271510 269625 271208 251554 308190 243920 270157 258602 235506 249504 271698 293713 269409 260817 270996 273039 273910 251769 268325 257078 269348 262670 265198 264174 283403 237100 266640 258551 232612 298252 238833 284854 279094 255790 283186 250633 255766 276450 264367 270731 277007 255859 251582 263339 274750 278755 261471 297993 228378 283048 292871 293818 304870 252110 282027 300952 244050 277332 283076 265342 237235 274776 235341 262304 258584 249945 276566 269665 
216368 225163 225058 227446 215544 224717 254689 218204 212028 209480 205974 216955 212367 207583 203621 229083 226255 246426 229606 198191 222789 242137 223948 198217 214830 229784 210326 205695 236639 246636 208027 202877 229418 212745 224509 221391 239039 211411 221990 207770 216596 212963 216878 224104 215150 207584 214611 218045 217132 214264 221153 218664 231559 225276 225879 209773 212132 184859 227580 215216 198934 230553 202165 227807 239130 210712 239442 214757 215822 225751 218074 228019 222180 198528 228657 209864 243406 238314 215982 252283 162347 242534 227918 234831 248854 196687 245467 271596 205174 215716 243301 217626 196237 222342 182671 197292 214830 223985 225679 223455 
246932 262061 254917 269535 234433 253456 287860 250552 259477 238250 230630 250517 242332 240717 237063 256825 262859 265108 234091 229212 227845 277898 258641 244250 225235 251464 230131 242790 284333 267416 243879 234184 253108 235405 247839 230319 270826 250795 261359 250563 242422 244383 249242 275103 254509 255755 256590 262378 238964 237595 240883 245605 261165 252382 255176 241068 255170 231243 250608 249023 227216 262611 234572 271301 268447 270972 253574 257992 216506 250137 234669 252348 240238 222036 241852 247245 251267 257690 227796 289826 203489 274544 278859 270982 265480 231395 264894 250309 267520 269562 246474 247744 229011 261510 234553 233073 234564 246499 273931 268992 
231006 232044 243328 265968 228129 241680 263484 232244 231376 239157 234584 239367 236971 245175 223577 235828 241611 274228 249946 233424 244674 262577 240506 237425 224829 256853 215748 221360 257073 259810 235935 229687 237655 243890 261064 225660 248146 224553 231890 236444 222742 232765 251955 260227 253892 222326 246028 235882 231548 237368 230981 240547 235619 237442 260431 258159 243836 201165 247061 229757 219950 271513 209288 263814 262833 236356 230262 216769 236298 227110 220771 255787 247675 210723 258148 232497 227947 249568 240952 264738 191044 259454 253138 243591 258164 219134 256507 264769 238124 252917 254660 261300 215303 249114 214405 245984 230103 235539 254960 249141 
242928 242470 235898 261866 216691 247498 281952 229875 243403 228022 241282 241869 236414 220937 227500 254459 251989 259999 223574 228074 234442 268505 236560 220320 231577 253422 221057 233376 268091 256727 238637 237479 259830 249531 244512 226933 251470 228903 254589 226641 223059 246557 258712 255044 231027 243555 272154 244742 234984 235264 227625 241627 245303 249545 248202 249080 250321 207566 265446 235451 202719 251221 234288 274593 268048 238308 236917 231896 230881 242200 247052 259761 258638 212375 250828 244954 251410 239187 239590 274844 192726 260594 266696 258656 263420 223924 274445 264641 240458 253318 247198 227228 223486 256919 219054 239619 216153 230284 254671 250273 
260216 283972 269734 283077 253810 276052 307575 274496 258742 250807 258204 261233 256944 269052 272255 270305 282643 290310 271746 262652 241952 292154 283715 250869 257216 263479 259605 263352 296800 297941 257772 240205 281124 259101 293166 261386 279955 255862 255726 258485 259136 256501 277962 283302 272327 242408 276041 255812 252940 251327 260580 254956 280841 276071 276871 265987 271383 226071 277889 268760 232028 283006 248220 298335 305307 270561 264635 256547 252245 256079 268049 286397 288772 232924 257699 267062 288974 284332 255574 292109 211329 281901 283203 290116 294418 253829 296951 300597 260961 277365 268882 285235 236935 266165 236425 250689 265558 262447 285888 268776 
254844 265812 255395 281790 256805 256946 298120 257539 263440 241357 252588 251564 242853 257125 254208 268809 267064 287896 256054 260659 232311 282149 268675 240013 266365 267138 262965 249445 289681 280293 258225 245089 253351 255012 264689 244483 271536 259893 258066 245664 254349 264765 266893 274513 267838 265098 256769 257439 256647 260046 262321 233802 263946 266382 261996 262871 266878 203401 248731 237526 237648 273252 233156 284213 296368 260785 257921 253754 238855 249885 247494 273377 277829 247986 252459 256045 266780 269970 254538 296325 202729 280210 282095 273439 283160 241284 270753 292693 261546 282498 276191 291981 243648 250587 230967 246248 277273 252135 267317 273463 
221957 214574 231561 230836 212890 220579 247300 230603 217029 221412 216849 222467 226932 227417 213714 223952 237706 251055 228951 215218 207631 240836 234674 200022 203164 233875 204940 217304 245136 241188 213864 199622 225032 210672 245614 209210 225203 217821 229767 222607 204876 211629 232636 241397 231601 220562 234111 224583 222966 217396 227847 212406 225093 223327 229136 226982 236348 199832 213448 226696 207657 247382 211717 248199 246453 227843 225843 211103 199457 221290 215381 230705 224440 200281 205870 215867 233545 236320 206557 244875 182614 237676 257259 238386 236769 198230 237943 240887 220558 227746 217967 228471 197957 225276 209314 223475 226462 208843 228588 224194 
275204 270856 259658 285466 250864 263637 301138 276265 263952 254777 251599 267266 256059 261278 250198 262203 277571 299641 276823 243225 245924 296256 270269 248845 250150 272664 242136 250143 288277 277891 259083 237236 257045 270462 263805 235017 298264 267080 258691 242000 245987 255911 262399 285854 271742 257921 266787 266067 257416 244658 258256 267839 271316 273058 266496 274065 273416 224350 274934 261930 234341 289861 233594 286460 295000 273543 279288 265437 251934 254474 243001 272594 275178 232544 262896 258332 266282 271080 261901 287200 207085 280607 295304 279671 279303 243373 292884 302142 254211 275856 276920 279627 243687 268815 224575 257855 267154 265117 267886 273547 
238292 238388 237448 265879 223896 234760 275599 238318 228024 234433 226903 232578 227534 221356 223142 238153 245567 253215 237979 220143 218881 256732 235441 206765 214865 252408 221716 217889 254645 249437 221071 211317 241862 257991 224136 204277 241368 237853 239527 232733 222343 231815 244676 245650 218082 229729 242001 240622 235172 227905 225802 245744 248572 238326 246691 252307 240123 195584 238190 222855 220170 268647 233566 263714 252110 231966 249585 231442 223014 228922 233395 254293 243458 201294 239078 236992 233492 234802 232745 246240 171476 259663 263137 268419 269541 214249 262515 262222 238304 246194 238093 244064 219371 258853 220402 222103 242493 223947 249146 245002 
266148 240703 247515 276186 250594 248474 294649 265601 243674 232246 240498 250141 240895 237742 253028 250340 264135 280161 251947 254234 233811 274207 260377 230192 245024 264154 235126 246115 272528 279764 228439 225592 251042 252028 268212 228625 268904 254958 257735 247759 230765 253522 264147 272043 253327 241739 269422 234535 249699 247173 255033 251330 256941 256798 245232 261007 272310 202566 262766 255826 234216 272541 240763 268275 290719 247198 257841 248982 236896 244162 235010 264626 261908 224734 231096 251080 257325 264265 248273 278805 197051 255716 279686 263981 273575 238246 277585 295964 251104 256679 260468 265532 235176 257549 211444 241072 264014 243248 264291 259068 
245880 242529 233269 257614 243776 260256 283635 254275 247168 237936 234706 260955 240698 243926 239375 245054 255713 288809 263640 239084 238435 262396 250360 239250 230507 255846 232488 223015 251308 263351 227610 228418 241136 229984 253212 235256 261547 241570 246796 240039 238073 260482 254259 251739 255323 228524 244636 238331 239613 227049 239929 248734 261841 256460 240102 262453 257255 204173 254137 245379 217039 253270 229267 259439 277346 259398 251755 236516 232407 223533 240481 256401 258139 213791 239552 240279 256739 245139 240157 275221 215929 247468 250303 252183 261274 224627 266215 283144 247259 260620 266372 267280 223987 234759 222159 230354 262440 241618 249667 269965 
267738 275963 265474 288883 248522 260776 297652 275192 248029 254670 260008 268100 261862 261778 268919 276327 282121 288975 278903 250246 247966 295638 280384 258255 256294 283047 274845 262459 288745 289378 262582 231871 272139 283673 286419 260297 297379 273986 269626 260118 244306 247298 274865 296560 281185 261771 291827 269912 261862 259853 265442 259006 274495 270373 276636 278838 272129 229519 268229 284674 239223 305784 247410 296726 290937 273314 275629 259511 268412 273200 258678 285775 272971 243873 264096 269901 273787 291800 280102 309807 218761 280927 304592 290035 309158 256830 288636 317757 263437 300922 282481 285273 237468 276129 228057 238901 262847 266217 283223 284121 
270331 270345 268946 268240 267592 288720 303591 273731 254694 240727 243837 282779 261531 251190 256677 275019 279568 290820 257118 253221 248445 284791 278045 255163 255491 263531 251859 247798 287112 296668 259648 255267 274740 255055 271787 244431 278132 259653 260275 272903 270239 269805 272580 279426 262910 251299 262628 275089 249822 254713 251923 249927 276832 270928 264173 279288 267306 238851 270564 270718 227144 277388 248407 305432 300374 257517 265007 254145 247641 248265 259127 268504 285161 234797 261710 256955 268022 266505 262260 293450 209971 294354 280543 276865 287205 244055 289556 307807 265883 279843 277154 281475 247797 256623 231267 252478 273568 245522 290182 266173 
232180 227092 224432 250363 213270 236735 265212 216674 222711 219259 226843 225416 218621 225047 208852 242411 234135 245182 220228 211936 223380 249527 240768 208103 218801 235342 199845 220493 265744 255264 220339 225605 223631 216637 211977 202664 235683 221030 232656 218166 205992 233052 222539 243561 224589 230703 226040 233740 230015 224555 225439 223379 233583 218769 227465 229041 245496 193980 255113 222319 200878 235942 223131 245069 247284 229267 236444 229749 215782 221932 206452 224420 226396 212603 238648 231475 228656 234231 222592 264172 179815 233294 241431 249370 237536 200035 232143 254539 235993 231947 257526 241107 214928 222171 200421 229231 223802 225640 240806 231735 
279842 287482 269959 299043 278052 277537 319941 273841 277357 265407 277208 259079 259866 245252 277921 269456 284580 311688 286764 275131 260915 298571 287879 256143 272852 273157 258514 267893 300061 300028 278928 261066 266256 272585 275234 252401 299389 262263 278900 260711 261839 274547 287380 299086 288995 256931 290657 267446 267036 256118 279268 267420 277149 280545 276703 283469 270291 236642 296190 277923 241383 291946 256493 299924 316036 278661 270789 269414 263357 259104 269726 285267 283109 247920 271480 267722 283992 285857 277664 304137 226801 267888 307929 296314 303872 253203 297753 311786 259550 283553 287852 284742 251113 281264 249024 275584 271158 262352 275101 291312 
245118 259411 233010 260571 219716 244966 266826 240876 230728 234142 233418 240607 254525 248875 265980 246006 248827 275539 262072 230095 236483 252546 260765 245005 234336 258556 251781 233767 258027 272685 238126 223321 225916 251323 246793 217346 250697 241283 240979 237594 241663 244764 252823 254151 242914 235802 246811 245509 233595 233348 238932 224018 253860 245119 244162 260003 240275 212235 244370 245736 232879 255551 228712 269927 255705 249872 243383 244496 229411 234710 242138 266705 247858 228135 244382 247264 233018 260279 260815 256653 198396 260214 267122 255707 263740 216721 272497 278251 242433 259908 241358 246737 222532 236539 215244 226070 252761 227027 242660 243852 
272856 278657 288010 279630 251420 286573 297371 265997 268118 258036 254496 284839 259420 285432 250688 284040 276147 301700 270652 264220 267579 305090 281830 255059 251074 280886 259812 260637 290629 292961 275832 261795 284262 249326 287457 273806 275003 266348 280240 269674 268700 276859 275597 275650 265556 258183 273325 274799 263605 264405 264770 261606 273645 269666 273855 279199 257127 226874 268977 277479 238960 291040 230805 300530 292816 275825 287948 270427 257813 260418 262743 262598 276469 240749 275748 269923 275301 284711 267454 296442 221690 295641 277150 283609 300087 251618 285879 294440 277511 278464 288556 288001 247797 267053 231186 252621 259128 256146 280015 274958 
219231 215106 216720 239181 212286 214785 238896 210815 207454 194022 212854 223894 208409 211310 205234 226458 232858 239227 218085 205335 203434 226585 221879 188470 197610 231468 201011 202841 232138 248009 206013 194876 213798 206136 204630 219048 234520 197955 209958 194995 212915 211160 221748 232999 220632 212746 217951 227221 200694 205079 211548 214256 221806 217359 208562 224103 223518 183904 233484 223033 206575 226139 209282 236973 240533 211541 216935 223375 204810 213074 217173 229634 228598 195729 199846 212019 223296 215630 214787 231002 188026 222760 237347 231824 232195 181066 239629 251102 204383 225925 226131 217460 194881 231881 201076 191224 227061 195627 221219 229120 
258523 258184 245634 283028 235673 247036 297662 247255 262448 226115 245319 246385 236203 242422 242404 257668 247426 273529 253403 257553 249150 280968 269464 235957 232083 255202 227452 240134 285796 281323 234400 238732 252858 245818 256398 233794 268913 241712 263936 250590 244223 260084 257805 266466 254239 243811 273350 255794 232107 240544 252656 247908 261434 239935 239478 268234 262029 208283 275752 244716 239408 259122 223616 276022 276912 266225 265017 261360 213468 251446 243368 247182 253184 217547 245148 250264 251646 267085 239363 267608 204508 261984 264424 263746 258552 228722 279358 262117 252708 269868 275639 261047 237413 259394 214266 248435 264089 243860 259335 259648 
282534 266704 277437 281109 253635 273963 299473 272292 266126 257198 248721 257042 244001 260822 261524 271269 269238 297078 268397 250837 250786 289046 267494 248332 266510 275697 245368 248998 292126 285878 255032 245549 264387 255088 261491 242643 282893 236726 259791 256146 250774 243466 260209 288514 278038 261638 260091 277133 253518 248974 239983 259685 268791 274831 254263 263119 286631 222907 285608 265897 236865 287208 245179 288840 302752 275138 261905 258929 250856 264291 247476 269352 278121 247349 254686 272300 272319 263387 258152 281383 212488 281322 299427 279631 279140 241196 290097 296533 253724 252268 276805 276678 236605 267235 221863 258563 257636 261705 274390 260723 
224124 223923 230871 250309 219480 230155 264871 217756 223311 215436 226671 227134 224258 236653 206584 231633 245680 247728 231937 206718 222350 258386 245047 217396 230267 241286 199662 230406 248039 256988 227437 213527 233289 232350 228877 215559 244605 220084 233652 219503 206845 220484 242011 241595 223038 226244 240038 234996 238396 228910 199865 236654 234981 235592 243220 245983 246355 190910 236662 221540 204377 256975 216077 248662 252697 219947 235942 221874 221011 224922 218113 227790 244606 208836 222536 237239 238803 230318 218031 248768 183590 237177 257805 262469 252131 216573 255943 259178 224365 221332 251896 243381 207728 231122 208917 226264 218362 222480 240142 240192 
240241 237391 230743 249309 215847 243849 259404 237159 235657 217622 207171 234187 229089 236540 229845 237655 245943 267718 237483 207945 218534 241868 238514 214117 225395 241285 215905 226206 243985 254118 214986 201981 239738 217336 244635 224645 235399 222035 220588 227060 215320 235755 232793 246078 244376 227802 233852 217041 232363 223024 220018 216323 241723 246913 201219 248762 234751 194096 234826 234129 208696 244387 216482 240973 254808 246697 234225 235526 214649 214165 222943 244215 237545 219438 212533 230786 234557 242225 219239 252858 193085 240703 252068 247850 241742 214789 254347 255527 227225 232313 249038 228265 214526 226145 220729 217015 228787 228069 238093 236603 
236825 232546 230453 260130 221835 244863 266630 229081 235910 220286 228544 236874 232815 232166 225538 244259 245954 257598 232433 217150 219361 264113 251117 215967 242483 234115 222307 213968 249388 259009 219737 222173 248943 224751 226681 230122 240342 243577 249219 228739 231375 240235 243503 249630 236877 221966 235614 237071 223715 215812 231533 246143 248887 243446 233978 245015 238493 203132 223626 242092 206003 250850 207853 252613 261335 237795 240844 239243 211731 227174 232991 247234 244096 213680 226416 229340 236640 237324 237427 261185 177249 247701 269304 242194 256017 218078 245704 257372 234373 242412 243700 253070 221484 245250 221009 231760 235867 228027 262287 249730 
251430 241356 244972 275978 244513 254157 292383 244058 234491 235760 234086 243919 244695 226955 236191 253152 260870 272780 245374 246681 231896 257122 250669 231374 241692 265077 218839 241018 257862 263262 236033 230050 254555 254041 243283 224073 255737 240120 238627 238135 249661 254093 246814 259490 245357 237864 241238 237866 225611 239379 246373 249691 259551 258926 250878 258503 249452 199891 254885 245053 223392 278299 235031 248692 264463 253605 260894 255457 236564 238043 250955 247130 248047 218450 258536 254005 259841 246721 254871 275419 201891 254155 250388 265725 267920 224608 264143 285684 234699 256038 277059 274201 228662 261791 233756 243187 250688 238867 273231 255119 
252501 252036 246420 277440 260762 251552 286540 249989 238011 235158 245514 243126 234110 243081 246744 252413 243491 290072 242120 244149 245224 264225 251610 250925 250776 243096 242021 245646 282448 286059 254638 243745 245289 246500 263276 232136 262947 250009 260454 245703 248439 249035 255986 262177 254868 240538 263454 253088 255401 256818 243080 242287 260792 260457 251672 255950 244322 220801 262339 246955 222644 262797 229123 276249 272092 245525 237079 251725 242575 241523 236760 260086 252927 235322 261212 262883 249062 266208 263255 273254 189081 261589 269249 253148 280943 231788 261025 294653 260987 268240 257798 271922 233742 257507 211880 254387 255018 239169 274907 260516 
271424 251149 266319 280398 241022 273236 286666 253161 252358 249517 246821 248338 259771 255144 255001 260504 268997 286786 271690 257089 249074 272035 258994 244333 242419 274432 244287 238824 280504 271782 262106 233165 240175 243452 252609 232383 260159 241563 263909 246736 254023 257612 265077 295009 270332 247130 273181 258713 247040 236313 240454 250764 282002 275958 250149 278601 258067 231956 275345 248761 229668 265118 240990 269269 286875 258810 257771 260461 245193 248176 257569 264739 253985 237988 267673 264121 261598 261371 275753 293910 214527 279487 279830 271986 278756 229544 282445 279091 259478 259171 264130 264949 221032 272229 251984 248457 254473 242703 263695 260364 
218064 226342 220663 240265 219741 227724 254886 224609 206270 214142 214899 230445 229838 210499 217632 221148 240123 253708 232552 206567 196940 241528 233005 219029 209290 219385 209422 217298 244330 252735 211770 206000 204745 214237 222721 217095 231136 234494 228008 207272 218568 212345 216873 227261 240735 227840 218544 213899 198227 210861 217596 217737 223389 227395 206889 216353 224328 185485 222142 227946 203952 233799 196505 232480 247313 237841 216611 216073 210429 216780 206679 225011 228415 210486 213326 221470 224042 237993 225526 252162 183509 231303 227515 233591 239565 200248 213918 258031 209951 224292 233681 239493 205278 222842 205310 201981 208292 212494 208877 236526 
255029 259037 261706 273258 247528 257982 284032 241793 258544 238636 258118 253241 246221 257071 247187 247827 269478 289023 265260 253176 235123 256123 262564 240990 235202 257764 240064 233556 288181 265215 250460 236960 243749 255534 249907 217424 265357 237115 251150 238052 248486 237287 264539 271805 258565 234786 259495 250883 254693 244348 241327 240216 270498 253617 258250 259593 260038 219326 273002 249062 219925 274940 233093 290348 289347 256974 254114 248752 230722 250092 247680 263873 267069 213289 257903 249818 262755 255754 242247 270137 196058 259181 271367 255928 268565 228086 279881 288288 259215 259830 265952 268854 219543 263137 231760 249420 260918 240364 267147 271388 
252156 228634 244211 238787 229839 238953 277231 229516 256743 216080 228950 266369 237122 235059 223296 251541 250507 271263 241249 241078 235155 278810 247515 229388 216917 261734 216788 238016 259753 265624 230784 224055 235185 225360 240533 211006 256455 256232 252435 240178 240512 247271 254660 246015 243307 240583 233053 236959 240482 248956 250508 238598 250626 254138 262173 256067 254356 196942 257736 232832 209671 260084 231924 269536 269253 248097 251294 249281 220775 229386 227224 246550 253352 229769 258082 251392 233662 252422 239895 272744 203541 248963 246652 260431 260063 225444 263759 268838 251463 263132 262953 257961 228869 252720 209037 235881 258002 231977 265381 246172 
253950 249755 238697 258911 239800 262018 286061 230367 233475 227116 242445 233412 246189 245501 247809 256946 253114 273559 239487 225323 234199 256255 260137 241545 237718 245500 234560 237482 277640 266819 246432 223983 233982 245507 246013 212210 262385 242702 243315 244874 236575 241014 260570 251473 241913 228266 260322 233661 238414 247335 238937 226013 251396 242852 243678 248818 238194 228429 246029 243734 220314 263541 218259 253459 276355 243834 251499 240216 229201 227301 240183 239842 239925 228940 250453 242265 235627 262721 263832 272581 191598 267866 270649 257233 270234 228709 268896 266423 243606 266811 253514 258076 238091 249712 215460 227771 242979 232263 273132 245763 
252229 261030 250803 266738 221582 259570 276271 235274 242737 245981 229834 259041 256050 252790 246470 259296 271061 254671 246338 234066 255302 262936 257631 228630 245144 263247 234248 232411 266576 283936 244683 250021 257774 238890 265401 242735 254418 238894 257643 259143 238522 256469 257303 271479 253303 249666 255957 253545 258815 252248 268468 244348 271070 240117 261168 257230 262403 222175 248405 252697 238856 261568 230708 274516 265191 257152 263419 256389 238964 245791 253178 248437 257004 232057 256815 248041 261531 258414 253056 289179 208918 275276 275584 263577 271767 230549 283621 277682 248239 258782 273601 240181 229540 247260 226638 256902 240542 250499 277904 247386 
255360 266748 262608 279895 261593 271588 305321 245571 248561 250103 256427 247409 256563 254310 258546 259563 281237 273380 250873 240662 247618 263759 267264 244429 250846 259590 239818 248245 276705 287293 253574 249133 257165 249031 281264 237660 272091 249804 256263 260473 254915 268129 265870 279448 262423 244827 261552 246650 235451 253256 240768 243933 260550 269101 256227 268973 259118 233998 278448 259993 235625 258472 249721 276581 284771 260044 260882 242979 248394 242908 255792 274677 263406 225918 239025 251585 269209 265491 263380 290109 193480 273713 273522 280417 270672 232400 279438 274785 252147 265295 270998 263859 238953 268651 237883 254490 251983 236383 281651 249817 
253559 236785 257529 269640 225590 256627 281044 236445 238532 221400 236356 235321 241164 238750 232256 244547 254642 265794 250740 228577 227355 261292 244968 215846 232340 249552 217882 226697 273990 281438 222464 222843 246677 232031 240469 230532 254433 233502 236904 233808 235573 221250 246219 252402 236335 232407 249758 235881 228311 222449 232454 253987 251903 254904 234739 244658 241271 217896 253166 239043 222855 273167 204735 257449 266563 234895 255862 241406 229088 239461 230453 243153 251168 215539 246094 244038 245362 253667 234798 254780 180001 260535 265031 247141 261034 215345 264975 266579 245799 240063 258565 255002 219195 244194 210857 224122 230101 235400 257176 243120 
262363 252302 264256 245728 243601 263028 284485 266024 244616 249795 239531 257411 244191 249788 248124 269929 262534 289701 245407 253339 234890 270266 256950 243331 236747 256663 231768 235241 269719 282703 246421 211144 250089 248973 259157 240373 271816 258601 249637 255760 256786 243707 255891 249883 237394 230357 246329 248178 255142 243525 242935 245498 252339 242958 256825 253959 263507 211910 248792 250174 227585 267122 237942 280684 275638 249714 271036 251816 260056 248784 242321 258996 256912 226278 248252 257499 264054 269366 248268 269101 197045 274883 264410 276085 288999 238477 271022 293718 240675 264507 268056 271459 232751 260930 207885 223635 257267 234397 274596 257880 
241821 248106 236990 243064 208819 250282 266763 234924 226405 257932 223662 224209 230893 234243 234027 251403 263385 250774 246397 237088 236102 268225 251099 222061 240377 257636 220266 218876 244385 262412 222345 222513 235522 217980 248831 223835 239323 226236 226661 234374 228219 227385 232840 260817 221619 218589 239263 233395 215648 229830 244410 224839 239596 238656 242643 238028 252246 208821 233601 233738 215775 275102 215016 257372 248250 245089 240606 230471 239406 231013 226876 241249 238035 220483 244609 236326 256032 251217 242624 269064 197762 259383 265846 272951 274826 213064 253371 257142 232195 230025 254367 246637 214154 231988 213365 232569 228661 217882 247138 236937 
250425 244615 235300 249632 228539 234488 280680 240467 220080 233243 219437 236721 226956 237108 217992 245273 233064 250132 228319 232090 218592 269127 240362 229334 231965 245970 221085 232679 280929 271959 239327 226016 224973 230062 232925 213221 250492 247323 246087 245207 227761 240392 240472 266807 246425 230563 249410 236041 243229 214403 228371 229032 245027 243691 240529 239692 242990 207222 246157 233475 213505 253098 209098 256139 275867 238122 243232 243265 234458 231694 223995 244768 249948 222700 235839 252353 241231 236412 233097 273021 184114 241502 263134 246233 265880 231533 251894 266782 246962 258888 243717 261021 232192 255558 208950 233994 240424 238605 268895 246625 
234221 223104 241937 250296 232815 231867 267145 242562 217004 224429 235279 232643 214237 226438 221378 242888 242751 271531 221902 227614 221125 264298 239171 223605 220500 237546 209485 222420 258772 245405 224492 221850 243403 220170 240929 227252 242873 230185 221128 233208 220765 226646 239219 248348 249298 210548 241921 220730 225489 207777 224278 240178 227805 238887 227150 214644 242154 209892 232126 235079 207906 241716 222871 265436 268493 244593 253038 226941 209384 209676 222021 247030 242144 200615 213995 243918 244204 236323 214939 245750 177707 248292 258407 259922 254109 214671 250638 254771 230237 252259 230779 251748 230284 242118 185081 215661 223628 218539 249524 234331 
257346 250875 242454 253811 216632 252750 273646 254390 240646 214775 216414 259064 232153 229638 242866 229095 252420 268852 249951 227349 214375 266940 252613 210754 225441 266818 226097 236050 272713 264528 223530 219909 230697 247477 249473 213199 260725 246209 239423 233951 226461 232768 258441 254650 247168 220716 237213 241225 234976 217076 243150 243010 259216 244931 233103 248425 249909 194909 265146 251893 217750 278028 216118 270477 280868 240111 253564 236407 229420 231925 218174 232977 271475 214359 242081 245104 239359 258235 230253 257608 188161 255195 253756 256647 258579 233602 264892 276096 231730 236941 250293 258425 226973 252655 196090 226323 246942 237291 239944 249472 
229792 230037 234926 259430 236461 234139 261410 215660 231354 228522 216947 245042 238516 228577 225750 239242 244920 252739 239998 223525 226739 258986 232061 237374 224996 239460 219898 216985 272693 259831 234510 219289 233986 234059 244903 222319 244454 238825 234373 232992 231050 225656 232149 249943 242187 219174 243706 236076 236808 217851 219294 231374 243079 231951 240468 246672 239680 200313 249561 211611 218849 256362 213863 246739 266060 216762 230472 212433 228275 223346 224129 245645 245904 223580 228961 231512 238847 238211 240494 259014 189729 256305 241635 244239 259152 223761 270871 258699 229585 258226 246277 247217 219722 256929 202278 229759 232251 226904 256604 233283 
246227 255636 231592 277827 232717 242570 277796 248876 255282 244883 242913 227553 231880 250299 250359 240552 252688 274278 260358 231322 232293 261901 265785 219499 253674 253252 243883 243054 271339 278856 227938 229201 236478 250190 257187 233124 265862 245776 257719 232920 226956 236918 248407 254680 260472 241267 257994 247210 238729 237899 241494 235252 253335 230230 242802 238257 271249 206391 247773 234445 234484 280577 223269 247232 286424 257897 241902 241021 231697 222493 247836 242598 269901 220926 247626 242828 263563 263429 258515 284366 207222 252824 267994 283547 263216 222522 265726 274158 233687 240481 260185 252194 218037 233844 217066 217658 231181 241559 251111 241148 
261703 243172 251673 279103 229588 249822 282743 242835 232211 230731 222784 243672 245841 237320 225909 241743 252931 256820 249486 234394 236077 256837 235465 230697 226770 271798 228815 223690 260033 260535 230397 222431 240041 238829 250311 224103 243335 237877 229944 239204 232220 240279 239190 254995 246369 235607 257149 225248 212872 226815 237407 255096 255021 243328 255784 257851 243107 197733 267991 231929 228130 268101 222894 258599 270562 243643 263850 236598 225590 242731 232446 255652 243031 219982 225941 257297 248829 244969 263488 276157 191399 262665 268349 244975 253518 231498 275970 266642 229495 255827 254465 238398 226993 252676 219048 235009 238746 233888 264484 251613 
249609 249378 246696 271051 242089 259341 278327 227708 236589 239551 254470 247169 265325 251181 239541 255691 256829 289955 253178 252798 238512 268989 258293 251533 252680 249592 236403 240139 281449 284137 259938 233859 248703 244121 254991 235336 255043 243740 259550 250624 245175 246571 262207 269101 257555 235390 268729 242985 267036 250129 248400 252591 260034 259187 246010 261725 246077 226732 258812 240777 228160 257402 238361 271964 278656 250267 256841 252996 244009 239834 252993 258517 253113 233973 267029 260706 269643 267493 247271 288284 210133 272318 259441 269323 281021 251529 276349 279048 257289 272316 282610 265120 249712 265897 235546 259887 248951 242118 274365 266095 
251918 230166 228697 257814 221266 245007 269692 233035 228648 212556 232692 236957 224216 225335 215777 237822 242534 260089 235372 223481 218974 247971 237461 213555 212779 243197 211873 227761 253120 246138 224555 203996 236201 239965 235904 215111 252737 204933 213462 228964 223412 224627 231351 241071 240519 217927 230577 229258 218366 219832 236987 234749 237399 239031 234243 257644 232995 189837 251884 244582 214487 263391 198585 255201 263863 239964 240960 230141 230152 227496 223266 227547 228021 206053 236211 227268 235558 246810 237812 261374 201374 238761 250156 244164 242973 214844 251615 265525 221151 223316 253731 236590 206790 240265 210090 231564 229079 221744 234127 247969 
246595 267322 239482 262149 230837 242218 275525 239410 244950 224284 225161 243445 235676 246044 236803 229386 257906 261434 276502 237525 245713 270866 267103 238287 250945 240442 230803 244690 255484 273373 239827 244728 233731 241396 250840 239441 259447 245106 238308 248372 227282 257757 241535 269927 266035 245001 257555 235680 231020 240240 253437 240344 253474 235951 241945 244629 232735 204802 259412 257417 235003 264886 212139 267877 272163 266425 252897 246134 221157 232606 233160 245126 230620 225436 227007 241329 248614 262554 250155 271148 204349 257028 280092 251279 253390 214185 255794 288131 237798 246911 266694 248565 235145 233254 233566 244821 245414 250996 239304 271091 
283839 266154 271730 288308 263714 273810 303943 255735 254845 269565 277602 280803 260605 269575 244534 284998 292884 307782 272522 272390 267450 295532 282566 263866 271691 275025 253546 257364 306915 304487 283300 257617 270873 274578 282343 245968 283241 271459 263782 268387 267910 272157 275341 297255 273492 261445 278722 273992 272864 264414 254644 263639 279743 278137 265138 278202 283368 250786 279270 267639 240580 291761 244072 299355 304670 272594 282543 256434 262316 258665 258174 268477 286709 249962 269241 271914 284920 276278 279705 294912 219593 287889 297929 288247 296217 241960 294297 300512 265710 290710 292198 290250 271713 276743 240481 266003 274739 250872 284199 281348 
245113 250643 236373 254509 227535 245743 270705 220970 235596 213830 227583 254524 241622 238201 228877 242860 262602 272356 243255 231260 222071 251837 251175 253016 238289 243155 219977 228873 281044 261287 241568 237044 248386 242611 262293 232231 253000 233517 241902 248304 232046 235729 252518 260090 253925 234116 238998 239778 239158 225623 255307 244211 264756 261317 258662 238629 234921 214505 254990 252966 215710 258063 205289 280726 275517 255906 253085 230542 230659 240838 229344 250887 241720 233156 231634 247127 257994 253583 241909 275684 199898 273120 268657 238319 264714 236464 269459 261960 230025 265837 264659 251404 228530 251518 218244 246172 241009 250221 266102 260917 
234854 241377 236308 252981 218146 242662 262162 232792 215991 215403 231184 226267 216843 237777 228599 235465 251733 266241 230738 245313 233436 257756 241029 225479 237192 251232 214164 232470 258246 245875 237955 236920 224199 232381 248856 233264 242781 219583 236387 229697 231237 241356 245232 262216 250333 228861 247975 228517 221768 226894 233455 221587 239238 235121 226869 233274 236329 201042 248556 240907 225763 251726 218687 262944 259030 251257 235149 221707 214401 225059 216094 241845 244704 216197 240374 242103 241166 246350 237107 256897 194917 247308 234097 244687 258492 200315 243554 267614 229546 240217 244782 246574 220602 250599 210314 221734 221093 211243 234206 242161 
247666 239305 240364 256568 232844 241579 262459 232983 246145 230733 232318 239979 234891 243662 228430 241681 249235 275039 243592 233133 226819 259485 232560 225204 236354 240661 232471 244365 272461 271101 242036 240802 216567 217077 254039 225696 262408 241823 240181 239209 224701 233505 245150 258681 245341 229328 232951 234688 244247 226591 253602 242769 258111 252463 251009 230250 232072 209050 246554 243319 211240 261611 220460 258397 264574 237485 245915 231493 232341 236120 229892 235261 249285 224688 244535 251281 253585 266481 241414 266632 187020 265892 262584 266730 261666 220593 253462 273343 240405 240948 245850 264492 224531 248803 207867 247536 250198 236575 243764 245192 
235068 227672 231663 248736 210946 221995 263060 212762 214925 215930 214203 218194 206798 214902 224809 237518 240175 240333 217634 214391 231280 241012 233411 203284 229376 241671 215151 223380 254459 263723 217249 240810 228671 217044 239469 213896 241197 205408 239056 239461 218520 225823 231880 252814 230699 219376 228355 235094 229359 238263 223878 222168 237499 235231 229333 233229 228882 205245 238517 221913 217580 250075 207170 249459 253219 224296 234489 237828 220642 217014 224926 240873 227597 202348 241673 232838 223610 227252 227528 252497 172713 232248 253936 250834 250180 197969 248677 254947 240135 227811 247644 235248 217690 251050 202693 235961 226817 218534 250754 228652 
259466 240306 241552 264578 232741 257635 289992 253905 243958 237028 248049 246371 245312 229008 235444 251729 244470 269774 256435 256973 238013 272250 253606 231046 232816 244323 230105 238456 276794 275627 237069 221031 239747 240663 265024 230203 258103 247619 260451 248217 235112 238347 272669 254994 254437 243797 263389 243749 247433 223995 251446 258053 262284 250947 252255 250601 264459 217362 253229 237295 232608 259258 215227 277591 263673 261706 268272 239115 249038 232152 251450 243094 260160 214133 265421 261700 266474 258218 256947 271463 204621 262792 264678 289638 278290 225894 261493 266432 242544 257841 250249 267218 224505 245357 215511 240450 243791 231366 252210 254908 
250607 256801 264119 266981 247381 250139 284352 255656 253566 251680 234247 250290 236865 257192 253706 254369 269099 277994 276252 248405 228066 263063 258199 233237 248158 261992 253390 232068 280554 286561 251381 229956 232404 257394 261431 231536 270230 246146 259930 250576 248368 246845 246817 272602 275069 240414 249083 250123 247091 253925 247015 234090 267988 244725 262227 263294 263050 217230 247899 232807 239033 265418 224464 276236 282101 264274 250857 250403 236503 249330 241543 267270 272844 233067 255916 250018 263630 267739 253636 287145 195298 267429 272120 264563 270328 230685 275030 283201 242909 259380 266728 272955 219419 249326 237975 237067 243474 241447 259830 249359 
238686 268664 253616 264466 225559 256090 277902 236900 235509 220644 232320 248664 252046 238611 247096 249787 260800 264338 267435 240675 234801 271105 252779 228801 246021 259309 231776 229842 269295 281797 240122 226544 239553 240730 242288 244588 241069 244695 241353 230086 233383 245937 255059 268129 248455 243438 265557 234476 237736 235153 254822 237878 253876 244580 244074 242060 230695 207533 263207 256441 234011 263368 229427 260987 259457 248539 245565 248522 233800 245729 235813 261837 248670 228780 238928 240396 247952 267188 244744 270041 198777 271374 272775 259887 278414 222539 260461 297536 243508 259467 269150 258599 223824 252240 225011 217081 228744 243437 248178 252305 
249025 275613 258111 288139 253052 262345 310788 265648 263010 226352 251704 246532 253207 246534 259341 246700 269379 282798 251794 262062 247030 283842 269823 242610 268772 271458 246726 242850 283917 295600 243325 230224 251774 247999 268155 238236 265098 249783 248278 247946 247230 258050 265516 277994 271586 238270 273810 251492 243016 245158 258988 251604 266115 259221 251002 267669 261502 210671 269149 260093 244419 286907 244575 283883 283619 271087 248941 253176 230854 247899 247097 266991 271084 230811 241560 268635 263604 280953 260452 276413 209419 267510 290153 277642 272481 248587 292083 287252 250742 269574 282382 273432 238629 255316 230411 245697 255685 241927 273797 271526 
226760 228587 246399 245895 216485 237294 246471 229950 237314 208973 213495 239230 224144 217773 229147 227598 232223 238787 220186 227545 222238 240463 231587 217220 213137 224752 213614 207045 254295 241102 218909 196080 217562 221557 219391 214453 235111 220377 230158 219003 217901 216454 226658 256426 229308 223811 236149 214780 226176 207620 219667 229719 241968 221239 236129 231096 230833 189960 241813 222829 207296 238056 194877 250633 235850 237481 218688 226558 210516 213625 218368 237143 254325 201392 234203 225640 213089 229453 238052 238999 173025 246786 246474 241636 233970 206648 238321 242021 220990 235979 228582 247647 199936 231566 207774 222174 222896 209614 236869 231743 
235228 246568 240469 237593 233172 225375 256542 239734 224729 220207 222076 236480 228575 225959 217809 249722 253210 255983 237741 224317 215044 265025 251381 224167 232447 235276 202564 231766 266577 259537 235313 232725 245681 212051 247886 235343 245844 232715 239650 217238 213046 237963 243626 257957 245659 238810 252086 240527 244156 218430 237595 235560 241114 245125 238587 243772 238708 203251 242197 249667 195024 242946 215600 258495 255278 230483 246411 231098 218290 218184 222367 227307 240539 216152 224258 234411 235855 248564 234582 252408 203405 238481 266400 250300 254386 204690 259862 271002 238667 237521 253345 250873 219589 224212 202389 236360 240167 231620 246779 244029 
248295 253869 254979 256517 223267 262476 281771 248913 250810 232710 216566 224477 234286 239562 241684 238381 246673 266648 242826 232927 228188 274516 242744 226087 242728 247354 229896 222870 260573 262617 243686 225288 238137 222039 250745 220420 253717 234871 240370 229496 231333 234023 239577 263305 255449 230472 245302 233401 223174 209059 242853 233076 243706 245030 239799 235300 246360 201931 245989 238810 221778 255756 214371 248002 269272 255484 249361 232564 225985 232563 235229 243701 251765 217375 240907 244288 250553 246331 243268 269562 194971 245456 273445 257377 251083 214073 259526 275712 235064 240754 253159 259766 210830 236104 213069 227103 239230 243500 250843 246766 
228614 241852 245207 263431 237993 254494 285866 226019 236659 234138 225370 236378 255564 232062 234814 239675 272925 267462 235682 235303 236955 268792 249767 233430 234864 264835 222887 228449 266168 267816 236621 221750 236881 240043 255046 216452 256564 243640 243125 242224 233269 224437 245298 266232 246014 228726 244553 242186 227615 232883 243629 234562 244968 265662 240315 261872 255481 204372 247863 231383 241162 271266 214556 231809 263503 247023 226256 237823 225864 233622 224544 243286 242630 233766 234333 249087 239124 255369 232443 272341 199671 262408 254487 260413 264596 230616 264280 267477 247442 254212 272907 255458 219859 261046 227223 231755 244164 232976 260076 258433 
261466 265719 265667 257788 237034 267269 289408 259501 239851 253881 241351 256376 245388 260677 254745 264827 269354 288739 258192 240881 241286 257617 255805 240609 251811 264619 236106 257412 273624 294722 243307 240966 240831 245067 255561 241990 257517 248138 254087 273244 256308 246106 249717 266505 254109 237043 261087 256987 251427 240695 236233 240165 267876 257611 250322 262901 258349 229788 262435 254320 235205 277964 224027 290563 266191 249816 263070 249718 267512 252994 241047 256382 260846 236304 257144 270208 256114 279320 256490 285571 195817 272609 277886 270023 283932 231650 255042 297735 251204 247805 273251 266889 244140 265044 233192 247195 246498 237307 261200 256781 
216228 238148 219112 240837 206654 221484 240364 234035 220486 205039 200831 234410 213808 222154 223819 225297 234085 249937 227245 217498 212318 252262 241304 196916 204925 237201 210820 220085 250832 245643 205933 201595 226582 223822 226980 218074 240322 214537 225398 220934 214692 215591 236706 232993 220282 217283 229622 214191 225274 213684 235598 218658 230157 218950 226043 226722 229963 200622 236525 231436 185600 244482 219653 247523 261864 233717 232113 231323 198116 212730 213777 233528 246627 198895 232334 206002 230979 244635 219187 249533 180321 228310 236311 242046 247587 193571 238975 253777 235616 240679 233020 223848 205180 240265 184718 204147 223274 210692 233341 235321 
250388 249326 241789 276546 231757 247090 273982 245517 227933 232407 223976 241339 239987 241791 235895 251810 248651 267973 250805 238739 233369 263839 252223 223456 237314 265261 221680 237336 281811 280305 234799 248901 247051 234140 250458 229036 262223 234041 248045 249792 224849 245430 256048 274684 246519 234691 247074 254750 249132 228171 237483 246269 256890 242717 246407 265919 258942 214161 254954 241922 218863 274803 225574 272142 270387 245898 255021 234477 243767 247333 235503 256084 249056 214821 254565 242119 253261 252681 244988 272829 196530 263941 268577 261874 279079 220667 263197 283812 256672 257310 257803 262737 228264 249014 228437 242226 230048 234316 268961 257027 
279254 267956 286731 299277 262397 286166 312540 277537 270547 278328 262323 278149 272298 269932 262891 289924 270622 308427 269640 278153 267714 294884 275082 263986 255144 297231 264547 259080 303401 290593 278078 259328 273675 274892 285933 259893 292634 254531 274269 255921 266184 266961 285771 297606 268199 267251 278827 277381 264432 270392 273027 272449 265623 278810 272675 279227 268942 235374 283928 269985 242055 298184 247234 300991 298377 278817 290293 270706 266563 264226 271389 280265 291402 238741 285310 292361 274103 279886 267513 294572 231192 291796 283830 297518 295101 253521 296591 295917 273146 285430 283760 296895 250048 279951 237543 261095 278843 255111 283290 284371 
235298 227314 222592 252958 220934 235845 260826 214566 227159 208757 226809 243957 238708 222686 222671 227971 241506 261973 255386 204259 236005 246204 234020 204614 223127 238221 201950 230949 248365 268474 220033 234242 217150 205003 223255 213787 229844 223858 234312 227001 216832 239971 240406 248261 228813 228223 245065 216499 226625 244181 216035 237913 239893 240468 229288 235119 222692 207289 234413 231374 224682 237526 216204 235481 243262 233658 241474 244826 202716 225645 221499 238183 244806 206983 230242 235794 222125 229808 209932 243820 176253 239495 246816 238354 234952 210770 250642 277995 235843 232387 248775 250518 224587 227867 213626 235629 226560 225766 239820 245733 
236625 229861 232356 253780 228353 238776 257503 232787 215416 221117 221464 225571 214236 243869 221127 237739 247840 261115 222632 210953 224754 253362 224454 213910 215351 242714 210497 228272 272806 265142 217088 221610 227546 221999 231431 208237 243450 205152 232841 234931 218255 236148 226332 247413 219374 214254 226610 218998 236623 222502 221058 229553 235823 235261 233521 239453 228937 203934 242085 223850 210896 248167 231014 239229 259470 235187 225155 237477 210593 231100 215698 240848 226709 202993 219824 233674 234892 235930 213058 256233 184130 248885 242612 235746 252371 222409 255769 251238 240340 240062 237801 233315 208455 248817 211679 219559 225795 216296 248222 226890 
235864 235883 253028 265104 229330 224376 272064 232533 245539 238269 234821 260566 242782 248190 238133 242427 255931 269985 270096 238204 242852 267567 266255 238614 235283 264621 242448 233211 270166 276949 233967 237895 231319 245281 249837 229611 246980 247364 250377 232505 237017 234472 249003 262090 257683 253229 255028 248429 231896 253134 233036 228145 231662 243370 241546 244530 246003 200806 239692 227056 226900 272151 212704 280923 275002 244853 259387 244638 230550 226255 236947 268827 270375 222814 245620 239622 242578 244233 245838 267526 204500 252682 260958 271496 261513 206188 265048 259836 253188 246790 260661 261747 235171 245263 220081 234624 238472 230942 234547 261248 
244242 235629 262743 263548 228490 255080 267823 233105 221760 218748 234173 245764 233311 253892 236412 244873 250568 272992 238559 242736 230455 252302 248576 218478 231949 254373 221947 227608 270155 268063 244435 217739 242815 234751 254452 230319 248728 224903 249800 245490 233283 224102 255605 258074 241377 228105 242594 235232 240987 234955 247261 236469 261649 247927 235958 229627 232738 218200 245166 241562 218548 269526 218543 267862 257226 242046 256000 233354 226536 231316 231899 242542 257707 220050 241095 244270 255398 250155 238529 259347 189028 267577 255092 259067 266150 229575 258174 261856 237630 257123 257059 257711 228225 255643 221925 229800 243572 222167 261771 245208 
241184 222962 239129 265575 215433 237347 276380 224574 235474 219974 248051 233009 250776 229979 228719 241694 259182 254529 238003 220654 238078 255287 240671 218043 231663 245290 214107 220151 271362 257008 225386 221917 236550 218338 260579 222826 241878 238385 249178 240843 220116 234672 251997 266512 253465 238076 257488 236268 232089 234675 231424 234441 246277 243024 238579 243423 257454 216504 251834 238043 220332 264226 240968 265035 269510 254078 251699 219444 215405 247508 229642 238585 255000 214489 214798 233298 250235 244538 242614 264307 188522 257970 267140 258279 250754 225598 270383 251646 229433 249887 244552 235779 220003 242156 225836 238130 218495 232138 248326 257374 
203233 191260 190081 201329 175264 203038 206476 178749 190638 177468 173126 198969 196782 192646 179626 207848 204626 206837 190841 175929 177105 210067 205874 192912 180167 213488 186907 187435 200869 206106 179019 184009 206959 182862 190734 181297 206814 186695 191308 184847 184523 198791 189978 199166 195394 194156 191746 202923 175963 171375 202499 196337 212879 205609 197561 200058 188127 169733 183453 197323 163307 203045 168145 211918 194012 188275 208661 191049 173401 182257 182781 204150 192347 171139 192756 206601 194608 194702 197208 226995 159466 203320 218083 198879 208554 169755 207717 205294 191033 203198 207180 191508 166680 192500 163328 182602 189697 184710 212657 194410 
241797 252104 254261 265349 238387 271747 275142 245441 238746 235328 229077 264300 248199 250923 235559 248335 257528 278763 247082 235374 250525 285127 274865 246883 226141 241375 230704 233692 275381 276731 243333 218548 261816 252011 256405 243173 250815 253963 243275 235623 236220 237703 260271 274589 234417 230047 261391 243528 246686 225819 236291 257879 259431 248281 240085 266081 248507 214018 248358 253488 215280 259151 214286 266910 263329 252624 253567 245352 225541 234190 237415 255303 258426 225219 247533 244635 255586 258659 226657 269743 202598 268893 264870 275771 261788 212959 266290 257464 258565 255503 257383 262156 228525 255087 210782 241278 247740 235347 248421 264367 
248739 223467 232558 245784 229023 242814 270650 233048 226698 218948 228330 239983 228736 245613 213907 235006 249071 258076 238686 227310 224576 260280 241966 220093 219370 240063 208198 229968 274541 263175 215048 232251 231491 220789 247035 205996 250462 249481 235376 240555 222092 240899 241745 256784 248031 235855 235204 232249 228447 230111 228897 230721 236711 233905 217097 235938 248552 214162 252139 227914 208881 262083 223112 265450 251723 240421 249757 223075 221048 212853 212007 229593 252009 220186 228244 236673 240839 240839 236693 273671 206627 250156 236731 250972 257235 217400 250871 247215 240486 235324 236358 243314 233385 223838 213128 239650 234616 216466 233720 242503 
264569 271802 279780 266427 244101 273029 297428 250209 266269 245499 239517 270474 258935 261109 247919 276135 272261 283528 272010 249838 248090 293443 257974 245506 247823 264900 251131 243061 305465 305076 250215 247022 271440 247349 273492 252411 272419 259399 264933 264475 252863 260931 270301 276229 268288 237394 266501 268485 262887 240686 254747 263751 287856 265454 261965 265580 258246 235974 278496 262399 233256 269299 241336 288131 291650 253319 268256 269084 243820 260004 261346 270440 262209 232979 255225 269507 279618 274352 254357 305505 205343 295947 286342 278201 281914 242468 304998 274806 271160 278372 287792 268094 240965 263332 236944 251955 256211 259434 280241 264254 
203871 216810 208704 228389 194895 224100 225750 206890 187223 206742 185880 212419 193466 213184 194633 217289 228260 227478 202650 200155 204191 215160 206646 208322 212840 211736 194990 189275 224666 230181 200671 213732 214314 203507 202534 199890 214156 182569 195186 207074 200156 218681 197281 224378 202131 209310 200174 205812 201904 193352 198981 210343 220770 198618 207512 213435 213698 175442 224572 215672 192382 198394 199415 218014 205715 218510 211969 213820 196338 205713 193654 217660 196698 189952 205525 220399 219346 211117 208724 226030 174702 210800 223348 208893 226855 184040 215144 240588 201499 219040 230824 216456 188216 204842 187536 210104 204980 195198 220754 202399 
255289 260969 245155 281845 238499 259214 283253 245944 249490 241615 254393 241489 240902 246176 233924 248839 256965 280230 253464 253266 251562 270500 251327 243206 239018 259564 229231 244694 281050 280574 253482 234782 242405 253176 248972 222523 265596 244493 254438 258449 247481 255390 245555 269291 259421 231085 259747 241068 234312 243066 249075 245235 248748 259888 237591 253794 252475 228724 267793 260196 231514 272841 226237 264393 270785 273296 246510 251724 234069 252073 236979 251954 247791 230871 250880 251325 269397 267115 239133 281394 202754 264364 271395 249555 275952 240270 256309 287512 259332 279134 273677 260841 229000 266747 224266 242661 242196 237272 260010 242416 
226133 232629 234797 240002 227850 221526 261045 227866 218911 220882 222754 229204 216707 227114 205934 227538 229288 263412 242030 215333 220011 247181 209628 213005 207596 230769 206147 215965 248212 243079 229079 211998 220640 222103 229774 216934 238127 215707 221399 222276 211522 213551 242487 241144 241204 231380 234446 216637 228619 218212 216707 230153 217101 251123 229936 226274 213232 195808 240751 230829 191820 239426 206614 254120 260948 226653 233323 223409 231926 210973 220003 245834 228240 201902 226249 232696 228299 230091 226314 253870 193350 230683 243573 246455 253812 199183 237719 259972 235754 233263 228676 238931 203042 234491 203261 225950 226482 220777 227610 232252 
244911 249055 245075 283934 243741 244614 280158 233434 234918 236038 247639 252308 249423 255087 238124 257074 267611 266739 258251 244802 232041 272777 257940 239444 249439 247855 225398 247960 276179 270975 237861 236095 259901 241230 266040 245853 277395 241114 242733 236133 235910 239019 265074 268348 256662 258445 281785 234642 245095 222482 240973 240256 271074 243419 235907 252240 264105 208807 257508 244358 225153 279101 225003 266853 276472 255179 241484 230947 245760 244327 244586 251251 270614 223282 231867 245183 262663 258912 266578 268722 204783 257958 274604 269870 281130 222408 266769 271001 231130 255550 258037 250058 229588 255169 219547 246080 225024 236344 261414 265747 

