212285 251482 229132 215768 247949 285961 225511 245898 243785 252957 229781 222634 209159 249380 216871 252159 204360 223465 252395 235880 238712 232580 252101 235490 232567 247281 244282 233237 244601 218130 243311 249736 242425 250466 219120 258937 222763 236626 231567 247063 207071 239875 228447 226562 219702 257688 254918 221857 197855 254536 249735 227221 260263 215394 224314 239909 258837 243471 223422 233560 213844 235736 234261 214295 224967 251693 241865 237887 227571 267780 228010 235908 251654 219949 241957 239376 242723 253973 242847 241274 238956 196902 255973 249234 221934 237853 242463 222616 253405 232894 242916 242702 241492 235542 262426 222407 211226 250267 224746 237804 
230299 263970 252209 235076 257901 299526 260730 252551 260014 267947 270798 257053 227119 260532 225934 269113 239345 224777 248801 250436 264663 249456 270587 244091 242913 250273 239664 248589 251966 245255 269586 253592 264386 269019 249471 284765 221388 235092 257339 270647 229657 243044 259986 250937 231807 260134 249312 248764 235131 265155 275215 256396 268015 249017 260723 242616 304871 252905 239895 244956 217832 256811 259899 254140 242902 257450 245565 262739 257234 280836 213219 253905 266538 251895 241101 247430 259600 279992 245416 255929 230541 217844 262802 264882 236465 259310 249034 253307 273152 253168 254570 261413 249272 253956 287596 251849 234618 264367 251011 241874 
229902 254441 246046 227163 248354 291639 251331 242429 217725 277562 243445 235385 231303 259336 244341 261558 220988 247298 260306 257730 268099 266490 257914 253688 256358 253661 250295 262043 230022 253048 263369 273245 255991 263768 250410 297859 226181 252476 233513 271571 237786 253600 262364 249098 255426 287287 272044 250760 220901 260147 271541 262172 261231 253920 248358 251823 284051 265394 216249 228427 228812 244209 258010 251628 247968 282752 232954 267213 247869 293824 215060 243594 264379 249092 251824 242103 246738 286340 248598 255687 256894 242567 255792 269147 257131 249433 241961 233301 274255 271121 257965 260152 289987 243572 273882 233338 230978 260136 252306 235082 
246931 277278 249815 242651 260703 316533 249985 266287 276804 275323 262523 264564 229908 256326 244730 275239 238520 238570 279876 272524 274241 255331 270714 247438 256416 272662 263694 248994 248994 264362 279227 266886 255078 270521 265658 301849 252047 238316 251014 274793 242912 254379 270351 251023 241553 284517 275711 255759 234548 285971 275010 247197 268873 260816 248761 256218 298351 265880 231434 247775 236770 271241 269339 251364 252824 270763 251995 271658 253763 295339 245799 263265 272518 254601 267861 264604 255926 300810 266461 256981 254775 224162 263116 270613 252208 263998 272074 254190 291423 275800 259097 266714 277666 259902 273976 244638 240456 265337 256258 270319 
214823 230623 228627 226230 225736 282258 237654 232860 231389 253614 223789 218270 207332 250233 213472 242303 203879 212778 240839 243202 230826 222647 237895 222043 236290 230421 226888 234934 228310 221009 242750 236852 231047 231675 225179 253631 214781 211764 214395 227094 216494 228344 226154 226276 214738 254513 247226 220729 190366 241224 249962 219180 236050 223081 226962 214626 266112 239303 207022 211426 214373 219985 229584 222958 226602 246698 210235 248404 231107 250410 215753 230668 235651 217694 236167 234613 227256 255346 235395 225775 228246 216657 232006 241793 216181 231728 229559 221605 241696 247174 208915 241894 243872 220967 251359 200637 189001 239219 226007 232783 
243983 273753 276630 242076 254252 300195 254591 259128 255003 279774 238339 258381 230769 270156 236433 280521 234341 239951 266948 259945 267025 258839 264231 250601 261675 290300 277518 281636 245033 240869 287034 266760 256680 269007 256834 292509 246792 255907 256833 260028 237041 268102 261238 255383 243139 270524 264222 251383 236603 274977 276196 254746 270318 235721 253268 260050 283897 263329 230831 246381 235615 281182 269175 251153 261292 288380 249938 271734 249398 310567 255756 264513 260048 247821 257182 275087 252478 302036 272866 264904 273338 232711 261658 278964 257549 279912 257828 248260 280492 263115 268518 272794 275330 244066 284021 247474 243494 287660 262341 278565 
238523 273686 256081 250203 251561 303425 264719 255449 278023 278021 269721 265667 233673 269783 272072 293172 235259 238365 274520 266178 275982 283294 278155 249779 257942 275631 271293 273707 255293 257400 297304 280046 282379 275058 269268 306596 263843 246172 266270 284710 258847 252029 277294 242327 249359 299600 284733 274153 233441 277623 283229 258582 274729 261286 281107 269081 306161 279837 233490 261160 250181 261211 271265 264890 251460 274371 269030 286961 278048 317057 253386 271206 290197 263213 276191 276142 267713 296572 271147 272878 263897 233772 280373 281402 253052 265140 262344 266022 285337 278385 294476 276065 308690 251308 283489 252811 232407 265558 274207 268257 
225654 253796 237287 241331 238197 278733 255707 231686 239948 256616 237731 242810 211273 242112 225980 254591 209868 215388 242671 248514 246413 245415 251492 242698 227260 252976 243916 247691 225884 237301 262940 252455 259526 264874 232656 273872 230569 245366 244160 244869 225884 224934 252171 239103 229232 272430 260828 236105 217049 265292 265251 250137 249281 251933 250111 243796 266845 254400 218910 236287 219073 237554 241719 253296 229318 254867 225008 241171 242889 281837 235264 249433 268694 236379 238400 248026 244032 268668 256019 248797 240963 222199 252879 259983 233827 248362 258061 233783 264899 253223 247349 255649 257030 216097 256277 215643 214984 245842 234242 248342 
249018 280762 298403 270476 265693 328314 274537 267168 286272 299695 285213 261495 255446 294564 253863 294164 259963 232897 283461 281071 286515 279896 278559 273285 289469 293768 275769 280188 272758 258624 300998 293496 286985 280403 258151 321950 274682 272835 262458 308760 265177 274005 276131 260646 264464 304170 290944 278451 250762 295745 302143 269876 305736 289484 274227 277737 326024 283784 258059 257378 247720 287706 289199 262497 274021 288228 288882 292750 281268 332210 254429 267872 290661 275824 281425 282391 279045 316959 285227 283926 262837 256063 291262 299858 273251 295369 290327 274013 305920 276188 287276 285287 299165 275885 293052 260929 253438 280270 285195 286442 
227495 261814 264804 220387 262012 278247 260921 239044 256257 265136 275905 249427 220408 264796 239244 250965 242986 219795 267787 240068 266525 257232 257115 248459 254361 261718 249063 255565 252195 242861 285204 275502 259578 267651 244234 296311 237849 251100 241398 273395 231618 240454 247567 260490 253252 267372 252926 269164 228135 260968 268592 257891 278256 236933 263295 256639 296553 256953 235574 241869 222996 262448 254467 248623 240739 278149 261295 283393 265120 301455 230334 256092 266149 261891 241857 248746 266559 282583 263036 277140 235875 211338 254181 273603 236889 258521 256163 244230 288222 258804 257534 261008 264298 252489 262746 258993 234402 258013 256958 250538 
211782 263241 228148 229167 253305 273791 232100 249444 250891 258733 250657 238542 216729 256075 235999 275321 229556 219289 232822 252492 264409 249072 257029 209278 245326 263464 252317 246994 240038 231472 273953 257326 238927 241395 251839 268029 239740 238815 242207 266444 225870 260915 248526 236383 235721 251179 254073 245898 224413 257768 257790 253293 264902 236539 248684 241247 287905 243747 236992 248130 219585 251549 265830 235589 235546 257359 248802 262681 255378 297009 220056 244999 261012 238433 258527 247568 245938 272058 241935 253887 241638 202052 238236 261014 229364 246706 233033 241766 268673 232928 268465 266311 255689 240113 262048 252041 236603 264723 258333 233920 
229681 249982 231444 220083 215736 298206 238545 240928 223280 263122 251803 244025 198764 241863 221527 261763 193781 218741 256490 249885 242839 224979 262163 242171 231314 258820 246955 258455 227272 248241 263735 259389 254322 261481 230879 256440 246549 220277 237635 244721 231302 238695 250803 235416 223243 272561 260680 242383 204135 246102 248430 243512 262221 232656 241728 239605 272534 253925 226735 213833 214056 234556 235938 250869 243812 253039 226680 248441 231060 269185 226898 245246 270932 221387 228114 234669 243071 260824 234780 251622 232409 243461 247610 252621 243425 235235 253325 225064 253312 259461 261192 235409 261013 227788 264058 212466 218394 253347 225664 233904 
252117 252664 256313 253456 259018 319790 268672 242936 253842 286014 255111 252276 247560 267313 244524 271224 234067 250404 281387 276796 263604 256218 274731 254282 255530 271834 256448 268533 252338 252440 268262 269099 272955 279777 268535 287348 247100 245081 230862 273626 249974 254451 271137 252704 253643 291927 281854 254568 236097 266961 273577 254586 279895 267995 272843 248569 302944 269551 232315 242012 235171 255525 256783 261313 238055 293956 261848 286383 279897 315624 240393 253006 273322 259789 260989 287562 240255 291059 267631 252438 254754 241626 255217 279125 245716 257382 266428 239126 290045 253851 279520 277827 277495 265831 276069 229398 239882 269048 259460 265194 
212903 239787 232986 222249 230867 289130 226785 230577 237486 243402 244841 219875 199829 240703 213097 259910 225473 201044 249351 240413 241520 229861 248876 228801 225845 239592 223083 230834 234023 228623 248730 249009 237967 243343 242092 262572 228025 231248 232584 255453 223747 228955 243506 223400 226962 253116 249708 240989 195891 254549 250403 230554 259859 233368 243582 228737 282408 239988 217863 211496 192984 236265 246593 231390 229438 241502 234827 241939 242426 271384 213727 226921 239732 229735 234608 237740 240003 264548 234043 237290 214905 209343 238292 237623 231960 234319 238546 233701 250365 233905 240247 231094 258111 233381 255021 236238 210514 251573 236178 232551 
233319 276209 252745 242028 270192 311929 252303 253501 258075 271354 256151 251724 216556 285066 236554 264744 240523 228624 263917 257741 267663 255715 272087 249725 257071 271358 269678 274206 262506 248921 280416 272315 269077 268449 246166 299012 262022 248877 234095 269370 243066 264610 257177 264450 238027 290016 269304 252450 230771 274548 276948 244868 281806 256462 257724 260681 300859 244568 247534 249475 237724 280975 273857 238018 251920 281854 258401 275103 261649 302122 242103 248579 261928 250298 256584 258295 272662 290054 261411 272580 251558 230186 280546 275929 235458 261691 263450 251536 282779 261073 262133 274329 270190 255486 293351 250609 234094 276300 262688 253734 
205748 241015 233763 199934 214379 239092 222743 214342 227060 233629 219588 206626 204267 232824 208685 241024 186112 196501 215328 214236 222654 232545 230155 209786 218786 234655 217969 219871 206966 209840 244526 225399 228270 224078 214957 241149 204535 217160 204480 229203 204633 214100 223673 204144 224016 239400 221463 221339 193691 215755 214227 224084 238535 207605 221466 210196 246640 231650 209582 221027 195731 227512 237301 206267 210079 225587 215860 230737 225519 256379 196769 223274 241978 216224 231252 231099 207731 248795 230296 216267 210972 193088 218972 235581 211409 213877 210399 199943 235013 212735 234851 236855 221415 227030 222722 215793 203949 225729 209161 221602 
207247 247094 224299 219647 219981 278839 221121 234199 229886 242181 220079 219939 195605 242322 209575 246191 204739 206112 239740 243227 233263 236623 237809 236824 229949 255137 220673 244536 215922 230106 252192 234602 237821 246697 235090 280606 234961 222600 242383 257499 235859 230719 233247 219915 210972 255170 246873 228879 216051 257661 251617 240311 233205 223685 243657 235505 245845 234236 211795 222451 209741 237077 243888 228409 215506 248228 228903 242273 220842 263237 232106 232669 239585 222078 238704 233798 237468 279628 235040 235322 229404 206794 237272 242742 224744 237221 230139 221081 252311 237972 251801 239511 252679 225130 250567 224640 207197 268925 226030 237357 
197248 237354 229953 220608 211738 270025 214885 219963 228962 232680 228752 217535 187237 208375 216196 244166 195618 205131 231436 222083 233802 212724 234931 213119 217679 227690 215865 210963 222336 212187 246627 229330 232419 225266 213861 250459 212833 225257 206065 244092 207928 232747 220426 207173 212288 243439 231544 207880 188818 226421 243728 208209 221365 219072 217309 216673 245082 244989 199377 212609 198391 212510 234739 208233 209662 228034 206280 227897 219680 252315 200669 220493 240629 213179 220811 230709 213986 263213 216807 228030 217854 192427 231060 238770 202792 223971 226770 236118 237925 232766 218303 223619 232393 214525 237029 207717 201490 225593 222328 222839 
237956 266077 248198 237848 250157 306404 245364 261107 247040 260150 251492 233007 203063 254727 240603 283427 222167 236571 271433 265019 264927 247016 260410 236572 259860 258813 250102 257147 242489 251457 283101 270541 266561 249672 246503 283101 248077 247976 253767 261564 244698 263926 259984 251591 235734 285482 270776 252596 215644 272941 292054 254731 270647 253267 252624 253462 289550 265111 224735 231924 240392 261939 247964 255957 252446 261101 230200 261666 250451 304676 238978 259669 263802 241162 252068 260256 239734 298434 259256 252937 242583 238428 252466 271685 249779 246888 267967 238725 280727 271026 270827 270230 280578 227352 267154 246068 231987 273034 253349 259600 
194812 231668 212824 195861 237116 273806 223940 213763 208307 248610 234234 205769 205844 232241 231330 245940 199122 199365 221243 226564 223002 227426 243841 200823 214543 219595 229664 224672 232098 220040 254453 220197 235054 230922 228325 246335 216983 209778 218980 235320 218303 230750 238274 226279 209542 249382 229148 210164 193365 248692 236045 234432 238697 207471 224321 222069 268676 241954 220244 214161 211993 222713 220792 225338 208449 235415 216566 235361 237843 270390 205057 224102 236888 216872 229856 228705 233064 250208 226988 221579 225911 187575 225352 243036 213803 227139 207390 223398 254998 228344 229009 238031 238367 222502 245596 219041 198149 241663 233095 221220 
238194 261984 261220 245578 253119 306900 236396 245624 251036 278518 248810 248553 229864 244654 235180 280048 236315 241905 253083 243618 257233 261041 251263 241409 252839 259085 249854 239842 231661 248536 265264 256386 267565 256634 250358 284574 248794 236176 258530 269080 228564 259122 248336 233734 244207 275123 260782 236335 233851 276341 274685 249728 275759 254349 246112 249167 281201 256574 235752 243103 244130 248767 260490 233289 229289 267376 245000 270592 257951 298229 234306 253710 274493 253984 247762 261711 235478 289545 259638 239272 253270 241466 250109 280653 250996 258104 246040 243071 282917 256456 258432 267714 271269 260475 271727 243987 225437 254890 254133 269701 
223160 271166 248745 232967 248701 284719 242354 237040 250129 241856 248188 245944 230545 275951 235087 249845 226266 215369 266109 250691 273245 250846 254950 239758 244951 257931 257173 262191 222473 232301 290158 260941 253586 249808 220969 282528 245832 242432 240542 271977 243063 247888 256528 229925 242376 270755 257704 246238 219869 256450 256810 241020 262639 247109 235383 245713 289695 240866 230385 238478 229158 262844 258892 227892 236773 268499 259074 268962 248415 305142 230301 244336 263612 250020 262611 249521 244986 282313 260036 266402 254517 222933 250130 251151 235628 250632 251240 249225 278101 241514 268546 236493 271916 258345 263673 231484 229264 254602 263863 241846 
219793 248779 226961 208217 262825 284400 223418 219825 232724 265503 229664 226011 199325 232287 216513 242344 214825 204785 246468 250480 246208 232965 223909 230196 213654 241408 247047 230808 231098 237751 259267 248771 262830 254339 223229 266211 231088 221883 219515 255561 217377 237697 225951 234205 226222 244067 263824 222586 200857 223587 247558 236482 245301 233899 221104 240199 275373 243822 241244 227359 202433 226044 244916 232053 221394 241310 230485 241705 231344 277312 211793 237273 240067 222739 238039 230922 235589 284780 227309 243790 244111 210596 239976 239737 218910 236171 225926 237434 247904 242675 246872 243489 247160 241248 252123 221984 218665 250873 234229 241964 
252441 281672 281399 240993 273366 310661 268271 272143 272680 299099 265296 250463 235041 270106 240704 283077 241576 247791 273365 254082 254566 264395 271057 247191 272204 275480 260018 257473 252375 261211 276020 280460 280649 287466 259383 303117 258411 258974 245737 279292 245740 266701 264065 259272 267416 306699 272770 261162 238827 283763 277937 264933 276050 262922 270301 255576 307603 263945 259432 246225 250848 274127 283013 250933 255846 285359 255443 280741 262639 301582 241473 271356 267927 251905 257958 272726 269990 297749 269112 274636 257346 241755 284723 277810 254273 264053 280768 259045 281185 265440 274134 276673 285128 269002 302470 255230 231666 276563 251850 266481 
224329 257589 225646 233188 246377 277879 229221 256775 244578 256633 228051 246919 214200 238003 238401 259766 220594 232490 268191 239609 268252 248531 268161 249206 243083 261872 248807 235999 219414 238050 258639 263960 253259 254824 251371 275807 232676 233776 219754 275378 225890 238920 249579 226574 236788 278808 258393 244713 210844 241661 253813 245462 250361 240415 236071 247033 269380 247539 227076 230808 214522 235215 259715 237585 238712 257380 229916 268188 240560 280702 221220 240325 263785 231122 255835 246648 245843 268770 261290 259372 242787 221619 242095 270683 241918 250469 240323 238704 263244 254849 258433 252678 264564 234809 255700 241751 221439 253796 232846 239199 
229989 250704 226496 238367 247401 280800 255261 238403 232802 262819 243044 247478 216963 249527 227944 258136 206286 219129 239817 255638 259226 242930 252181 237463 234750 276213 251311 245023 238689 215741 258081 263447 247704 244175 244347 261632 223974 210948 235746 255626 225874 227392 236030 222224 219493 270551 260623 239043 197584 241972 258615 229835 236310 240769 230038 236518 280579 243236 205325 237409 215358 243406 254733 249181 255851 265375 223775 251298 228778 270647 216254 244360 250960 232825 250183 232377 241877 269224 252452 252828 253851 216064 230905 260874 230922 225159 238968 224215 254812 251947 244493 260634 246531 216725 268981 239600 222221 242703 233414 245267 
224577 256565 233886 235483 245345 288704 248984 233354 238023 277032 238844 245843 221592 256340 223108 280476 212173 215349 243556 251717 259090 258415 265174 234555 252046 246947 262162 240212 234198 246724 272374 255199 257316 255016 241578 271352 223491 231991 241263 247732 239765 239540 261222 236730 241576 279583 275117 232836 211171 252373 261372 239323 253705 249595 242110 230027 289654 268647 216138 238088 210423 243417 241873 251361 255237 277924 232906 264900 253517 276173 216603 246336 288382 246768 251055 240993 248211 270891 260926 255121 266211 224210 252666 262242 249781 249975 235943 242630 268920 260525 250578 263053 259260 244315 275665 225535 220802 244794 255750 240230 
218004 256928 241242 222969 244699 283600 233483 244019 252130 259992 252048 232266 221464 259603 219702 255175 213815 216972 246378 267661 248694 242028 246916 235174 236707 253499 228138 243785 235459 224615 273933 231449 239626 254798 253018 269787 228602 218618 236080 247902 218424 232422 227259 231102 231391 262806 243588 244696 203247 242226 262701 240028 252607 236008 243456 232238 280097 237965 229365 239560 220516 259333 267839 248283 249902 266068 232487 264752 248508 277923 207518 241410 258722 225564 247188 251560 234958 276872 250742 242547 225333 203685 237218 242994 232687 230962 232089 224476 269034 245698 243409 264101 250975 241878 263707 241408 223588 259690 246109 229419 
216725 240814 218651 212866 227543 271553 224430 220732 223961 257174 241015 213334 205309 235457 224224 238569 200511 216113 232834 230652 239041 212805 216614 216343 220321 228686 230232 232871 219507 211913 257026 229085 234073 224188 222451 252836 207070 225386 206455 248696 222200 243196 219301 210879 212318 233542 244425 228985 195073 232282 256205 220132 251429 214457 220472 231955 270081 219875 204344 220190 208985 221472 234259 207338 217948 241905 231757 250604 220323 268465 211034 233230 236819 212902 230895 223635 227230 260842 215692 243315 221711 195744 221347 233095 208324 220759 222765 218800 238838 225179 239923 231083 231303 231671 233196 211777 212941 243285 245490 220681 
231466 263612 255439 249877 264556 295916 264340 230811 254913 276820 246475 247711 227575 262075 245564 276211 227613 242815 260820 259088 263896 255675 271109 248837 249244 269976 252884 259991 246215 248502 264106 279361 272721 279786 251074 288054 230409 257234 242324 291990 239844 265516 254435 243517 260840 281848 265917 246345 223775 268511 261872 256297 258881 260845 251349 236792 285742 268069 227006 249788 222254 264306 279406 245154 238551 260615 251843 267657 269240 291383 236720 250366 266381 244916 268537 255384 257538 289731 257600 244977 263534 246558 254775 277863 247518 253253 272970 245439 264837 264253 263618 251219 279858 270137 275637 222430 229758 259007 264217 261284 
236150 250436 246899 231059 234424 289446 249264 244430 239470 263279 242409 238942 227861 242641 240576 255260 214506 223172 265697 245677 251249 260362 252640 254354 232650 250987 249490 246074 224672 229778 261141 268431 258995 247597 248454 272096 233978 212699 221446 254977 239244 238908 246371 225803 228159 268006 259880 242710 205162 244069 247788 236206 264136 233048 226710 240045 269373 242668 222786 218221 229899 252746 250636 237474 240328 280001 239578 275677 254931 284180 236874 253306 254236 232427 253594 243677 234917 282296 251595 253141 241608 228211 235764 255365 245868 248102 236575 222112 262690 258347 266092 253745 262602 242358 248472 224687 217704 255207 251259 250549 
246872 264520 254643 248549 259577 298411 247993 246198 265947 276289 259972 255448 211366 275799 236902 277210 238614 221618 265358 261030 266738 239263 277936 249522 246328 276740 253182 261608 248710 244528 277428 276631 262969 258217 257746 282986 253255 256525 246866 271601 240590 268372 265548 246646 255790 266924 271813 261070 221242 285357 267608 256839 283962 251465 264179 253433 301478 252575 238370 246342 211193 261405 264510 238718 243761 268460 257589 257996 262790 299385 236874 260698 277586 262234 256915 265969 248340 297872 260516 268083 268017 241034 256850 280818 258539 261874 272854 253957 269497 256170 262606 259579 278765 271149 276413 243017 227977 274970 242710 256892 
217815 262847 237993 213480 244463 288655 221602 238476 249353 250999 235441 232488 216552 229530 238031 242998 221781 229878 255634 243843 256126 244001 230955 222977 249237 246604 258161 246943 217163 231598 264487 249410 245656 242891 237959 270392 233404 225381 218172 245464 237502 247134 238774 226610 233898 258034 242130 263500 206873 242480 264162 226058 249633 244898 243593 252997 274408 241777 211826 237313 233240 251130 251921 233680 239252 251755 241385 263549 239349 271330 224046 251873 249695 221850 239663 244798 237051 261505 238830 241897 235929 218487 229435 241207 238008 232502 245315 222136 251480 260643 256853 246204 261873 247909 254305 225739 214530 251665 247302 258188 
227471 266597 259448 254338 258003 305739 251451 262662 256044 274535 254264 267647 227552 269114 247664 277912 227005 219746 267865 259175 266084 272621 263359 247615 262490 267458 259627 260526 253536 256311 273600 270923 267941 260614 256570 294681 250212 244172 272838 264828 234941 257291 260832 260611 248026 283458 281541 261456 237483 264802 282463 255533 269930 256719 273257 252210 295810 272153 232136 238148 238797 256862 262269 247759 241408 280881 243107 278313 250521 301942 231825 244028 289595 250612 251722 261564 252803 297085 265771 261070 252540 233652 263542 267542 250409 274747 255495 237820 285060 271738 272116 269547 291103 244396 285141 252786 231374 266873 266634 250957 
238070 252287 236829 240044 241968 291292 237854 256194 245601 238770 234810 236753 212115 246346 223553 258261 222990 221669 267695 256130 254925 230746 260916 254857 236863 243209 227225 261032 231301 229637 245235 247985 246991 248026 244435 269308 238410 216821 233503 240862 228097 234934 262407 240891 222091 266358 237863 243954 215412 243003 272379 249875 255545 244434 243491 237389 278586 230292 233558 225864 216923 259412 242036 235408 228852 256960 244219 248995 255553 283234 220546 239922 247588 242810 233588 242839 234854 269714 239923 242791 220624 232886 238404 242428 223071 235775 249463 222244 272145 238310 260708 241920 255674 226902 271233 214058 230694 251033 235485 236539 
215405 253897 236523 218664 247720 295153 242305 235449 255424 252494 221491 236882 213729 243707 223961 251940 212146 223575 252160 234419 237073 231853 253250 230826 239470 245079 234359 250278 221025 231890 254826 242240 248037 252487 240889 259897 220133 228993 229608 244958 232390 247307 235476 231693 239456 265017 235437 237330 206325 233680 249225 244697 250720 235121 235265 223670 275434 238750 221237 221376 218287 249340 243494 242362 217188 237343 240479 266958 259048 282379 221911 237685 250178 233826 232906 241638 251725 256875 241365 236531 233310 213849 220338 252079 234390 229261 233682 218723 258303 248208 260071 231318 251387 237286 264757 226641 218538 252605 240812 245384 
229205 241907 242659 236111 242231 303270 248617 251150 250278 280927 241973 224834 220119 263781 241196 253508 218140 223519 264841 251309 262903 251387 261662 262276 237842 242138 250585 249732 251403 247274 252931 259221 238802 258029 259837 278556 229342 243974 215250 246574 247459 246416 249746 251406 234339 277925 261580 248991 201845 263036 256747 250098 265264 241266 243214 248510 278754 259839 229574 225301 222758 264291 256151 248855 251082 257933 230665 270551 247397 280144 227618 244451 258942 236285 250223 241704 248970 289341 255742 243531 234942 217683 253055 256737 250025 254547 241744 220083 262083 267052 248431 259625 276034 237717 262261 230640 224015 264684 249353 246753 
233316 264488 248075 238739 250363 283182 233822 246100 248645 257488 227559 246610 215596 247780 223713 254459 227131 220673 251339 237185 260134 251067 261219 238429 238102 254025 238909 236000 221697 230874 259709 256973 259245 251172 249831 290178 228545 237866 239016 251363 207742 242819 249649 246825 238072 266015 254567 247051 225056 265796 267195 244281 264570 236660 238441 240416 275484 237440 212784 238953 227645 269855 257257 235720 242271 252213 234696 259739 247791 284180 228491 244168 254244 246009 244516 250856 255836 277761 269154 248439 244228 207026 247505 261131 231793 261805 247723 233122 268085 253229 251928 261943 263795 231692 266296 235302 216252 255244 251440 242655 
212219 233830 212904 216322 224223 259287 234230 229810 226592 239618 223381 221212 209601 233525 226383 233565 209210 212746 221758 231380 247143 234249 231456 215647 216000 234374 228448 224571 214186 223030 237877 247900 238689 224381 227267 260567 213921 228043 224725 240760 214668 229985 237771 222550 218224 244790 249310 227427 213600 246112 240724 226094 251107 230252 224094 229533 261120 231104 207141 224044 208391 222736 242981 220833 214210 228442 215580 243098 220334 277445 211123 231962 230943 212874 231866 230444 224319 256882 241281 225783 237052 190297 219583 242660 215953 236111 223376 227886 257467 227764 227216 244131 245681 223749 243707 219657 209218 246220 244972 230144 
247787 260817 264314 243302 258771 305765 250831 262011 258420 265445 263544 261217 225721 251321 242024 268025 243717 232868 262006 256289 266733 259465 268779 242368 252091 259337 251829 255417 251010 244349 280749 259604 271074 264180 245890 291909 270945 241907 264226 264481 252061 251039 264510 250525 249745 287279 274266 248579 231344 277769 268820 261601 269215 270075 257756 251984 281409 256245 228481 246344 242599 261521 258296 248652 253012 277530 254544 283671 256138 306405 229301 268318 296506 259763 241835 259186 255064 287490 256784 274823 258816 248139 264050 276854 243784 267262 279016 245923 288864 278205 250099 263538 289535 254486 289066 242940 230095 274287 247543 252707 
240553 265595 262295 233142 234249 289941 261727 255169 238512 272907 243724 241916 230636 267280 244949 266175 236375 250091 248837 256496 265063 239553 253112 236913 265556 271900 254764 255898 242642 240657 265709 277061 246157 246368 250278 293369 257756 259906 245038 266877 254950 259196 254399 241509 249391 271264 265551 250500 220982 280953 271489 254886 273645 252639 253139 251634 286963 253008 228516 248973 241666 254509 268978 240758 236445 276058 243498 277504 241188 284498 237684 241896 262603 251590 249911 266096 238776 298927 256596 258621 263485 237141 252871 279267 257687 263100 261860 253509 256714 262346 278987 258301 285150 245474 294294 241134 246164 278737 265040 261471 
231438 244599 241071 238667 232030 278326 243988 256571 254992 245444 236135 238437 206076 247056 205929 252400 221305 207478 252783 257108 252542 242252 257277 237289 236310 238574 243349 234383 237236 232356 261689 245881 245521 234271 246766 280251 232421 218573 225358 227984 217979 224770 250306 238326 237029 256265 255769 238040 199688 258336 270609 242116 262037 258374 220350 244300 279052 235045 220257 232633 219515 244023 245831 226846 233802 274374 229120 255726 234616 271137 221184 230657 252322 251884 221655 253959 241578 272088 256404 260626 238927 219788 250185 260791 245697 239703 253061 246895 260440 252822 250979 255625 253483 208373 280905 230583 230100 246808 235714 243556 
235441 261971 247601 223350 259087 301089 238676 230701 241484 273606 252090 245910 220655 273209 221724 262069 222382 210651 264348 260942 255625 257719 250902 253134 249510 265579 256710 246238 242363 252750 267849 263828 265773 256910 237149 287550 244353 242192 238765 260922 234374 244658 245211 245194 247540 277624 272503 246454 211140 261830 267289 254749 278701 261053 239936 257317 294521 245888 250117 232847 212674 236974 264409 226020 250404 276811 251346 263057 247523 293737 224188 241409 267315 252608 264875 257704 245983 294316 258796 251815 255096 225459 266120 244928 237581 268180 248033 251979 259014 238438 271266 269776 244077 246187 267177 246472 238126 274443 250823 254987 
211605 264179 253005 226659 247259 299277 251456 226684 237568 263169 251975 244780 200028 250455 233117 264775 219095 210047 257868 241641 247873 252499 252898 256624 230490 234584 246502 252715 238432 243846 270971 246274 269559 242772 244452 285936 236088 236884 249778 257054 238264 236141 242476 243869 228750 267447 261757 258416 206130 258528 268156 251816 264392 236965 250667 256964 288400 258535 233070 233226 222615 253403 254497 239124 248493 263368 241668 270776 246012 302444 231946 250839 279701 239764 244720 244656 266990 280071 244296 252079 234195 222444 267541 253226 237253 259518 239894 240541 264615 256292 250635 251840 267972 231860 267863 233591 226586 253845 255734 246472 
237805 258205 238113 224072 246191 281598 230657 238626 248975 255128 247306 252759 214137 244818 228888 252649 221618 233879 248029 244366 245637 236544 249253 238275 236737 269430 254768 264973 226702 226577 269057 248927 260571 250964 234856 283091 234895 239993 223496 274208 241334 250317 255107 244726 223416 265676 257570 244789 224239 249970 253914 234107 246141 247254 251127 247266 279114 252610 220289 229279 216809 253235 256375 231512 234625 261849 250393 258086 231946 282163 224246 240149 247046 215516 249505 243344 245557 275661 243631 253589 248863 220061 251278 259954 230062 250855 250501 228333 262655 256584 255015 257296 262183 231414 246644 226914 216386 256309 244565 247870 
199499 239350 240703 227901 231518 272826 233230 230234 235531 259895 229730 227153 198652 243799 229988 263460 219798 200183 235415 228939 249677 244155 258884 217034 237826 219678 222007 227106 227291 241090 259510 246507 251403 250372 238482 270324 224305 226570 243901 248100 210380 240782 237055 228012 235245 259873 255120 235719 215502 248933 247292 230551 249324 219092 245762 225747 277211 248599 210233 208633 208748 239930 229468 229294 226618 240065 216819 248181 223563 272287 193992 230782 265519 237219 232742 228514 241180 266322 248356 235432 225742 218551 248393 252870 238453 243366 230545 228057 268233 237798 236242 237243 271323 231671 259908 232231 209422 242773 227501 224164 
229193 248979 236186 233129 230472 275106 225392 241223 246103 250514 236837 248335 222807 241067 226888 243792 221763 222784 240033 236193 246222 238507 248598 233262 232087 240688 231758 249056 224406 235449 271139 247065 242976 251072 228475 275686 229935 250756 225803 253277 221051 247998 239098 233076 233387 268940 249965 220498 217619 263407 250380 229051 243939 238937 238973 246864 262711 245241 224787 231614 211065 243132 245133 218667 220774 259652 237531 235185 238406 268054 220019 229406 263605 230404 244348 227309 232524 268138 247462 238442 248572 214963 246032 247925 231335 238282 243915 228750 260865 231591 241964 245852 257104 244450 265793 216546 217874 242494 231104 230946 
189725 237473 231360 211690 240134 262534 219676 222178 227399 224141 227452 206853 205272 226790 206749 239664 193224 192094 227934 216979 224459 225410 227854 210913 226565 223389 213031 218507 211652 212172 253424 214103 226426 225200 220342 258442 216754 202686 214258 234143 193057 220608 217695 210800 215346 234172 221188 223139 203493 221366 238626 225333 224920 218080 209725 226906 258943 214252 205876 214040 203744 220020 223634 223023 229212 245419 222884 234812 215445 262548 206926 222550 250650 221352 221727 231482 219774 257568 223619 225424 200711 202006 231013 229038 203521 227942 218720 215746 251971 230328 236319 220829 237134 205764 232246 218397 222163 242187 223568 226609 
222044 236176 222678 222119 218648 273902 230899 242653 233419 259596 239665 241359 213392 240897 227105 243563 219862 214457 236407 236502 253271 242797 247917 228809 224684 248972 227425 220857 215643 236480 245619 258911 236805 255201 241403 267691 234936 230170 234214 255545 227669 218031 244328 225927 230814 272045 255837 214536 223949 258102 234648 239416 237283 235707 246821 223837 260348 242763 214831 227294 211490 233539 258060 238509 205250 247511 216623 257013 237655 252279 217066 230861 242129 238402 233236 245616 236119 260716 242524 243245 236084 210126 237572 249703 234133 235773 226347 232817 251498 236825 244618 240949 250881 237043 259639 224885 208070 263792 223456 237318 
222979 233821 229992 232633 229517 278753 234348 244608 233612 245837 232323 228020 193577 244187 221868 237693 215903 205894 231738 221955 237325 232989 242811 228435 231200 234255 233059 229364 215962 226573 244858 244301 244063 239836 223354 260016 218663 221296 226105 232994 205435 232052 239924 227081 223584 244678 249338 210879 209233 233985 239399 233608 254309 210820 233616 230704 256609 220072 213775 229446 206361 232098 238198 218669 219118 245822 224613 235818 249428 251658 226156 228851 256897 230535 235958 242551 233522 260733 245039 240348 231624 219905 250206 242188 228274 255474 236273 224271 251450 234961 229588 240267 239473 222242 244047 217677 197049 243242 228787 222354 
228466 268406 251279 250725 262022 298716 249116 250555 253898 278303 264939 249772 234425 261246 263958 269851 225456 241034 271202 253421 260423 257763 264275 246481 246930 253711 254617 251867 252729 247466 277705 264536 274792 263574 253046 290023 236421 251848 249832 272644 234830 262094 254376 253670 240198 285669 269407 242199 219547 271933 263765 258508 263331 242203 249535 253647 291604 262570 242650 241857 232454 263815 259019 226743 229176 284997 259241 281100 272741 300701 235325 254837 277917 245774 263596 262339 259982 285816 263371 254043 250929 210535 271870 272851 239155 264229 247975 239954 284484 251725 265936 260026 275360 260710 267624 231349 240203 259684 262685 240952 
197114 217447 202791 188576 203486 239737 197330 193119 204616 221029 214309 190714 181670 213726 205402 220085 184601 176740 212371 211484 209598 210057 204993 195115 196197 208700 209338 205567 194621 199780 236041 204718 213102 210541 197828 236031 216876 192660 194973 218241 177723 207152 201512 196632 207696 236245 223856 202449 181277 210129 219589 211223 213993 188056 195425 210460 235019 209426 202198 201577 195109 194343 210973 192916 203277 224261 195597 230445 192811 237710 189032 202264 218295 196370 210519 204249 204804 248755 214434 215146 195325 175842 215935 209954 180467 206413 206575 204537 227060 196005 201551 225284 230989 202539 217738 201122 182763 223836 212157 196807 
230512 270784 233841 236305 263848 290267 251397 244878 245227 271047 266007 258003 233904 258295 249374 260212 247643 227782 263307 246403 267351 275025 260926 250013 247165 254567 263392 249441 246969 248910 268382 276392 276978 274373 242458 278814 240478 238092 247327 282546 252592 246854 257496 238147 231619 270922 262909 257341 219353 265120 264431 246463 274700 245120 254295 259124 298458 245559 236089 243031 230875 263465 247645 255348 252982 272254 255500 272447 263629 304310 230072 265578 272047 239037 265534 246089 262270 275768 266178 268717 245319 224523 254551 273015 235864 257253 248971 251252 284733 250298 279178 266567 281284 256034 272970 241435 223432 262156 268937 253035 
260671 290863 265830 253391 262505 301052 264764 266358 274738 268833 256343 269179 242211 275043 243278 290222 245121 243914 267539 265863 274371 266799 271261 262975 259052 276912 276297 269692 258711 255853 275304 278223 247934 282778 253120 318879 266490 256218 272372 277367 265027 253788 269031 265508 258724 295034 285279 263210 223854 288501 275718 275431 268772 262961 278563 265933 291487 263598 235585 262792 241971 274669 289382 254540 244163 297862 259382 288885 275381 309732 264046 267317 280223 272636 274186 277039 262392 308387 274432 271483 276075 244439 283749 279875 254933 277026 271502 260870 281042 284080 278525 275566 283957 244026 299434 254825 247510 293090 257502 263664 
250321 265157 279922 266077 266941 313156 248155 274786 256415 285277 262527 264929 219221 262476 245223 283425 248459 255912 277008 262138 290621 262692 289319 264538 268168 281423 264669 276685 260022 257313 278607 284126 270073 265332 272713 294578 277237 259968 259510 279235 248324 267396 278146 265942 258907 288781 281712 276574 240862 282006 286886 277516 281444 269770 268492 261495 289130 291757 245319 241633 245900 273407 267904 261013 262032 284664 267347 292388 262255 320291 241849 265839 287118 264611 258719 291833 269762 300392 269825 271192 264469 256959 281538 305182 270041 281435 274490 257301 290261 284718 264282 283351 289651 254082 294097 261434 234070 284185 256493 271334 
218565 248951 228658 217559 227894 292163 244170 243786 228551 259117 238273 241366 218947 247503 226894 264587 210751 227741 246675 254520 255481 240108 242942 235209 241968 254929 243598 250091 222073 244716 268594 252896 236620 262734 251284 272412 236019 237426 236752 253411 236201 234688 265973 233082 231817 269647 254762 242581 220596 252855 243719 235213 262357 238228 259214 225456 279513 263250 212963 227696 209266 255403 253750 258617 238533 265823 235884 265799 243628 265946 225025 246522 243384 232120 251949 232032 241263 271901 244599 249987 228478 214122 232059 242474 240457 230837 237742 239935 251949 250266 261998 258105 256700 248698 252132 241852 226085 252153 236131 239868 
197665 240153 222300 210206 227677 273006 230960 212414 222028 242475 213957 218868 193854 250928 201275 238123 199233 193966 241833 229834 228327 232098 239143 239830 227743 247679 203225 222429 218338 225584 244577 247406 242188 235577 229025 274759 213165 216702 221513 241166 204995 213289 217112 220452 216478 257535 256156 220490 214033 231941 245358 229962 234496 222177 230440 215459 254539 238264 204140 206133 194966 218429 232995 222064 200656 245432 214411 246707 217115 253417 206321 219053 229792 225636 238754 227968 232098 268558 250248 231686 230493 195627 236944 240712 220821 227133 224012 225080 239029 234859 248813 239126 235509 216975 251896 222635 210695 252620 222342 225892 
206153 217872 212397 220165 211232 256460 194596 212691 216109 226352 217660 223261 193918 220670 202320 228596 204803 191964 223824 202373 222803 205060 215792 198103 211876 239117 223957 230819 197831 208573 221771 222853 216963 216847 204527 237258 226685 205649 214498 229032 191183 216664 218621 203455 203123 240939 226588 206669 202603 245399 224074 220337 218247 220185 212578 212535 239749 217592 192716 209993 206804 217524 216843 196735 187168 232406 218676 232592 217580 256372 211378 215056 221915 219263 206327 223104 212888 236755 220637 226470 221512 191675 214786 238030 212065 214824 238483 205362 238520 212110 211555 219121 241583 215125 232689 196397 193406 217975 206139 207593 
216529 221019 230196 220784 231441 256708 214224 210373 220826 239768 225037 218830 208770 236676 207153 232700 209452 198502 231047 226537 236089 246598 258431 226330 215578 234809 228758 229140 212275 225234 256586 229156 230039 231980 217165 246377 226388 204483 212847 233383 213177 224930 226707 216220 222949 248328 241448 227239 186277 237240 230996 227945 239557 220904 206925 219516 255188 224486 212358 207008 195627 225679 219656 207920 232757 250793 220180 240229 244160 261689 192293 225685 252487 234646 230579 226283 239592 253504 245970 232230 239101 204612 231528 243474 230775 235386 220964 213092 249113 230678 222721 240285 235185 217297 246073 225804 198729 243435 228150 215583 
233291 265357 242468 243504 260962 294092 246689 253649 254321 277451 242499 249904 222431 267114 239760 273612 233787 242658 266983 236848 275603 259572 279645 255525 246378 272302 258464 275092 242401 246225 268848 281191 256281 274366 253231 280900 229178 246558 244768 282301 239882 272296 267934 246842 251341 291770 269350 248009 224023 264715 255424 258738 261439 236008 250643 250800 284610 256741 220396 236018 222385 260961 261555 243116 243314 284202 248099 276213 259100 290919 220603 254194 273407 248604 253148 230794 265550 283417 252586 259134 267171 230834 250965 274809 258723 257768 259571 240591 277665 270912 261066 257597 287097 257444 280016 243705 220674 265648 247752 231687 
227601 253321 246399 228952 252673 289261 243711 243423 250259 261175 243862 225757 212412 246543 230014 240273 222579 210704 234341 252615 249673 255610 247865 242619 239359 246302 236968 244101 242189 234705 263666 268686 257157 251957 232362 284630 232950 222155 221025 243713 228744 233768 234117 239352 237994 253994 262108 245705 214374 251182 250602 236571 264022 242429 233316 246067 274868 243383 220083 233585 223799 242341 244927 244311 236314 249169 225760 249338 246964 273101 221165 252099 259582 231771 246139 238664 237502 287619 259361 254337 240682 224116 237845 252562 243080 249052 237892 235138 264591 247900 234646 262411 258310 233618 254365 230254 223880 241497 238247 249998 
229710 243000 247422 242699 219224 290368 237999 235681 236706 249220 238498 217357 208851 241517 230527 257467 227551 215008 250453 244549 252744 229185 261305 218595 237855 242664 255295 230853 222228 229040 251693 260978 243720 251866 246635 266970 242024 236046 225350 258290 227978 240826 246647 230806 219395 251974 253070 232214 217106 249945 247574 231295 264422 236674 244011 228169 266026 244074 214178 220147 230309 240790 244410 230969 216706 236659 232040 263904 225992 261209 235092 242618 228621 234423 239221 237105 244670 280991 255187 237649 238852 222125 234797 256171 224762 256797 236459 231160 260335 237783 253028 254417 243104 242576 248988 241999 216879 258896 238691 248389 
214376 229733 207202 205396 212709 256664 222916 224527 238166 238400 222344 209215 187968 226581 210260 245604 201041 203617 232193 212464 237449 222985 247096 226805 209956 228461 207337 220492 227585 215257 232032 232251 230531 237427 229474 245315 209080 205275 209719 233058 206832 218466 232457 207389 209461 247108 234131 213098 199598 225630 229037 222378 239274 212750 210993 215967 239590 224764 202723 212849 200739 216474 214162 207445 221353 227422 215991 243908 224180 242867 192431 223273 239240 214628 229518 210572 225807 251312 226520 223435 207762 196411 224372 231742 205901 223889 218892 212425 234418 212333 236990 226841 235240 221846 242060 210183 191646 239021 212490 227347 
197629 230238 202463 202410 219245 266342 231879 229168 219441 237836 212504 219721 186815 215770 206466 226601 200727 209952 225115 230630 237823 217249 241400 211669 215214 222052 210181 224056 213224 219249 224228 243231 226796 232544 222602 254054 189677 198636 224738 231781 215561 210590 226539 205158 204130 246532 229510 215997 177899 237833 237325 219833 233039 220655 230290 210593 261239 218068 201559 204998 204843 224062 233525 231630 216893 225313 206991 224918 239057 240726 198289 219138 232184 219378 220489 210335 226558 231934 215916 208437 217323 208863 219960 228316 218282 227172 213886 214322 231971 238294 219591 227328 232966 216558 249895 191683 194561 239601 220002 200672 
206638 248043 207808 203934 219711 261050 212818 224675 242280 235536 221343 223188 209274 220444 211531 236999 197381 194521 232207 218087 237423 225596 225319 237091 209351 232844 222035 221619 217798 222072 239716 236501 218616 228560 232752 257540 218993 196462 227083 218647 217287 221964 228514 217691 204852 228977 237968 238221 197949 235923 242713 227378 243507 212913 218892 230791 248715 226616 207970 220699 215920 214003 232065 219921 208161 230301 198448 250047 217301 255973 209459 218441 240523 226035 216612 216243 228949 248611 216980 231573 216020 186749 211867 221046 214610 239691 217189 212034 245329 242260 231601 232566 242524 198571 250132 229976 201668 241954 219002 213997 
230723 269913 234264 233812 240422 282480 259288 243324 245313 265645 231711 238082 217405 256599 218539 263124 218696 236448 253057 237865 257305 254242 265911 258926 256474 264369 241255 249334 237774 227061 267757 276898 265088 248489 245575 279312 220813 217561 239811 253623 231307 240619 251767 235941 249533 266844 271933 232073 216993 240123 276863 256152 251170 233684 239417 250237 286148 243523 233879 220563 219532 226981 259878 237207 237411 278000 233928 257627 244020 279147 215614 239139 281278 243353 251145 242593 240047 278237 243648 255728 255340 242212 255563 257477 241908 251386 240423 231825 263960 259015 266816 244959 262713 224801 282081 214742 228980 262798 235396 245914 
191161 219913 209745 193571 211556 246569 206381 205715 197943 237089 209025 207391 184158 226956 202895 221825 179384 200299 225329 214829 210144 220610 218126 190898 220254 225216 217513 215892 207520 213996 240541 211198 227012 225239 218524 238984 215295 209342 200152 212923 199782 219788 226025 213556 207488 246873 225928 211886 185266 221069 224316 222461 216789 198929 219099 206052 238472 224807 199429 203888 196827 207712 213994 211058 212258 244251 206662 238751 225076 256440 194236 222120 233992 207798 208860 228357 209680 249556 213814 229449 216304 193427 223241 237850 200963 226588 210032 212267 226693 222370 225884 224459 225777 205956 228366 194012 191573 242742 220564 215236 
226063 258490 246790 222483 246332 276669 242941 233522 253997 252174 245239 228434 219260 261741 235643 241403 222921 220919 256078 252396 250278 257345 257688 252081 239738 250195 248027 231088 228808 229465 264904 259494 250608 247490 234289 279028 245077 221729 236647 255327 236300 230844 254984 228137 251537 264031 257540 248400 223355 246436 246336 234097 260661 237913 237310 248794 278482 237685 227562 236146 224972 255923 253262 243426 240630 263963 239115 266659 240294 279281 225343 252029 262866 251154 253008 248039 241911 279740 256320 246614 243901 206593 247167 241418 245388 249787 244566 243490 277528 251354 250189 257159 254763 245944 260263 231205 228552 264649 254115 246120 
208785 245703 225628 220524 221757 275254 216460 235441 228922 241882 238524 231967 204048 240854 220095 247182 202869 208326 240203 246585 243194 239572 239470 225027 231136 241565 236200 249828 221331 229305 256402 244432 232042 245558 229023 253257 239666 217163 233446 231571 221974 235934 262856 223814 229039 259313 246228 234161 204164 250442 241993 225638 249375 236945 230582 241101 278172 236942 225946 223320 206812 234973 229903 220709 231351 272378 231450 227556 243162 272746 219856 236953 247228 236137 232029 234510 231395 264678 231048 244611 225972 217827 243099 242510 234589 222571 234000 234757 256077 234163 259910 236261 262067 235500 257198 212454 212519 241827 216599 225560 
198965 235906 231479 227293 238652 272357 240116 227111 234858 238159 236031 215127 203271 246970 235748 230320 223159 217459 261611 226113 247882 231279 249963 230798 227931 246230 233740 235542 217668 227869 258961 251086 246179 246219 226738 254471 231669 224264 224467 274400 232964 218669 239363 216654 225034 262638 242916 226481 200267 243064 248759 227651 243194 234632 234857 223994 270751 232111 222405 209196 212981 252935 247563 248678 223969 242215 244967 249810 245012 281883 216853 234504 236944 227635 240912 236685 246165 256571 241018 239900 227175 202403 242298 240263 223844 227436 240783 222203 255260 251543 234416 241864 255111 232130 249554 225945 208050 237430 238855 224988 
197494 213306 194090 195623 206713 260073 200724 208672 202936 241472 214097 222580 192277 216898 197517 228915 180870 184851 222994 223066 221846 220738 218693 207850 205398 235320 225072 197885 191696 216125 242877 220746 213955 225918 215164 230176 213759 200369 203432 205025 199515 220747 227901 212558 199410 247573 243347 208096 197106 233794 225832 208308 229777 218261 213929 201488 256764 235389 207571 206565 189715 225492 226986 212818 209371 231627 194474 216697 197301 239082 211104 216606 231368 198499 221101 211275 210385 238576 215128 215390 207987 182810 218776 215293 206294 192705 214744 206345 226409 212592 233945 226830 220178 221207 237101 203811 186212 216229 213775 214775 
236531 261786 252746 234602 256784 306333 248703 251997 251376 266057 249469 251101 217891 246288 233797 266531 228310 227923 249559 253260 262265 247318 275891 244601 234222 259325 253977 261157 241900 226479 263840 270929 258681 247837 267679 286671 229900 250677 237633 270361 234115 260727 251692 258029 235336 272386 254561 240358 221204 260343 261036 246163 282208 243260 253994 258507 281840 242163 232207 240782 212541 260343 270463 240761 252047 266148 247476 258944 249894 288506 235143 247865 266948 242265 244250 252404 273094 278927 254869 244583 254886 220535 265512 263771 230340 263684 251469 236023 283670 262408 250647 253253 255762 247047 277678 250403 236119 291728 246497 238944 
234944 280236 258882 242876 258044 320124 264167 263872 253707 272514 254362 258359 223426 266225 249402 269245 220953 235555 270255 263413 277581 251902 273489 259219 270359 265465 260715 271428 242449 236001 267041 267732 269898 271494 246755 290321 246929 249746 247027 273954 238492 252937 261604 254597 235475 300750 269641 250931 229895 268901 273487 257879 265946 252489 265781 263217 288343 265782 227298 249424 229383 265837 258392 261997 263429 273251 269863 280417 264088 297981 237125 270554 283868 250923 256553 276366 252988 283759 272913 264844 244451 252841 271537 279770 249139 263001 274676 247200 283200 265146 279575 267648 288068 256192 275718 231034 235097 269636 237086 268947 
271907 293721 293588 267434 293763 331991 289131 278781 289089 318050 299469 284321 244969 301945 261252 312145 251938 261875 290156 299949 290263 283572 291400 288304 270120 304265 295048 284637 277505 272979 315465 295243 314056 288130 290422 316821 277694 266608 294145 303647 262768 280001 293538 280402 261974 311238 307621 287637 257500 301106 305789 295729 303910 282045 293746 282359 337853 297515 281497 267070 255866 291385 290681 271014 266530 307459 279579 313184 283087 338318 262748 292744 298472 272280 289702 299853 292164 332599 293554 285937 290917 251463 305898 303741 284807 295575 295179 282128 320172 290376 301146 300795 290454 286198 312803 288217 257053 303242 287927 278351 
217101 251749 252615 215984 246942 280408 242716 242826 234519 254427 231215 219233 203103 255649 215935 254121 209896 214934 259920 233076 241871 228007 247347 222447 230922 237801 219502 220574 215014 232891 242541 249650 249120 248180 233994 272698 228732 215181 224201 233138 215842 233547 225830 233970 234635 275736 248494 250183 214886 244032 242480 235512 244171 223044 236081 226901 264645 229834 224661 215571 212633 236210 236771 222211 223041 252521 226504 244833 232706 267462 212941 249474 242908 236267 237639 234913 234546 255493 243645 241131 237847 218448 239722 248718 228562 214589 239415 223317 268258 241461 246529 226855 251452 234400 255851 221414 219644 235260 227032 251888 
218243 246027 230034 230001 239216 281417 221359 233529 242583 246769 232307 238734 212652 248986 233373 238751 209686 218554 252175 243081 251970 244405 256788 240760 232129 256549 238404 232752 219451 227654 253949 257244 240304 244248 226580 272689 227968 239524 216635 263358 215140 251895 241528 223169 230095 264635 259504 229929 207953 238926 240590 226513 235191 224660 227563 236574 270030 237130 216704 230020 204449 245022 248153 222058 224523 258106 234617 234775 230659 261174 219431 229689 257804 239594 244485 240842 231612 263121 234214 244976 239719 213386 246844 251663 229374 229658 241360 212075 260721 238442 245411 249418 264787 240970 254275 217734 210605 250885 214466 221846 
226905 259968 222494 242634 238005 282489 244273 235270 237326 236651 241941 248397 193036 252744 217329 266141 217415 203644 257816 237663 264711 242054 261689 235719 228627 244261 234114 237928 231893 246412 257988 251948 260282 227982 242030 264748 234104 236081 242289 256502 228021 230356 249410 230393 219737 262091 261469 240965 213911 251490 265665 240456 250617 234546 237320 228709 275227 254421 218634 239772 205777 235762 244948 228627 234213 242741 233993 244630 223647 277123 231154 237814 262554 237681 248448 247957 242984 267502 248653 241353 238315 221321 267665 246323 218713 242931 244959 232991 246631 236933 262429 244524 238947 217808 264390 233766 222893 251848 243919 249350 
236690 263681 260145 225645 242383 287585 259766 242672 245075 271867 261932 248539 211536 262394 227775 273729 230153 229868 271602 228618 246412 244283 264351 239664 256003 263550 264099 244954 242964 252670 284373 259786 265326 253079 257118 291581 246827 246149 241255 262160 250425 259481 262388 253596 251011 271222 267653 263983 224368 261618 264426 271893 262894 236703 262559 250367 298233 265615 245818 222807 227007 256462 248471 242587 238954 281838 244786 276677 240624 295448 238258 247349 267613 241638 253175 254651 254487 292112 247295 278912 246787 238500 270659 286092 261821 268318 257972 246857 262853 253182 284896 259143 261006 238301 269688 237648 247574 278198 245209 266803 
223100 254010 243872 229957 235118 291491 229128 246370 244254 257497 233226 234328 208389 252441 221763 251966 221581 217974 248285 241617 259333 251522 265250 244836 232174 252285 237853 245556 241577 230841 260307 260927 243631 259557 238916 275897 246592 226494 231840 248327 242919 244303 262299 246355 236651 269920 263497 241173 220194 266351 245220 248943 268034 253013 235381 240032 278080 258297 235191 223703 219741 266634 250310 227434 229358 262622 240224 260543 246234 272331 216187 235747 258244 241577 248408 251150 235671 284134 248937 228505 228378 221732 260369 250567 247107 243944 250943 239763 251564 241296 266965 255955 272200 250889 273584 222969 215488 245754 240473 239848 
248150 277673 278427 258276 269474 313063 272371 261416 275797 285337 258622 255467 240426 282158 251739 289677 246862 242900 272774 267116 269772 265724 294194 270097 257955 280350 273785 271837 251815 258020 281670 298004 287262 283486 252112 307032 265093 264286 264140 293639 249485 262845 277667 266329 263055 291186 283383 262183 258251 289488 285488 258923 292627 274901 270191 268455 300618 266802 258058 246650 243920 268989 279642 253719 268085 289039 253483 268646 274041 318693 255215 278207 287755 269840 276593 262363 278857 303052 278837 271527 287853 250731 277257 272130 260748 288392 288037 260206 308042 273697 263540 271178 279714 262149 303070 252254 243639 292186 268466 261693 
233383 247062 248543 240275 236802 303906 251526 256475 266085 286816 257951 240597 210761 250053 251146 264766 225816 242612 258251 259266 247269 253212 255972 238205 250492 253118 249702 263553 245299 249120 284005 260626 254162 245365 261853 279297 238237 222996 239882 239034 257286 261345 253048 252333 248066 271039 270042 244578 213566 258754 258559 249246 266747 238497 255739 240489 289142 259127 229861 220556 237348 257794 268260 248617 229205 264934 240204 274181 261929 293616 228366 257122 275853 235635 249986 252481 247228 285202 247247 249742 240131 234141 255950 262140 250851 243002 239036 231526 276715 275260 247376 258066 280122 230591 257370 228766 225806 254302 252488 254763 
252446 292487 270159 260143 280507 321790 256811 273204 290204 284703 283532 280133 257207 274138 253608 293990 241574 244066 279447 273402 285647 273173 284291 256228 270440 300218 282246 282652 263703 257012 302044 282691 281071 292681 285486 302140 256305 256523 256139 278780 258920 281509 274002 273143 260869 288057 274321 272375 251666 290414 288887 273875 292062 272247 270439 267740 318136 289303 265985 267255 256805 278689 269664 268666 263876 294575 272126 296861 282820 305593 265654 281268 284197 258951 275725 281634 275044 311693 291269 278144 272935 231093 266480 287045 248908 276477 274711 276730 296129 263099 297869 279892 277878 277129 291636 257934 262503 288674 269843 274878 
210952 255159 236182 225282 221353 272770 251834 238219 226436 247708 247203 222452 212793 250756 241967 243321 215930 216525 241202 236802 245056 247638 247818 230533 240326 244175 231563 233651 240478 238981 273922 258405 251783 235599 223498 282619 243202 227437 224457 252375 234686 234378 248095 228637 228079 260164 256969 235630 212181 248939 257096 225323 246826 238036 229282 240715 280632 246647 227758 219636 225937 230262 249985 226880 238820 256999 227156 241921 239809 283188 219019 244954 251233 228576 249440 234575 238681 280985 237106 255324 239158 209957 255193 247229 232906 250439 238441 246886 260943 252978 249487 233256 261773 219726 261657 218300 232011 245125 247734 236774 
188803 226115 203084 204462 217417 222829 209840 201002 221488 219012 206664 202616 186003 216075 219365 210946 193482 201702 218369 202881 219216 205479 214381 197907 210063 218704 207450 210636 196480 199877 233266 223676 212571 219679 209010 256652 194809 202630 193670 224847 201804 215513 222295 202492 206437 236199 210976 214387 196319 211019 218762 208281 194562 197000 217017 198958 236645 217198 191756 196716 183592 221678 221963 201805 199603 236839 221292 225035 211751 242863 195148 219157 221850 200446 228343 202174 215786 247869 213757 219155 200709 177320 226839 233540 191337 216561 211851 208660 228295 222020 213151 216944 214457 208474 208192 186799 202239 234800 216661 202997 
237751 250107 249893 233044 240004 281659 244144 245829 246792 262372 255527 240831 213735 272649 222021 249139 243039 222674 242865 228996 247880 244653 251712 230200 245683 258744 241352 257839 241826 231221 256738 275807 247029 262590 222952 274785 245056 239566 236609 265336 232375 242899 241774 241333 246347 268431 260687 239073 229774 252949 247420 245081 265066 233601 257697 235314 281646 237443 231503 244983 228020 248153 255484 232499 217393 253428 241650 258840 261276 275075 227040 243240 253063 243947 245597 240001 245455 264834 245691 246408 244763 226676 244526 257593 229275 249754 254648 233566 260294 235719 250103 245088 259155 250208 267065 223671 213056 239781 235417 234498 
228088 253111 230810 215329 239422 284051 236389 217981 248639 259390 253210 242937 215089 242306 216663 254330 225773 214059 261101 234340 236790 234650 254500 220673 221521 243657 242005 236540 232447 230206 248920 253460 247390 257893 246500 265403 217388 217260 221976 255127 238152 240187 251698 229675 225388 247020 238924 232190 211848 217385 238070 242889 253640 233757 228822 238395 270026 245640 216429 221779 211552 235758 233791 238777 211416 255892 239506 255529 254273 261673 209937 233798 237212 238106 240210 228333 248267 264550 214843 241429 238143 202757 247241 247597 222442 236150 239722 233103 255621 235995 260722 238440 248855 249818 260339 210503 222985 255747 251097 237093 
240986 289286 264743 255107 278593 320326 265419 285008 271606 288277 269735 270878 232483 293962 256860 284988 253928 253814 307092 272916 283662 294235 292773 282771 280926 279631 261711 267916 274306 277113 291163 298981 292472 289625 270619 320315 268009 267040 286773 293594 254767 262829 275086 279285 268344 314433 289524 276368 259218 303573 295166 283413 296327 265354 282149 271874 295136 295319 247283 270836 259788 298182 283490 270172 257737 294814 266294 297039 259572 326090 266497 281034 300582 277773 277263 294325 282263 308751 286737 279982 256478 257141 288639 304370 269108 265377 278336 258591 305310 287637 283988 298184 303840 274280 303019 257400 246738 287965 264455 290022 
214425 261806 233646 238025 242810 288570 228702 225875 241663 245662 225043 231857 205753 257872 217044 257705 208083 205253 261461 243989 252911 242276 246384 235210 243898 260279 244577 244624 242354 223983 242797 248038 241248 255195 236657 268072 228317 231705 229251 251774 235806 247747 244840 233088 232696 262828 250810 244774 207193 258992 246628 247049 243678 231000 238834 228698 257577 242783 211211 233662 213873 244642 243902 223742 229838 264262 237319 265004 236987 277477 231191 242466 259890 236909 241963 243228 228490 285075 259683 245492 241301 236088 239943 256582 225441 247674 258037 224657 251618 236410 264097 235431 267260 239207 257562 216295 226364 260963 238522 251451 
234838 266848 248203 240114 242795 282194 252399 262014 253387 262458 235690 248438 222800 248635 220657 279174 229089 236445 251140 240453 266589 242543 262820 239867 238836 243514 255245 237446 233247 230786 261757 265485 262126 256968 248964 279518 218345 229750 251723 264818 223035 256447 238796 239117 241667 257393 266674 242504 211940 243708 260136 240029 267982 228766 241158 252467 287410 245844 231881 234632 217768 242009 251649 217755 227892 265456 223917 263669 238200 273975 223942 241427 263438 240236 249385 251686 243129 277840 249440 251633 248002 226985 251687 275221 249041 244383 246585 241452 278809 252845 266065 234558 259042 247336 271546 232455 228182 263729 241268 244148 
226203 240726 233833 232797 247805 283938 224871 235507 238223 253798 228244 228728 204176 233575 205075 239084 220835 225796 237467 228188 249195 235219 253417 233882 229103 247523 248194 221303 218499 222585 248697 248890 250052 234391 223985 251332 228112 237910 225874 246366 224621 240378 215911 230055 211988 253831 257754 222926 205999 240955 267300 229450 244840 235728 219579 233903 263403 244073 230150 211655 208348 240765 238132 218870 240649 230514 223697 226681 221204 270782 218614 244184 250303 208438 234674 233585 233996 278006 237901 224030 248989 211736 250324 252647 215092 235425 235992 215262 258268 239320 240959 244505 234416 236199 261848 220255 215360 248064 225194 238681 
214499 255454 242966 227339 231885 274833 232902 244417 263549 248746 251323 237708 217525 244538 236086 240450 216873 215198 251663 245045 245472 244521 252127 229912 247357 247266 247060 233306 241727 213454 254127 258710 252188 227474 237353 272992 228494 236596 222396 250597 242505 221325 250022 230244 227767 266110 240757 251628 209920 230663 265721 236678 247530 250637 240604 245979 270149 251610 234055 244672 230561 243787 249058 223482 234134 249836 236281 252167 246054 282509 225240 235493 267919 230383 245443 250447 254614 262154 240093 255588 242599 198523 241940 245947 225661 245076 238937 243205 262932 244085 257882 256274 249086 226987 263375 214352 221512 241964 246851 244217 
203705 250267 244378 215315 233865 287323 238088 215520 246355 252703 232658 222836 208467 240280 220868 240612 209896 215282 243976 230689 228887 221381 240596 221231 227068 242089 233362 228188 231186 218521 253737 257989 249582 240007 225106 272004 224462 231722 222979 245514 219910 235874 227313 230275 225048 245381 241735 223891 205817 251857 243641 217202 261173 228670 234356 237824 260855 236006 218080 221818 213168 244641 238208 225480 219198 255993 245178 250294 230814 267617 214137 241316 246388 238241 223155 246074 234567 265217 245252 233335 240380 200194 244740 237879 208629 229871 250349 240103 254835 239375 241225 251777 257835 237818 262594 217012 217655 243592 241139 237456 
244161 283500 257318 253128 270875 318862 254028 278932 262767 277850 261440 253438 254350 287547 250723 268193 233109 242332 288219 273837 282846 267192 271089 255369 259772 279010 261531 280744 270949 245687 284197 289379 269747 283239 250320 316149 253228 270512 248631 272085 254973 263729 269352 267486 250082 295023 281869 269385 237188 285015 292172 268642 288019 263492 260457 267982 293049 269310 244834 258999 260399 271507 277317 250060 257769 299595 254486 273650 273011 311379 266315 255695 282294 264412 271580 269904 263316 297432 266506 276954 268599 247901 277204 282510 253665 279686 269714 257463 291551 273221 275507 264243 294561 258833 291267 231654 245799 289693 269246 267293 
194306 249003 219734 201339 247382 269781 224799 223899 223665 256029 225036 208164 190627 239278 212817 243011 216213 217872 244590 230287 237016 224095 219218 222062 233324 234969 240522 233477 222187 232621 250381 226563 247315 254904 223100 262521 218653 225891 222893 245011 218788 230917 225387 233539 220942 235879 226824 227603 199081 248370 254336 233298 241448 211868 232410 242208 261664 233112 217781 216325 205731 241231 252884 217474 225866 245671 230030 240918 220140 267573 214096 233175 225845 219762 230476 235933 240127 276108 220952 244291 219233 202384 246811 250401 217776 231470 229817 235316 244718 249445 236224 232913 253154 224930 240607 221553 211055 248959 241376 249569 
234916 267754 240200 232838 255015 293755 244432 245410 249445 263985 252852 240154 221197 260912 231312 259500 222178 232141 245833 238396 256355 245558 253497 236349 254184 258063 249241 248502 243893 243000 262916 258153 263010 259346 246459 296849 253766 243044 239115 261498 233339 242524 255065 241289 233999 282432 254515 252091 233830 276606 276464 247447 269324 257446 251982 243136 288956 242856 234767 242974 250906 257367 263302 235175 241148 268395 251413 269369 249043 286448 229130 259413 259125 255298 247222 248341 253537 284315 269254 269657 262055 227804 261860 266278 232640 253151 266836 242633 270166 259610 260771 257090 278592 255510 287638 245202 234025 264354 241889 238600 
215831 248882 246195 233562 246136 283908 235486 232585 254255 250579 243196 225792 205023 251055 231262 261107 238642 215981 261789 245812 261690 245752 272517 250338 238377 244505 249677 242714 232109 228770 263721 263273 250966 260805 240495 264240 239531 235769 237192 272161 234240 237806 251473 236646 226561 268805 258845 249924 216175 248791 261869 226731 264557 245953 245346 242645 281738 266549 241151 230001 212921 250284 234284 247098 253556 240952 241172 255642 253972 292165 222720 246231 250662 238489 255651 240213 259143 284018 257148 237546 225339 214684 250498 250825 237335 248974 247280 251413 268071 234561 258895 266278 259543 248140 258261 236141 213513 248220 247031 247132 
234734 271798 242945 230717 247098 282180 255408 248872 247511 263506 232853 246777 221651 237268 231767 263713 225528 240859 250169 240241 261005 246393 266977 262302 243080 266517 258797 269009 239135 239084 256974 274820 260933 265859 242407 289453 244592 242626 243975 274357 245039 247456 267496 247782 242483 263483 261233 248013 226573 263076 263646 254804 265741 247936 244912 243921 276951 251789 228762 232097 217847 277356 254197 261129 261824 266854 247810 267069 246762 298497 244097 268788 273135 233842 247376 252962 257952 282258 262391 263375 255796 244310 250902 264308 241398 259112 262301 245371 269670 266803 270633 255740 282280 238165 273096 221574 239945 252707 242985 248424 
249258 280963 246944 248518 258696 288393 246910 261654 256072 264552 252166 245480 238825 271031 245869 281656 232753 235063 258974 257587 254142 263864 263360 238894 255759 266832 248599 257013 238938 258357 282286 263837 273853 248602 248776 301087 254449 244891 261337 265242 245457 253868 260409 239608 257230 276052 269067 246461 225101 277911 276099 268978 277747 257719 234886 266884 291766 239040 247392 237612 233469 259573 259628 237153 251269 267765 261987 260028 267082 303718 238642 264045 288216 263043 268861 269286 251848 297134 277390 257084 265720 226482 262352 275882 246099 256987 260008 242319 281718 268046 282614 271559 287361 243131 269124 245523 241344 278446 269813 254723 
229834 248213 242342 228319 234359 296138 244219 253565 238496 261967 256421 251991 208151 245809 225243 262771 215827 204853 257477 254580 264060 262157 260952 245000 233121 246900 250454 249322 234309 237597 246902 253214 252177 263422 241176 279561 231797 217257 252537 252857 218359 227663 242499 238629 218722 276503 262193 248951 204412 245702 249940 253002 259150 225240 246666 250610 276804 241983 220361 240981 219507 245868 261849 229531 243889 267003 223970 252921 241824 284951 228657 242702 255991 240861 246301 245307 246394 276264 246759 257019 230860 223700 264723 262086 246997 253148 234261 240578 279107 253014 256847 243252 260675 225066 258490 232443 220286 268329 232198 237489 
216272 235394 226610 202219 230495 270961 229774 236270 226894 255285 245835 231777 214584 241477 227231 233138 203728 214419 252298 227411 235235 243091 237181 218402 230237 246824 229124 226621 217157 226728 250270 254268 252039 249849 240660 273683 203178 214824 225252 256700 214108 228275 251322 229948 224318 257393 235464 234299 221709 237759 255616 234426 254553 229591 229463 237967 266189 234571 217571 214626 206357 231521 220625 236143 236377 268733 231550 232512 223984 263234 216945 234005 252955 229218 244778 226225 235333 253595 227182 240409 226089 205833 241618 244808 217762 222521 243205 228615 268736 244380 254402 240239 254612 232740 240080 207437 212825 235893 229975 225192 

