208107 196921 213803 191058 250856 216210 224709 231902 206782 197516 209280 226209 229928 205026 229425 231453 237973 213505 245232 219535 197623 209858 196681 240963 209880 202576 201032 227310 235411 215820 246649 209151 222868 239905 224665 212184 222609 214384 219672 220391 204410 199176 233740 208706 222023 231126 202171 205940 216076 229089 204358 207895 211823 202955 218882 204040 235349 220092 223433 250459 229814 218871 216368 194991 219556 214287 205199 215093 209610 218286 204291 245399 185781 225085 234320 202446 222786 221741 212826 233521 225392 184816 206982 226072 204932 219471 212577 216070 206463 214093 210292 215884 192954 200311 183065 203002 201085 239297 226130 221499 
229860 240927 239844 218850 287689 236274 256491 233243 228351 231842 229241 245312 250576 230722 252454 260325 260114 230780 244820 236108 225246 235102 221336 278656 233493 239223 220908 275353 258756 229406 286457 223200 225064 254012 263024 234694 245248 231475 230892 252073 241662 211445 257461 232840 247849 250508 241024 242781 240842 253069 224666 238792 230079 219979 235999 241784 248128 260272 247040 264724 248854 223364 236428 214494 233116 232123 208652 257617 224855 239131 247103 256696 190239 237405 280541 217576 241505 258819 257467 251323 242471 211237 243937 234808 215659 244547 246552 239654 245982 239214 263670 246945 225037 241896 208751 219352 223633 258725 274194 248180 
269863 265688 275648 255453 301891 293023 296980 279129 259937 258679 268245 277326 297659 258533 296013 299148 293693 269708 297437 263214 257715 278903 263600 304297 269247 271078 260362 300006 291550 285526 339645 257240 262700 273124 288587 254292 287011 262292 272322 297584 250831 228627 303128 262766 289012 305593 275146 305876 250834 304270 255881 269316 273719 270199 265781 277646 290840 284833 302365 308357 281657 263081 260542 242130 257383 273198 273132 298497 271486 275767 298311 283970 242698 276038 319001 262871 261738 294409 287432 309803 270001 258839 268641 279920 263202 285292 283395 283018 277064 287822 309179 288119 264100 263244 238856 256824 262024 288075 285045 262982 
230398 252750 232782 218205 276185 272147 266412 263263 222865 236882 250206 237584 258808 215988 273111 264666 260699 234729 268380 237261 246172 232770 242277 257076 227748 244868 228690 273824 256832 255995 305219 224820 242659 249778 251928 222978 261234 237679 253427 267037 218930 201521 262660 249253 252199 263279 240368 255634 218993 275426 217231 239333 241184 236486 250718 233142 270163 258997 270140 286230 237240 245025 222532 215915 243416 226047 239409 257288 244400 239826 259626 247416 221610 250539 280231 236737 247380 259206 253307 277548 243123 221799 236985 243242 234919 244369 255038 247189 248976 247113 262863 248342 228701 228101 218478 225267 219691 261344 265578 251323 
248346 245550 247940 222981 277564 256596 280683 268522 242151 220093 243628 249986 272478 238403 266104 272531 261067 255464 259353 243452 260315 241936 242084 265048 240350 244566 231968 266217 267088 262030 308973 238673 241796 243890 255681 216957 264923 240585 233079 265134 252925 211770 265553 254734 264570 269576 257150 254284 235772 278407 221197 236745 236955 242957 264364 249746 257764 260420 258157 263077 244913 244320 238584 229180 241693 258562 229691 274013 242625 236915 250664 271733 214562 256032 293805 245427 271151 271339 267804 279126 236160 218303 244666 260890 234682 263464 260629 244286 246656 264764 267182 243914 242236 233155 244693 233622 231692 271638 278686 252737 
244096 240844 255501 242493 284968 246709 284283 258338 253755 247288 262342 270082 270798 217920 280740 281273 273848 235948 268935 233916 247822 256969 231751 278676 232920 258889 252305 275062 263050 270721 305914 237391 249427 258929 261609 226298 268022 224572 254691 275828 246085 202698 265942 260000 276508 272276 246758 253272 248301 286544 228226 236062 238229 255701 253002 249326 258885 278510 247719 281646 251071 248552 244029 222580 242422 251224 226130 265860 248262 256202 272601 255018 210741 276788 306058 241304 241718 265801 273342 279718 240907 222248 250386 252723 236825 248276 271318 252798 252895 263723 291614 239635 244637 264695 218776 233533 230413 270775 266078 244602 
254273 233542 244769 222994 271845 260387 288241 267759 239140 220646 241371 253168 261955 229576 248477 268891 269781 246047 251189 250601 239030 232835 236597 271809 238477 245879 227823 269525 261633 255326 318566 236202 234487 253979 246622 221559 261755 245259 237873 266353 221115 205496 275462 250776 256224 261767 237438 252369 234768 277362 212274 252147 242970 231455 247845 243055 265393 259398 276919 273745 258788 248936 243031 207462 237259 245256 221298 259108 241584 234876 264258 270068 209970 255405 280589 237138 254218 260312 249419 273733 258995 232531 244895 247758 242056 253086 252966 248193 249280 249018 264039 258219 241188 238428 212448 229808 212037 270368 268194 244564 
234855 210959 208596 187293 258014 245983 247262 235548 212951 207905 232528 235457 230732 201642 245645 241775 243227 219716 246818 216743 215523 210068 217740 245308 213132 225863 198846 239117 254461 213424 272091 215187 222980 246639 226937 215206 222499 215549 204208 248831 223271 220589 240265 214899 241171 232305 228714 222879 211643 244845 197500 222741 220987 220565 234169 221764 234093 230815 235936 245990 219837 220828 226578 191488 213528 231824 212847 233304 214555 238588 223204 260442 178204 238980 251824 201142 220040 245849 233063 227369 231883 194835 220745 236422 210327 224719 233274 235426 210731 230983 247557 224819 212862 210616 185501 211796 208816 241681 241267 235342 
263095 235460 237451 219132 268359 260409 281467 247451 242530 229089 264016 259608 267597 232261 275450 274582 255732 246715 266213 259332 237608 244625 224054 259575 237335 243286 251657 272136 243601 270060 305127 241799 254683 261520 269191 223355 260667 238809 233598 268383 225974 219094 274127 253655 269526 273808 243328 236846 237863 279494 221028 242862 248571 241711 262048 241412 273682 278449 247751 285422 250343 250231 250020 216366 251962 244994 234685 244059 242703 250586 255828 272358 217127 263102 272035 238437 243968 266511 271264 263199 255839 215593 246352 259624 220810 242911 263982 254698 247529 256961 261769 256493 251799 248251 216810 244075 216500 253950 277384 254954 
244530 266989 241023 231015 284780 274492 287013 270091 246294 234674 251399 256974 267561 239157 270945 276454 263841 258547 260473 254286 234392 249199 228573 280737 240718 267593 242651 285174 260499 274338 315673 242900 242884 266007 247388 241392 270602 227156 248061 280883 241652 212697 261513 246308 274229 268589 248508 261391 241252 273793 230236 244718 245992 258665 245344 258255 265019 282982 279503 282897 232001 260550 255925 236324 263639 241660 240535 272197 230418 251834 271574 279198 224722 242522 291948 230193 254785 270138 248703 277174 259524 227845 251497 278913 251003 272848 264063 265999 252809 259104 275328 246385 230804 251060 218959 230893 231724 277886 265247 253180 
261582 279490 280022 257408 310960 291738 307725 291881 263332 244498 260978 267805 299016 261383 297579 299266 290923 257705 292108 279290 274695 260029 254855 297131 253600 275702 253005 289836 267946 283386 325970 257615 271979 278662 292752 229761 294700 270582 266556 294151 261418 232505 295192 265766 279105 300159 262886 285725 254539 307904 250636 268693 278702 271336 267532 275167 284907 279381 299947 297364 274833 272177 261298 234631 275447 272226 247268 282106 273501 254275 277086 276576 239571 276945 306380 251089 289738 305783 290189 305864 262786 243835 274011 282885 237970 292769 273303 270931 281418 260757 296867 287916 260565 256137 238565 260188 267535 283858 287760 282960 
237881 251431 238113 225522 277966 262729 259798 243808 242273 227662 245173 248271 258797 237375 274100 265182 277803 264123 264561 236798 244564 247260 218737 274288 218106 252002 250029 259207 270310 247262 297328 234725 228843 254164 251044 239942 263072 231145 251307 276020 231184 220751 257985 250763 271188 285049 255455 242257 227420 260225 243051 239097 240168 243602 258072 248461 275175 268439 268548 273459 250539 250377 246105 213840 242264 239292 229104 262511 244474 240784 256871 267486 224495 257159 275430 225653 261963 270726 260310 277222 250625 225619 253413 266808 226217 256242 263874 255028 251529 264315 255900 255310 250196 245491 220115 222819 234484 257434 274397 236529 
248550 237642 235402 198895 272969 255204 254603 242787 222005 211456 234578 233008 253529 221036 260891 246238 243554 234290 255090 239327 228042 226789 236868 266459 209421 235825 231418 249013 245259 249925 278460 223282 231479 247597 244073 213857 251428 214611 229107 263392 228481 212691 256257 241971 247600 259945 249550 234449 223752 252875 218108 222875 243396 221800 244580 231797 254249 241659 260726 239981 225194 242460 250707 208750 227297 220997 227260 267639 234446 231310 249869 239780 212193 253945 272910 217287 230820 239858 256627 253307 242502 225065 230385 240273 220054 248231 255030 247131 228455 244575 233218 246065 232731 233883 215333 225681 217308 256692 255310 238600 
243952 233738 237143 224873 285396 251748 274591 269071 240395 233670 264595 257457 252109 238931 276116 257653 268497 242183 262470 242521 222310 249031 228868 274002 246788 235326 240695 283577 265033 261541 295917 242483 238037 271880 272903 228958 257229 220794 237336 254988 242464 210765 268648 242323 250862 261914 245542 251980 234240 245581 231743 240042 235709 233549 261206 235937 275188 258010 254663 267369 234339 239193 256138 213004 247972 234521 228987 253088 250114 236981 242233 254840 224287 258342 268902 235575 250395 242297 270124 267851 249483 207681 246185 249213 237394 256988 267419 250892 235523 248277 255033 252983 228337 241212 220192 235784 226381 254231 270521 241940 
255093 258699 231280 215794 282753 270950 291125 252572 230788 230516 234750 242143 255958 210910 258720 258862 273500 233973 255592 251889 248290 214415 226202 266726 233755 236134 237226 266482 253492 265817 298821 235208 224251 265098 235902 227667 261712 232875 232570 259537 238026 208878 261690 256092 247522 259594 238806 247037 234321 270195 204945 231459 229108 225340 253415 248871 264448 265143 275230 271978 237742 246150 230757 212635 237198 227889 235853 262187 245317 246336 255166 252351 216798 257056 281709 224626 249922 266771 263045 259699 244590 217849 234894 261162 232699 255059 262921 245125 242290 256167 246314 255372 236039 238091 214699 225444 209238 259916 268848 247000 
219826 219457 219775 185697 262235 242145 244730 239676 223561 196144 229252 233038 238845 214674 242891 239876 240926 220339 229427 228560 224116 220567 217993 248556 206857 232565 204403 242223 246170 244206 275751 215693 226643 235775 237516 204617 241504 209773 202084 247711 225603 184693 235183 235225 233654 253489 229834 245481 205761 250993 218520 224530 223734 216197 236382 214070 236320 221201 248767 243960 221652 227164 230878 200991 230455 229763 218560 247749 228750 208724 236033 241469 210609 232712 238475 218496 239347 231532 236466 235004 226969 207915 224832 223248 206019 225558 237131 236911 227417 251788 233364 227604 205723 214842 206289 212187 230530 227800 234610 221882 
268822 264373 260872 234668 289249 285194 285924 281675 251963 252991 262486 261562 305169 243658 281703 287567 273490 259358 285446 267854 254255 254062 257283 278166 242909 266864 245217 291059 276661 288694 303470 255787 273596 271844 266146 248092 299640 238744 256522 281935 269023 234957 288918 249302 275690 279253 268415 272697 249742 279957 264368 263990 246896 247939 273166 273004 274204 275733 291106 282680 266810 259259 266838 224488 261190 248805 255248 276006 254216 259097 274813 278741 236942 261295 284295 253599 264037 281588 293388 263834 265278 248408 260308 282481 248728 273062 282136 254099 255910 287345 290290 277941 243484 243578 226533 261616 248704 277611 288206 256591 
251291 245090 237995 228890 278182 263289 283570 279566 251078 237997 261890 250888 273683 230273 285303 278751 264533 272684 282636 259423 259973 247312 247828 276501 251503 257040 246603 278397 254729 270842 324340 244751 251353 272393 266647 235088 275901 236860 244167 269763 251394 225355 269950 254004 274491 259996 264820 254546 235462 290073 227165 244284 242438 249072 260783 258178 271970 277374 258807 267348 234526 266920 253888 224585 258094 253561 240326 261704 249404 253028 266210 263750 229806 262333 282340 249180 256776 276041 281934 278651 259321 220674 240064 260240 243662 246030 259510 259877 262717 258471 265323 256331 257030 240243 230467 240093 237239 278796 284670 277457 
240858 233002 218512 216163 262910 260699 266499 250717 230702 206895 231221 246558 251266 217462 246928 259879 261612 226998 247817 232752 217695 230870 217583 268039 218265 235999 229641 250775 245446 231090 291084 222469 226199 247806 250834 215886 254731 226882 227662 256231 223352 212870 259851 226227 251638 264777 234139 248862 217407 260063 211360 230970 229409 231184 235494 241731 246699 260158 252152 271434 238822 228832 243384 215625 242564 239801 225988 250614 239764 240433 228277 255280 214033 248561 266848 232602 248271 253366 253009 255493 243012 209576 231706 252968 223284 250124 244564 243866 229436 243452 236846 252110 224106 233740 204421 219026 213594 246197 249284 230795 
237816 225853 223991 208789 266114 245832 247447 242455 230172 210005 229615 230743 255159 219114 249934 259067 254230 232144 256244 228451 241182 229578 218183 243371 229939 232859 228698 238618 234563 236639 271844 212325 221657 254366 234645 223079 244041 232148 212233 255771 217124 208290 249301 224373 246104 253818 225417 221385 226923 247323 217835 226539 226088 222925 230733 238324 256415 230366 253842 259739 218759 225675 229115 195666 227705 207765 212974 250082 234641 245264 238531 255840 207719 239883 251936 215596 244078 232074 234789 247688 228121 206345 235138 232073 213930 225255 230286 248898 215081 219978 229762 240987 229078 229170 192380 202624 201286 238580 252022 224285 
234380 257136 235543 232668 281111 256470 282085 263288 252192 225269 254322 251285 262100 237973 253408 274863 262778 254787 264216 259337 253420 238457 242255 260699 234689 261676 241479 284643 266904 267500 301554 233802 250246 268859 264434 231547 257730 235387 241315 263182 246975 202255 272859 259760 256395 263865 252387 259629 237779 270374 232846 237741 239220 249631 255305 261542 262681 261825 259441 284740 252941 247990 242216 221836 261617 244625 225140 274795 240316 242804 264251 271894 224392 258188 279740 242778 263767 269730 261695 274661 245732 230723 254609 266060 243356 266226 276880 261314 256761 267803 269548 253892 241921 256141 229511 235133 215429 256463 282232 237395 
229400 225881 212199 195676 249865 244722 236333 238818 221381 212639 244537 227211 226808 208956 234373 239364 231067 236541 242433 221389 219939 217036 213425 254147 221862 243806 206944 244180 233578 227003 278764 204772 223034 230656 243886 223030 231244 197803 208511 257893 209843 197827 228267 230932 247247 236906 235562 217250 206889 243715 199844 225357 232622 228712 232501 232223 239457 234994 236642 247202 217233 226906 236239 204377 217709 228478 216322 222817 213679 213949 232156 242527 202961 246371 236289 213624 208024 239254 224295 234374 232560 205536 229711 227222 217991 215376 240328 220624 221694 242469 250567 218840 212782 223565 193874 207797 225441 229178 225202 221192 
236488 243685 243991 225903 264631 248104 257011 263125 236024 232060 243027 258608 272513 224902 256313 265904 257548 228224 270295 230079 246900 255661 220472 261450 228885 241329 231086 272437 260085 239738 299092 229133 239803 259435 272086 232357 264690 234066 226635 260713 246123 204398 267553 231294 246119 272251 241044 240775 223245 257805 225056 225184 230029 225626 244247 243376 254481 256210 265719 278543 225039 245782 248188 208555 245385 230342 214983 257227 242759 245062 263744 261120 227425 253931 274766 239051 243388 256660 266200 257661 232102 218522 243175 238823 241722 253910 238566 250044 235981 242730 236550 243425 226553 247755 214483 218892 222736 271600 268218 250711 
243214 242955 235085 244814 290117 262270 266188 266429 249313 223399 262838 266655 253674 233534 266052 260391 267121 251623 252754 245227 230321 225997 232948 275808 254112 263977 224964 271141 256865 257721 291777 225187 248410 270569 265703 253020 245165 249497 233347 274783 245183 212564 252277 257628 262774 248563 262318 247594 232588 257295 224620 243105 230880 245376 259068 252830 256807 265819 267236 284670 264091 247986 231995 218428 246903 252787 234131 255732 241194 247889 256685 290495 227987 266433 274446 241520 248266 249225 261016 275679 248460 228294 248564 248682 237769 248010 250352 266412 251117 264910 269848 247298 230709 243291 211970 226557 218783 259364 254868 246047 
215702 207125 207096 185023 246786 213810 227826 226598 213165 199588 217683 214696 222904 193754 221894 230161 243391 217218 216579 220344 214595 222559 210113 229819 212247 208866 201514 214264 219168 220314 232326 204351 205584 215664 203546 199861 224955 210175 199913 239562 224346 179928 234422 213364 211688 215856 226487 203743 214573 229934 192041 212306 210649 210397 236547 216746 220965 217883 218154 209881 215187 206917 223789 191585 223045 220145 205442 219099 218224 220056 203762 237880 186992 242009 251031 211048 213127 219365 219487 228189 211467 200482 211783 216492 219426 216168 205662 215297 205108 218179 226905 218594 213667 198830 196231 198193 193450 221546 221021 208298 
239381 251846 241214 227801 267304 254811 268395 245672 250152 225094 249492 259506 268646 221820 251183 277802 273509 240359 247543 244648 247008 237959 221995 268427 229307 252600 243955 271048 261741 261631 297095 222066 252344 259157 255859 224712 247593 235519 230694 266670 231798 201959 267568 255271 255357 256006 248503 253260 226219 271383 224308 236679 232675 233466 228667 259077 250023 269640 246371 282627 252387 238643 238688 222002 254110 232036 223037 249988 243391 252558 240306 268018 210266 269384 274585 231138 245284 259703 250915 260133 232504 214752 257243 254823 220993 246614 250649 259822 253072 258662 251995 249040 226878 245333 215454 214708 213482 254106 260768 244688 
255038 238533 222388 217592 267837 247678 270057 244198 235334 204780 231260 249552 253402 219512 245263 249147 270319 242487 231248 225314 254564 222842 217193 259783 225123 242914 220857 249687 240520 239219 278873 220868 229253 244450 235491 227020 241033 215552 227442 255427 243610 201588 243357 234981 248698 249416 242947 224386 222349 268433 213570 221436 228571 232388 240301 248573 249887 256435 266057 256949 245840 230239 222871 208000 218998 227072 207941 249849 229822 222028 239151 268914 212190 250060 263536 224393 243007 253670 256067 245927 249434 231804 232462 249103 233642 239978 232665 239915 227130 253787 255118 245905 226816 220874 192006 212324 222909 247443 233254 242482 
240041 248389 233175 237886 272452 268142 265027 246589 245858 223580 252547 245983 260327 222048 261463 254424 255578 235153 261424 240650 233679 238861 226789 267948 239867 239611 230097 271955 249853 245770 300356 227833 228965 255342 251423 227309 253469 221926 231756 250356 241358 213841 265541 227121 259282 254265 249784 248090 217888 251400 229710 235926 230698 238398 246632 244938 255344 260119 252773 274584 247076 242094 237562 202470 232944 228498 222699 247673 232838 250130 258663 260220 225944 240818 260684 238072 237269 250445 283864 273424 226414 209104 251924 254742 220440 253060 249817 259373 247243 240426 266124 255512 235455 233520 198223 221596 229153 244828 263775 244312 
242482 232265 240884 200833 268029 251729 270043 263641 231759 210654 241703 231074 258862 210723 247495 257309 246792 237481 253573 227764 242263 216177 225367 256676 219390 251382 212902 254842 251657 249231 287586 232347 234575 250624 250195 215517 250556 221487 229424 242392 231499 205082 245581 228226 253086 252789 225719 250032 222150 258607 213523 231252 236804 236617 241281 236948 241100 241025 252435 257283 228841 241681 226792 215394 245295 233853 223410 256427 223740 236011 240239 265237 209064 251211 265409 234056 242751 265393 241191 242752 248449 211537 232028 248028 210091 231957 252509 229565 237673 254230 245413 227859 215633 226292 204616 210310 218993 242328 248111 238031 
240303 230528 226353 235395 279963 235769 261846 238943 221150 222854 231564 254967 253539 228041 257430 267971 270131 235713 233744 234825 228579 231619 216239 269834 221120 231598 232296 247561 265033 239517 290568 222250 242206 244192 246518 216310 246758 226875 225134 252299 230987 200200 249848 243511 258791 253480 237165 236349 228182 253122 204952 221062 227139 238478 243377 225621 247353 251616 252567 268408 245105 231285 224817 204853 249704 247258 220785 263192 230815 232327 244684 258261 225725 243557 274187 224319 247581 245342 246828 266365 233018 218896 229294 251196 229604 243578 238365 244920 224423 247922 246619 240299 217740 223077 222444 226826 207152 264818 259526 242766 
266276 271046 255657 239355 305373 274976 306750 281712 273747 234596 263134 292989 279235 247936 274973 293937 287963 264698 285135 262385 277487 270907 244764 304589 272147 274844 257678 279256 291924 277121 321025 258540 254467 292913 269474 263212 273136 243609 239903 292158 283571 230398 294340 280688 273907 283635 272597 273267 255015 291845 255844 261387 258104 259159 285144 286523 286494 287557 282907 284223 263710 268878 275538 214806 259613 260543 244690 275881 256973 270448 270575 292809 242671 286729 315948 246313 273432 274930 298709 286878 255640 232984 272044 279829 237049 265444 273959 301385 278170 287514 286702 264442 257269 267025 227662 244495 266486 278332 281351 261131 
215032 246877 231608 221102 277469 249941 269655 276802 233257 210618 232355 239021 260512 216147 260266 259381 254106 221354 247172 240499 235738 235826 226139 269596 224911 233919 221917 238644 245060 235242 279393 222873 234748 258147 252193 228691 241424 219927 228303 255536 245784 195836 251236 232599 232329 229401 242191 250922 217230 253477 213343 227739 220207 231213 236596 235801 234792 254682 248809 251676 226847 210998 230359 221183 236567 235497 210743 256815 238475 229617 235872 250684 206465 242194 277122 228486 249109 256925 250558 254023 222589 205614 230749 234622 213690 240090 235705 234513 249475 238251 245617 243449 221564 219366 190221 216310 210796 243152 258262 238464 
234461 232427 222170 195547 261360 252328 249197 244930 210084 209805 235582 253459 250595 213376 242661 253562 265880 230990 243986 235066 226067 214080 217164 257100 229244 242588 217213 248501 251480 240394 286900 214684 202850 249919 238155 222562 233186 232441 230085 249582 237599 200031 246609 249693 231327 249664 222767 235605 214475 262871 215868 224366 214489 228539 241332 237832 253922 243318 249601 267281 236177 231842 225486 200167 225541 224211 225350 242249 233534 229434 235188 251387 201586 243051 254748 231608 223595 251115 242741 247224 251249 220922 223966 238753 228815 235217 234544 244624 237249 256012 245017 235855 214229 221360 188172 213885 212574 244931 238281 240192 
232018 230682 226601 211113 277624 230456 251056 224156 230049 205188 227292 233463 233496 221742 249476 244331 266298 224849 243853 226116 221678 212679 218172 255384 218288 231400 223314 250083 254733 240703 280059 228511 226863 242297 239396 202675 231696 219357 218017 249179 231057 198092 247159 247197 230437 249994 231165 240231 213512 265510 214928 243788 236009 219583 246761 223201 239730 244074 237067 250194 240810 235420 237066 199235 226287 227565 207135 247723 231363 228329 232333 257753 200834 245962 259638 214424 236411 238887 245812 262813 227682 192579 244016 242208 207409 247705 249339 246761 233066 233095 242109 239813 216388 227076 204866 234134 216947 247297 240960 237656 
228266 228681 233038 224864 252843 246564 258564 249568 213721 201698 232801 241583 237497 222589 239744 249841 239735 218211 248020 240031 213767 238103 231059 255102 223993 230786 218012 261664 248869 246002 285294 233518 224698 238557 242888 201072 251759 219488 227460 225150 212209 208936 258404 213262 243600 261418 211464 243983 224498 259627 218466 218209 237937 232279 238792 225898 241142 246741 243351 253929 244416 232728 233605 211711 240397 232213 212659 245358 231391 229049 255870 250266 211030 215882 260531 234570 234652 258231 257216 251091 233250 211131 224757 246823 202792 258049 227063 246856 242327 232116 256068 243338 220064 223247 187755 227610 211282 243043 254514 236120 
242963 251439 242930 221303 277616 269106 275990 247148 250928 228274 256101 246803 257798 222629 271858 273867 261188 241411 260555 252983 248696 232261 242047 258136 233107 243309 234700 264848 263165 270831 296611 229778 249424 270801 256325 232086 257258 229010 223871 275845 242945 205060 265952 271355 241429 258225 243851 247805 226037 264362 227029 245715 246548 226976 256586 235385 271550 234414 260352 265207 257211 234783 236297 217143 237214 246570 228917 266903 257334 247630 262555 261152 222142 264491 270899 236637 243150 267591 244439 252791 240296 219773 243330 245744 229562 239960 248936 252500 253608 254992 264543 246331 230903 233428 211074 238559 225897 255796 261770 242020 
244959 257247 251787 239864 294414 279377 288335 285973 237714 234903 256744 267463 274732 266800 279509 270279 272190 247611 263876 265520 234276 247390 230495 287758 253181 256490 236932 274484 264950 262392 309375 240960 250649 286681 269627 248522 270547 246022 237310 281180 246428 218481 278101 257479 260847 271620 264076 256631 250278 275122 241155 246359 250794 245667 251309 266749 277199 261521 279738 289185 269992 237573 249832 213475 264813 258145 236502 276414 238282 262517 270667 280309 221746 272902 290827 232219 257443 273017 269584 283085 250995 228712 261026 270170 255237 280989 270961 268836 263144 257832 265523 273229 239586 266705 214941 245333 226472 268848 278577 269021 
232970 237854 220314 221347 263857 258994 258417 250503 245240 216995 255137 248320 247565 230175 257226 265936 258687 248065 256913 247491 238670 228196 223757 252733 228230 254229 236826 269938 241992 251565 290854 242459 243039 251933 266053 220319 260938 237029 227011 265758 228132 217366 264793 243397 265986 264758 241121 250323 224241 265786 214179 240470 239892 241679 256856 241894 243814 270919 246101 270588 246549 243178 235745 213217 239787 245101 230899 249005 248371 233159 249414 262438 222039 237509 254147 229105 243876 248474 263657 253222 247420 223159 220366 252833 232079 249186 247753 258007 240798 263926 269392 253897 233969 246013 214559 230357 234349 256729 250584 252656 
263695 254619 246708 232309 291415 274274 269574 266505 259077 235227 260212 274334 264133 226925 273472 289793 276180 254575 289711 253946 268303 251803 235830 272806 235887 247749 242965 280746 270195 273015 303673 232454 260251 277396 260073 252932 263763 245182 241209 273219 245470 218699 268369 259095 266415 281852 257796 253795 245121 285879 225294 244830 258523 237527 257909 258670 269183 286487 282770 286124 263211 257428 249482 217209 246016 262291 242142 280501 257467 277978 281232 279382 228532 268200 285834 233733 254001 272368 261551 278283 242026 225170 248890 267046 226863 254808 262945 269910 253658 272656 273796 259736 257632 245142 213869 235930 237757 269109 279045 270915 
242223 251361 213151 211136 276523 243827 258240 242566 242570 238151 253776 239223 257947 219481 262689 259090 257608 256268 262020 241510 236398 226708 227456 265956 228750 250773 230934 270197 253363 251759 295454 233885 235152 262724 239104 229137 244102 222610 242497 268774 252719 208612 257595 245380 253753 250251 260026 232566 237696 264524 226349 247883 219754 248303 254638 249938 259852 262159 251897 276747 248447 242973 237273 200047 247435 230216 221446 246276 239132 224925 241591 272142 215482 248156 278189 233668 262960 256189 270164 258196 234647 221589 254543 245212 227638 238068 259067 252950 241817 254460 265087 251124 240059 236002 206986 230143 227901 250996 264207 245362 
242567 247652 237087 223897 283055 261346 278042 255851 269324 233963 253687 262210 268373 222675 277958 281091 271491 254306 271680 257879 254388 262421 254253 277918 243563 261978 240182 280012 248906 278918 306366 243774 254222 270577 255591 222796 266525 239023 241253 270093 248010 215893 275119 259111 266046 275868 260896 253031 241541 285415 233152 246496 238734 258128 259894 243875 258204 277175 257164 271835 236618 258986 254474 244530 251641 253603 232437 265424 245562 238952 258935 262013 216163 284392 299074 260842 254613 271451 272198 285240 251343 227052 248510 259264 224558 254527 248369 267148 260235 261477 272465 268030 255535 251708 237734 231158 239444 262521 282286 265070 
238733 248572 220903 219946 276523 260798 266752 241819 232834 211730 230993 260733 246821 218707 248203 255953 266338 228641 245651 245938 228704 228366 219694 269569 219103 238143 213470 255544 255512 243118 273558 221951 228041 259248 250940 216980 229691 215224 225655 252083 240394 206434 250016 247266 241850 250809 237724 239406 220226 250189 206867 222677 233453 230345 260022 226596 249573 257569 241323 263169 236634 226023 241033 199879 241172 231267 218950 250947 237032 243699 246781 262018 207843 248987 272428 221895 243957 246763 253872 261760 234555 217306 221094 245241 223975 258058 232457 261182 239669 251255 249383 233628 223863 217794 203002 228792 221318 258377 249690 242469 
224534 235068 216652 212140 265811 234017 253654 247874 237183 213446 247995 228886 244577 225336 253424 252892 233506 236132 247170 238649 239152 225017 210279 236869 217099 241775 215764 241388 244188 240393 276640 219359 223501 259007 245469 212950 242970 238407 208020 247754 231786 198435 252012 232618 225828 250376 234128 230107 231702 255220 216429 216377 220423 231466 238513 237355 253894 225736 254813 256468 231957 228098 210755 201247 229113 233420 198973 255793 240109 229741 237460 241698 217723 244070 255763 225975 247711 255861 250747 245322 222716 219952 234254 237761 225597 233584 237913 233157 246869 231589 250623 250874 229078 228637 198052 212558 202716 251170 264109 249269 
241987 246901 250402 210102 272326 258403 281233 249618 227295 233095 230004 257333 262813 247748 266567 269606 257716 229413 265534 257951 226076 243806 226526 272296 225290 251239 240245 284549 261672 257033 303149 241790 244196 272083 260593 228693 259216 228375 247884 269179 254709 204614 275518 249206 255153 280395 236297 250591 233758 272582 241591 238134 242701 231401 250350 254453 262277 256479 258684 291996 245113 249397 256207 213061 253014 230409 220727 269974 234030 238401 272236 267240 218156 236106 284984 225656 252325 264481 267785 254630 245551 228391 246560 269786 237046 276809 250872 271823 245140 256276 258823 268227 222432 245916 213837 237487 222931 267317 274890 245497 
278490 263884 246219 243432 299908 288555 283615 283723 246524 239967 268318 274360 293556 229482 282975 284864 289602 255004 281108 256607 255455 260109 266560 287292 243436 253804 250119 279957 270556 261337 329288 239644 237504 260365 278568 247780 286857 254626 263567 280380 260206 227780 278667 242192 268505 278767 248833 268892 249369 295470 238356 253958 244714 247635 255853 259630 280448 282797 306022 285860 257072 248492 247474 223947 253378 253225 250849 293264 272544 252411 275742 279900 237951 265684 302389 260917 264160 289025 274842 294955 272779 237253 254464 264670 251736 261126 262127 249219 261695 260320 269440 264518 256673 233297 224190 248915 253400 279198 272453 262396 
241554 244334 228766 231866 272817 256530 275517 245772 231115 223710 250106 253599 257948 217791 259708 264529 250449 242866 277300 239592 231795 231282 231406 274454 237988 242399 233964 273245 253678 244650 297590 214478 226323 253231 237237 230456 259162 221351 236791 262771 227534 213051 257325 247206 263729 251962 248812 228164 235310 262255 198009 240957 232602 223999 256405 241715 261077 279428 249433 267432 248061 249471 250654 204048 238004 233092 229885 250003 237096 261946 270761 264630 217817 249893 274385 230335 233802 252801 266317 253155 242291 212636 248341 265276 228895 251287 256111 265346 243817 237057 263818 258233 250375 249337 197046 241926 210374 262441 263213 244805 
238312 255350 237635 210779 289480 261028 266757 256541 242627 228099 233841 258294 268333 237314 266304 261742 270461 249692 276374 254331 248282 234646 229165 260211 223921 255405 230482 266308 262175 258666 285782 232731 246292 268345 261880 236013 253583 228034 246574 271177 253944 211875 259623 255683 248375 263770 259488 244868 231792 264001 233474 238384 240326 245643 252847 245785 261872 241365 264502 270625 238058 252294 244244 218788 234139 238043 228451 281467 234984 242340 252812 266258 211225 260701 279720 226695 254606 280919 265626 276575 231953 236154 244288 254388 242054 271349 260536 250640 248243 265969 261027 244254 234903 237192 214684 237185 231737 267777 262819 251798 
211006 224444 225005 191725 236800 244240 253700 237717 209286 203824 212838 230975 241651 191298 242549 250545 234423 228286 238345 209506 236006 222076 209234 252210 219495 225767 210919 250056 222035 235940 276692 206259 217733 212316 220413 197644 243103 223333 212196 251438 205647 193688 241324 236178 242261 249833 215483 222482 201009 251933 200620 212432 221972 221958 210400 233196 238780 232060 233065 240859 225046 219532 220716 197541 226892 218747 227949 230370 220202 213827 235096 239899 187954 225095 243196 206187 224042 240203 224383 227838 222011 206987 221428 241100 208529 230752 230011 238778 228509 231785 260641 238403 200869 225579 194125 197859 211773 224470 236022 212461 
254542 262351 239514 234667 282480 260595 288943 270878 239186 231604 263050 247685 277315 241252 260036 267256 275977 257657 267131 253173 255484 243481 243774 282689 233015 264135 243712 262563 272893 261278 314461 251746 244279 263859 268594 226412 256930 242150 229153 260688 236224 231594 261230 256697 261777 264397 264443 253171 236576 274372 226809 235328 249459 241176 260534 260778 256252 257661 260371 267178 261017 244802 260227 215214 256709 251369 241660 278020 263598 251418 263700 263142 229870 249665 268738 245230 270262 267106 266223 273912 253502 218025 251520 267368 233327 268735 264915 265864 249680 255575 269351 267308 243252 247158 225550 241916 241133 257158 269334 244550 
211012 232379 213976 209094 255341 239318 237940 232135 229608 195995 208234 249164 231916 218931 245598 240527 235246 236177 239856 228117 208112 215662 201582 248282 234714 226978 223994 235852 210520 250192 260730 203820 216285 235561 229646 214179 240595 195965 210429 240857 224144 178623 237847 236050 241030 242860 222374 221638 219147 241425 216134 214802 214103 225741 218210 227861 237905 241496 240811 242781 229762 233485 210860 202733 222228 210630 221287 220441 217659 214620 237566 238158 207309 228337 248572 196057 210257 231137 238968 253290 210511 186136 214038 240351 195396 230460 227964 247031 225745 226016 241473 219556 206022 217358 192583 210911 213902 233096 233937 222256 
257067 242826 229435 199045 266100 251605 262466 231262 233276 202287 227993 248860 261889 223012 251561 249261 240753 236129 252783 231535 226150 215483 222579 257796 230273 229705 215344 255354 254836 255176 287571 223682 231613 247420 246166 232947 223713 220299 228342 245098 232985 206971 255061 240606 246398 249599 239835 239120 214139 248650 228816 232436 241889 227097 241051 223561 258990 239827 253382 260049 237940 238750 245746 205498 217415 226818 212289 246189 222713 226088 238569 254723 225876 239112 264604 225739 233540 241826 252896 265474 247097 217918 255360 237803 220820 238066 250484 251090 243607 237638 238036 231043 232940 234293 206724 230657 232857 242597 235108 230596 
259000 256151 269195 226334 294166 273546 289500 272725 245199 252846 261881 252514 274192 239839 275331 277312 282187 238761 262243 250032 259682 237371 241909 284284 249657 265571 248586 267755 266260 259092 319347 261893 246623 256721 260406 232538 270358 249181 240923 287792 265542 213557 277143 257007 268607 265698 270222 254431 234584 284667 221474 262028 245825 252214 269333 276148 266543 274552 259800 272419 256512 259042 256480 206419 257959 243229 235494 275049 255722 251612 270291 279039 220956 253156 295722 245985 282061 271521 273767 257409 244941 226324 248488 252712 243375 257559 256994 273044 238973 258510 278467 266641 238028 230955 221079 248072 240514 269071 271133 253570 
245893 252402 253756 228755 296204 265373 280883 273601 268879 241553 247268 264441 287990 247567 274331 281029 283848 248461 278482 267682 253724 259989 230317 279067 259067 266143 242001 283961 269307 268005 296991 249155 258110 271255 271071 238997 278692 249520 248564 268273 267011 205322 286497 259890 261513 262222 263117 262584 258923 283436 228112 243364 246527 244379 263005 263858 260669 276368 255552 288647 260833 263723 253992 233321 269660 246827 233646 276644 248517 242478 270284 273327 227865 266559 294267 265390 261439 265575 280021 276036 240430 234761 247555 273986 251382 267815 253495 265268 265571 261439 272917 278182 250975 244550 227778 233143 235534 264984 274652 252617 
207900 224657 208098 206493 256257 237150 248199 234333 223031 209163 233266 228849 245625 210385 262745 242739 240998 229552 237200 241006 221531 224111 203495 256391 221656 234233 229255 248366 237926 238386 257718 203963 220687 241207 245711 223032 222870 221129 215729 250314 230328 206414 227373 226153 252900 233414 240754 225799 226686 235541 205484 208896 212993 226155 226526 231409 247742 217236 227208 263284 223347 224029 231220 201956 235861 228564 209525 233384 208301 215995 229092 251634 199782 247706 250772 221243 234607 245093 249785 241595 196697 193432 231979 249280 215129 235129 217413 229197 229729 224578 239387 236301 213559 216869 199984 199883 215053 229825 243635 226971 
249540 262249 247786 235574 289176 249873 275540 240642 249531 236751 246375 257896 277676 233763 250735 279125 286171 265319 260875 247540 253798 248669 227960 273277 237230 265191 250509 264269 248424 247483 302324 232077 245103 252059 262794 236674 254651 224502 246201 260333 250624 212184 268266 238497 263623 274327 256353 236667 249831 263317 230852 234206 233338 256008 249712 259064 267463 264814 267025 283114 248298 242749 254053 213776 232123 230546 220790 257256 257768 250936 263425 272410 222869 249830 277838 249865 243973 267274 280730 265990 248184 232292 259163 259096 241963 264736 257970 250427 231955 252148 274164 256407 236802 252698 224868 240213 223892 266115 284544 248796 
219536 208060 210698 190047 250032 220770 237741 246738 214003 199191 230414 219090 242013 229760 234473 232563 245462 233656 226586 224362 219542 214054 216792 252520 214281 230186 218507 241579 221319 236373 270883 215921 232690 225209 249833 216363 235354 226488 198036 244571 218578 183201 242282 222918 237894 230289 234393 228571 212693 247588 195300 209124 233130 214792 216984 231969 238627 214237 236067 242114 212070 220084 220094 204785 222744 221706 198966 236045 212528 202047 220944 244708 194004 232678 259723 207674 219579 243192 234196 238872 211638 196123 210110 230257 209100 218534 218701 209447 222997 225578 237846 229710 210402 223172 196391 200660 206346 234034 242001 241480 
241308 245073 229896 207476 263155 265356 268814 260034 231404 196488 240066 253263 242583 229000 244578 245093 267039 227769 255012 249806 231035 235553 235934 261933 227695 226828 220685 264198 235216 248216 286873 227754 233823 262167 248746 234205 241033 230551 218705 263609 240546 216914 249163 240548 246497 251852 247202 226853 230604 270087 212611 223879 224663 224160 264796 235331 263249 264270 244398 265295 240119 223356 240116 212768 235353 234190 226835 255332 240150 249311 238083 277319 211915 246964 278679 238628 245358 256450 252775 255632 244041 211731 232586 253208 232150 257193 238410 251572 260678 250332 236673 229213 228964 237826 195873 214817 209175 261480 253684 250110 
226016 229321 233992 201394 265032 241655 250982 243537 226200 214154 216219 238974 259318 213689 245285 244121 242256 220074 237753 227041 230325 224248 214098 261029 206640 214142 219484 219391 253793 235175 279871 206513 233232 255222 233519 217497 230972 235669 216514 243249 215849 206959 247589 245556 224975 249448 223547 213906 219936 253342 215386 215530 214313 226010 223273 234475 246382 234766 242416 243549 244698 223161 233100 211639 222098 223149 202501 248299 242304 223248 223172 245927 206844 237876 250036 205219 240677 245598 244546 239654 227276 190559 236205 231028 203594 243074 238668 223040 223809 214949 228211 225159 226520 215481 209694 204583 215702 245369 273514 228032 
262772 260620 259172 226052 283475 276238 265444 249228 259315 239561 255060 269774 272252 231362 274911 282777 265021 239872 260850 258478 247928 258200 241192 273974 232356 240893 243217 267730 254791 279361 291651 244444 244597 263551 259119 236081 268235 250933 251583 267749 261656 215560 276516 249450 270979 252281 252368 263293 257804 282285 236746 248426 254289 249258 267892 250382 271108 275304 266644 264519 256965 245196 257970 212573 240522 243808 220657 264889 243606 248678 259841 286564 224720 265121 310478 239272 256319 263328 266681 282754 235640 225744 272774 263287 220604 253313 253707 264162 271791 261358 251070 247398 256920 217272 226505 235179 245308 268260 268500 266480 
263094 284777 258695 252250 322275 293189 300200 282589 278228 254155 284774 259102 287408 241688 295850 303320 280417 265420 302871 282515 281217 263062 266587 290469 263812 274518 262041 302275 274750 284865 326453 269114 255063 284554 286208 248787 289653 262921 256646 284893 266454 235345 299492 267411 275243 286480 256681 285239 254274 283701 247734 259011 266181 253898 272536 268032 282528 275660 297352 289316 254138 272723 272507 241416 265433 260998 255645 283552 265518 268199 297768 279476 241311 277560 284567 259937 279295 285954 276826 293449 278311 253987 267929 284431 259838 266085 282531 273875 262521 279702 292544 286823 254697 271382 238419 262606 260435 275346 278596 270362 
251059 246507 238479 222406 280493 263106 274089 256921 247055 227672 243423 243062 269692 226855 272435 277861 261590 238909 273458 244265 237003 244073 251711 276992 229133 253575 233906 267291 248003 256455 301627 223552 225403 262304 244510 217031 256336 231385 237051 271088 247847 215134 268314 258792 260632 274618 254251 252592 233329 282677 225722 239070 243926 238037 253017 267301 261408 275872 249171 276841 237836 235549 262862 212178 254231 239685 245979 261181 244062 254855 257520 262807 206956 250392 280761 228539 248919 274229 255046 266044 259589 212734 242345 245390 240954 255718 265964 262130 238160 252287 264584 257123 256675 249771 216121 229025 241308 258088 268144 256232 
253486 239515 232865 224435 284805 260237 258652 257188 236974 225333 257179 253639 254351 235858 264243 263462 264444 246071 242981 242328 240975 241664 251530 274169 236044 241211 234542 268638 255703 251004 293280 242257 244363 259317 268401 230297 263035 238204 216665 263657 242329 215712 283179 247084 257559 261153 250033 248921 241532 274280 216803 247399 253199 235961 253712 242290 266535 266328 252929 257997 250724 225174 243977 219813 241434 242125 227014 269621 251468 252218 251491 261473 222546 252813 283448 223439 255847 259156 266747 259272 248308 205915 238672 240393 231314 256411 246711 245805 242305 252436 259679 240004 236933 246513 205550 240804 240922 274277 260447 263782 
201414 214548 214739 194340 254498 240393 231905 230016 211596 198485 205052 228489 233441 211875 235861 232964 253950 215191 233466 218677 206967 214901 191562 232151 209224 221963 214295 237591 228836 226394 254088 217713 215587 219130 219730 214254 229009 202871 219682 249846 220848 169813 242978 221317 221149 241258 225963 227866 202362 236104 219132 225747 204585 215895 218974 218540 236686 223124 240238 240281 210511 220135 206738 193003 218838 206713 215397 231983 206571 216373 218738 243341 200574 221225 245230 197714 215813 232046 225096 250497 210598 193958 218521 217897 208897 224382 218965 229821 216186 224943 223675 218128 194996 201246 189455 195094 207284 220741 211313 211470 
217601 221878 215529 200431 256450 237764 249654 249912 217321 216247 238510 227644 250197 209075 252729 252223 244649 226310 248235 212620 221273 227676 209827 246956 205963 223224 222987 239497 239720 230150 273615 211510 225982 231319 239024 224432 222862 208287 220186 251088 239698 183086 232905 230444 220386 242046 233514 226061 221795 237774 203849 221158 211137 230975 229618 222653 239291 227647 242834 261306 225427 222733 212816 190507 223098 232203 218303 227015 228438 209364 235307 244197 203294 242112 251777 220275 217087 239832 243233 256739 215538 195441 225349 234653 209067 214187 237184 220633 222657 233929 251770 240925 223071 203763 182826 218514 212238 216789 242345 215221 
223837 223809 213976 209584 249075 235987 253332 235835 219824 200441 227546 228825 245832 207120 237205 247107 250931 208704 235565 233284 219438 231753 210219 250891 219543 210193 216872 258426 224521 234153 278201 230773 213608 228041 235851 207432 235307 219256 214836 244172 224603 197485 243502 222227 234890 233494 213775 229366 207995 247127 207195 227459 218046 213112 241877 212752 229697 244942 234657 252053 217476 208888 236504 199215 218443 215061 206489 223237 216970 209284 233330 251024 193377 224344 254177 220128 229955 214576 245266 257594 232388 198479 228750 233456 201300 229989 224626 235355 219724 216589 240505 235884 214703 219973 194647 217269 219523 223394 228892 221419 
248441 248130 247159 246078 285690 267154 273684 256952 252807 227271 266339 262924 267960 235796 266634 284947 279768 231559 256924 260219 241096 249661 248291 257668 243848 262845 238381 285541 255631 274831 307475 247136 243175 261635 279155 210597 273067 240154 241310 263227 251996 214811 279772 237983 261943 279396 249114 274369 234358 280665 234381 245496 245888 254055 251588 255997 256165 265689 259433 277817 243331 244422 249197 222244 259874 249817 220853 277131 253833 257943 265028 260020 217421 255475 287042 256234 253807 278689 274744 286485 250662 212715 252426 254423 243206 267174 271150 268447 262033 262934 274313 249610 246090 253558 230468 243226 235867 269493 274853 247779 
227657 241519 244039 203831 272034 241553 247025 240753 219111 217342 220364 228909 248989 227148 245596 245103 248119 227688 239650 231693 207360 224369 211740 253007 208350 240618 207648 254550 231472 244967 266832 229626 216172 245125 258005 210412 238166 224717 225808 241238 236824 191418 235427 219657 219514 254977 235592 234724 224538 248322 209852 217194 223481 226451 231289 227254 224092 246078 246441 248845 238890 232962 225726 210345 242074 224440 228960 248554 224279 225043 251643 238803 208316 233010 254586 217739 232465 250656 245855 261541 230740 220173 220571 237537 215089 246710 247758 235304 240420 242487 242882 244300 215486 221800 204041 223628 215038 231367 251275 229909 
251211 230106 232029 201861 274908 246011 244769 242042 244805 207736 242959 244787 268275 229902 270526 259935 252426 239738 269666 239597 238030 232802 246878 255163 234741 243032 239276 264481 252645 265104 288898 206988 242141 247171 230073 215349 272074 234673 234428 258470 221715 206606 267847 248760 249971 254693 220927 236821 241356 280809 223220 247049 247542 223004 237167 234063 262021 262861 247387 271267 253749 251456 247447 214115 235313 223686 229003 254978 239681 255640 239854 258781 209035 250404 277353 226645 242139 256362 246220 261582 246633 212151 247176 252320 215193 247637 256657 241793 230790 240482 248684 239012 241029 244300 207196 235227 226183 258410 250415 247136 
246977 257460 251788 258908 297380 280198 301417 280444 258937 237512 271177 272865 286050 238934 273321 285655 283353 251499 291968 259372 266437 260778 264210 296488 260131 259041 252219 284798 290081 272397 333070 231275 259577 271684 284441 248485 273324 237251 248832 277148 249432 222275 283747 273913 254345 271700 274924 282520 234740 276915 242699 254096 256512 250256 250880 274027 276472 269560 282854 291518 252054 247821 267523 226286 239462 259607 240752 284362 265341 264019 285062 269293 248945 278808 289327 263161 259866 266309 277571 294111 262035 243169 258135 249033 250007 269943 274810 281842 263560 265459 293615 275961 256603 275146 218684 256118 265806 270473 267052 248058 
220666 222811 225702 213292 250078 224435 250951 245483 217337 200511 223464 246119 253315 209543 238731 252642 236065 224963 224313 224473 211659 232511 208980 260327 228180 216253 212635 247782 226828 260684 273602 214289 215125 231813 229047 208298 232092 225310 214796 234160 220349 186271 247503 232088 226694 226695 217188 229923 215661 244516 200688 223796 208591 215541 222438 234211 234704 237930 229607 239882 226930 223914 234684 202297 228988 222068 200872 227512 207759 212470 229655 253110 197737 225696 251475 208747 233608 221956 219583 257405 222388 190538 241031 224396 200597 221413 236588 235159 227933 219911 234781 228435 219231 202658 204702 217867 194609 222211 244457 226303 
249586 251025 233755 228510 290999 260760 282539 266744 244374 223707 266618 263141 266803 243821 262771 273040 270866 251897 261638 251695 243236 242378 235106 302026 241790 259762 238093 272769 261217 271340 315708 233225 241313 270747 266434 242360 238618 251752 245090 280321 256948 223908 257867 262215 271986 264230 256788 255117 240403 277230 226105 245904 254274 244365 260951 255059 254995 277143 269403 291230 265028 239803 247873 228817 239910 251430 232324 263550 246270 245878 267210 274927 214134 271848 299423 241194 259513 255272 258633 291480 251932 223480 259412 267990 238697 255626 267610 263151 255327 263408 273309 252682 243092 256799 213183 238512 232581 277446 272790 253163 
251044 227697 254851 230360 293793 246261 279212 279756 248953 221486 252341 264357 273092 230619 286436 282299 271298 237603 264108 259422 248304 255244 246917 271676 245809 246330 233699 269647 251625 276672 305366 229059 246618 240817 243807 242507 268370 249668 237121 267499 236309 197715 271967 241454 267344 261549 240545 255338 235688 272912 224792 243783 240151 234231 248323 242266 265381 278782 287605 280691 233148 251846 232695 210261 235174 241047 252177 258637 234024 253557 267853 263325 212571 250128 279002 221575 251461 252389 255857 284591 247481 218766 237001 247131 225548 248954 272164 261084 228222 254759 276727 247957 233197 236919 208602 253363 223529 261846 260211 256314 
239482 252201 222226 198053 251163 268724 239438 232814 230980 228875 223297 241703 242298 221022 229680 254394 251356 244073 235388 232876 224642 222112 221838 256809 221409 245185 214316 242288 242513 252928 294405 224569 226434 235966 232955 211050 236152 224419 218111 241297 220663 198246 250814 234628 237998 264481 236245 229772 227043 261347 212650 232744 237125 233218 231350 239735 248106 245842 256853 260888 247745 236791 236528 213845 222855 221911 212309 241511 232013 219650 247197 254035 210943 233600 263999 225411 219601 258027 229328 256120 237260 215116 235199 255449 214770 244515 237858 237412 235667 250721 247421 242169 218046 210935 211464 216648 222923 245225 258720 227128 
221655 215501 201736 217869 248003 225351 253994 233990 214860 208288 230048 220724 233559 220551 227185 235599 247832 235305 235397 232157 212770 211352 206268 239811 225387 220765 222316 242058 222159 226396 268752 207718 219224 231270 244328 215429 239359 212443 202449 241415 204688 198001 227928 219814 235992 231688 232468 219352 230913 244611 188671 210697 201314 209277 222552 236455 236803 244729 247128 242429 225494 214666 217728 192666 224396 226240 212336 228344 216341 214733 228817 240686 200611 232896 245525 205087 218048 230625 238782 251546 225411 191422 213716 222738 211787 225878 247096 223056 225302 224605 227817 220766 217647 229206 204707 204978 198725 227905 230119 228143 
237716 250666 223928 199916 268834 240134 248646 243814 231661 208375 223157 240111 262986 209413 256954 266000 248541 237315 252731 233051 256911 246263 225563 262471 241583 227215 224570 244627 234079 246784 274388 212774 227388 221867 227436 209775 252364 234900 221111 256024 233208 193120 252066 227508 255901 256867 231777 227952 231587 273483 223955 242020 227498 232238 241193 237154 252342 250209 248315 254813 237395 232606 243981 207573 234582 233342 224392 236052 235261 240075 243054 257827 210289 241294 268799 236153 238919 250313 248312 249689 224027 207708 248910 246941 212764 242224 236216 234829 228248 241869 268049 236226 223698 229562 212252 210129 235595 240294 238345 241570 
256410 237853 250974 233263 280823 279945 276582 277512 249007 230743 251226 269182 264913 240161 269203 275537 274845 254692 273124 259113 247449 248202 237903 284253 235229 252519 245967 281040 267717 271884 308960 247310 259534 273975 266684 233014 278887 240839 242256 267239 241926 228991 277562 244093 276511 276238 254847 263478 255138 279478 231089 238772 250130 254053 267527 256001 269967 262577 267747 287948 267702 257659 254979 233347 263826 256832 247706 260518 242743 244416 275012 271386 228537 268919 281744 244606 244328 283358 270743 283325 250737 231305 229926 272168 247499 273700 269516 250659 259283 271849 270374 258114 247288 252993 234397 229217 230916 279718 286050 245484 
243756 232019 229101 207487 264619 239342 268213 247897 221339 202354 245194 244461 253495 225676 265074 253490 248443 229381 246229 222794 218250 230803 213990 261063 221760 227158 225183 244181 229431 233928 281073 220322 228489 246003 256598 216589 235354 230384 216312 258891 252160 197530 254071 236213 235942 260820 239330 233130 210626 256636 215941 217209 236007 236267 249586 227701 248608 257846 245494 256131 229651 221612 240359 211381 228014 239427 211263 236922 242872 223554 236008 260764 215777 259228 272138 230063 239823 248286 264690 249872 236436 219188 246683 239643 216402 240795 245000 244450 242898 242771 241829 247793 235758 234314 200634 221648 217508 240471 245425 242908 
239080 239803 241564 214967 279177 270667 269526 274466 244790 230456 246456 236409 267173 231996 275712 270755 270553 235041 281006 249348 248439 239122 252552 276234 239218 243794 239513 259428 256744 247711 304655 227707 239656 254472 249170 214700 263779 243478 240898 271477 236972 217583 255865 244117 250694 272043 248853 251765 239258 279022 210881 248330 234188 237579 254384 252949 260206 257324 260967 279025 255854 249637 247855 210406 259560 238050 253557 251563 261519 244438 253210 270688 220515 258641 267896 250206 253345 271731 248978 270009 245675 218346 233968 251623 242066 256459 252313 238685 233027 251135 249338 254560 236880 225062 218974 225359 243308 264316 254867 234999 
241642 238269 235033 208873 266793 263398 265192 247869 228461 229933 245443 253426 247351 234979 260350 257423 253718 242881 264465 244608 225664 232944 232547 268969 226680 242028 214361 265959 256279 234969 298673 235311 235443 268515 264883 227975 249742 218971 228698 252370 255463 224786 257838 233757 259370 253628 241697 245348 225639 256259 236683 236853 246080 245993 264433 221683 251036 267298 271010 265172 238986 223927 230087 212347 230952 240355 221691 260470 239530 233853 253086 253761 222959 253426 292534 233909 244784 252209 272938 271772 240194 221837 232938 257921 221809 255474 247056 262271 256363 253175 249227 256395 226333 239204 203542 234264 221889 264651 280028 256526 
247161 240482 244503 225191 274313 232680 274613 257054 232892 225921 228711 261088 260545 222792 251877 260152 264687 234289 241971 233074 247290 236182 197360 257743 235203 243594 234024 242192 256396 245320 283241 240209 252468 250601 251125 221396 251377 227645 215964 246688 229600 191437 257483 230172 242468 255799 249007 242374 231485 261557 219908 216934 222302 229485 220626 252248 242523 251422 247464 253377 239777 249296 238262 208108 243848 251413 211486 255938 239656 239899 250262 260470 223310 244904 264379 224385 252776 254653 250541 248168 224592 218224 239215 247160 217538 251874 235665 250519 231038 242157 249496 251632 216604 234925 217588 229111 214669 259232 256771 246470 
233546 233311 229318 207355 279790 253548 245095 244694 241829 206090 247666 245992 252500 216296 263069 245044 239534 213540 261929 234354 228303 226582 236305 261120 227333 232837 219131 236820 244416 242846 265002 212679 236171 247927 242653 217146 249913 215667 229190 256301 237126 205120 238690 225509 241160 241735 234237 247656 206656 262996 226588 227608 225948 218307 235103 238140 240002 255384 249326 250817 238727 235222 240626 203952 237089 231673 222721 240385 243207 221633 238162 256106 203853 249298 258248 239709 237433 243458 228125 248989 232507 205756 244939 244305 211890 240077 241978 236341 229926 250737 249091 223885 221902 222762 195306 230654 224631 240408 241599 241209 
265132 259690 241688 245255 291994 272892 288087 264144 255223 245669 262275 266954 285650 246501 268884 292888 283378 261286 269448 258190 271887 259798 256179 275909 241664 261199 239165 288233 270510 273777 311719 240199 259600 258213 261253 237204 274976 248888 254438 263050 252460 216700 294748 247595 268303 279764 252549 272081 249774 282709 230303 242639 264610 255581 263542 264601 280503 265839 289947 290982 256726 251981 250818 222227 255246 241293 232049 264263 264899 249216 270771 280581 230591 269003 298639 250458 258823 284984 272504 283434 266967 243483 272402 272370 261600 268116 273736 264286 262057 264764 271382 274478 253781 236061 223914 255846 242161 280028 279905 259877 
221830 231652 232062 214393 258534 246806 254873 219995 202701 220919 204278 243055 256207 213243 253677 251592 262309 226496 252421 230090 216047 217368 208800 248002 205725 227231 220208 252788 241738 237985 265269 211814 222764 232400 247440 208698 245177 221725 221612 255978 221873 200128 236895 255258 247973 256218 227589 235261 212304 254780 219745 219846 224590 234467 231749 221838 239153 240886 247030 252850 236772 230161 220106 200870 226753 233959 234888 247383 229343 232884 235723 238328 211157 237060 256267 202365 220591 243015 255593 259560 221203 210978 223401 236673 211937 242857 230960 245983 240158 231400 249129 242205 221989 220906 218641 213646 215218 236984 252012 231685 
242241 254082 250849 215544 272749 265409 286169 256682 256985 238697 244101 269657 271190 248413 256927 275546 278816 256166 268586 263574 255348 242280 244220 273328 246995 256225 229142 272913 267628 262314 304180 252863 260011 276489 268015 229473 261705 237588 222395 274019 252013 225837 276125 271219 267003 267518 250097 243344 240246 282455 234470 241222 237442 254956 259516 248878 272189 267615 264896 269687 260087 248474 248907 217678 253263 246571 232072 262497 251463 248609 253043 278582 226300 263445 277260 239073 265844 263135 268721 257349 257686 231257 246580 261766 249512 266897 253133 268515 261711 263190 263625 261164 235031 249548 220038 233516 231592 268014 278877 252344 
228169 223387 234874 211452 279484 252893 255024 244908 216021 222177 234895 241679 252997 212751 271577 257982 252898 220632 248769 233042 212769 221722 211216 252532 221888 224811 226136 247337 260796 243197 286038 215006 238500 257686 238224 223199 250216 244913 248653 257903 209502 219023 248058 227769 261644 250954 217410 236015 220808 251515 218522 221397 226742 234693 223628 229150 251726 250356 255230 265546 228280 245421 237004 205990 242260 235589 220743 244127 233214 239202 228359 246015 208119 238339 250112 218753 236051 241903 242641 248276 251571 215103 237597 236874 218388 231950 250177 230779 228031 228553 244432 242816 225845 224490 207566 209255 207407 248766 272866 248843 
219952 223116 228480 200338 260746 230310 257269 240481 221982 216604 228219 228931 236936 216344 240021 248733 244429 227003 241852 228533 222377 222157 212576 250009 223768 230869 212796 252125 230006 234446 278293 226974 230503 244774 233599 201369 233964 220618 214878 244491 227078 193921 256851 223772 241831 237575 226593 221098 217389 238269 204534 221849 233062 239438 236627 210486 227053 239255 225651 248436 229490 236685 224983 198852 233487 223990 220333 244060 222743 233637 231393 248962 205123 249096 260875 217002 243329 232637 246462 255258 214149 216172 228970 246733 218721 244865 237280 246373 228418 241074 234662 243637 208948 225604 205446 217718 190520 244245 255861 222750 
247848 234362 237110 240683 290802 272857 284784 261943 258195 226818 253998 265075 275386 232404 269478 273749 260602 253525 276665 245736 249387 226199 235319 289058 240366 246734 255946 268036 255394 277452 301122 229335 250296 283886 261660 236333 268536 246644 239449 269618 237309 224429 286867 268270 266633 271779 252781 254381 251748 280349 217397 237985 245655 233267 263396 274546 274554 267033 258260 283148 270774 245133 247417 211388 253381 239175 251414 262950 257849 258502 264070 275850 208199 263033 268543 226850 254778 275012 273203 254898 254690 207974 240530 253079 239903 262808 281096 256196 257451 253442 283787 257598 247475 265176 221008 234159 238667 271495 273675 252842 
230394 249446 242012 230585 268891 248926 264755 268081 252383 218117 254782 258640 253514 222936 261147 256257 251604 231586 274302 248647 220117 246982 245461 264260 230297 241042 238578 275574 245942 261516 298171 241052 244087 253583 256163 223086 257953 204568 233873 255804 245445 198062 262915 244984 252403 261882 241343 249002 226963 254534 234393 231348 227954 241523 252686 244561 257100 257654 251690 275180 240541 241977 240915 217043 240777 234193 237672 238770 238926 233802 251385 266335 231622 253338 271052 236765 242068 262484 247446 264264 248153 218393 229112 240469 234211 240247 253904 251961 238968 253331 246348 242197 227955 233705 212080 239549 226761 258992 260169 250663 
235127 253143 215748 210556 263018 251541 271102 251965 239584 233097 246677 246599 248526 233930 242857 244209 264253 239931 258380 243915 246976 231142 226234 260440 220820 243638 224039 257423 243488 244480 279009 238517 237519 246964 250655 225086 240682 223963 211095 248987 223986 206388 262875 229366 268849 259117 248017 239303 225247 250865 216302 233327 242632 230286 261554 238881 251289 249615 249839 267144 253420 232254 235450 213511 233192 235765 215243 243353 233318 232233 229795 265995 196240 250972 278405 223188 230654 259216 245170 268202 229771 195840 252575 255615 226272 248431 259903 235518 253806 233269 255060 254364 228693 226073 216352 216016 223602 241860 257589 236649 
211864 207241 226319 199172 251420 230575 242088 243011 193948 196589 207919 227688 237784 210634 221716 237836 224329 203576 229473 219967 206743 216338 208725 245625 211695 220973 200647 239484 245071 228948 257262 192037 212696 215264 213481 192918 246794 218443 215614 233196 199425 192250 237204 226711 226645 229461 217741 225879 219556 238428 192991 209150 223644 207907 217259 225060 223882 233684 215571 238178 232689 228252 229578 193047 230512 219576 203714 238879 196960 223628 230517 231608 194462 225884 245757 199502 229152 234750 228496 228231 215491 202655 226332 239188 201624 236433 227893 225292 227627 231507 228396 227131 218387 208855 185584 204774 206014 230845 233055 205128 
243724 244577 243018 216394 262306 260228 256755 252031 232421 228505 250528 252865 254232 232230 262158 272195 250940 250603 265907 238533 238525 228509 227484 261204 227465 250973 251442 264459 255744 254527 310929 232152 232182 257934 251342 233106 252156 238867 233270 261015 224793 212798 266336 235185 258060 269243 242871 246677 230703 269084 233166 229685 236670 235650 241640 243280 276905 257213 263223 285385 252746 247311 235665 194666 236109 220119 230759 248744 240442 243547 265892 256057 209431 240755 268147 222156 252321 271812 263946 270892 250060 220853 255605 252867 215315 244051 263354 263557 254724 255569 248834 249439 229050 227115 210518 237703 219891 261277 270104 239392 
266408 258312 256025 226310 287096 261057 291629 270080 245257 231397 249972 261851 284747 228934 257231 267821 270715 252067 271166 245500 241338 228145 234192 283956 230519 277608 237281 272597 267782 271760 315866 240206 247946 255232 253072 243471 255147 230148 242132 265331 232794 215734 259779 250103 258857 260727 260765 267981 243225 267820 224533 245358 245776 255335 246732 259353 263460 270319 267372 275729 250045 262054 250650 218216 251133 252916 243484 258706 246843 262488 251117 263812 237095 267845 286094 241772 246866 292816 265625 263163 253376 228919 251617 259179 240238 248456 262826 266018 269100 255704 269756 248766 241967 249311 208047 253131 226991 261444 259648 253728 
227760 230448 228078 209303 261313 245871 245206 240927 226879 201888 226480 234240 254297 226779 248755 255104 249417 215226 249929 244107 216431 222415 214737 246189 221083 219841 237055 252645 226538 254925 275590 227770 230324 255457 238178 218436 240621 229522 221069 238134 228754 200271 260601 223187 227599 249343 225340 236141 227992 259344 217739 227883 221686 226801 233391 230923 238400 258554 225857 261678 237016 236958 233215 208995 238198 228962 213308 240524 228328 233903 232023 261604 202780 236123 267810 218888 235160 238635 247007 269024 219068 190237 231091 241973 213195 243797 238884 239724 239315 224824 230080 239910 233726 230448 205892 221326 206173 244304 255368 232607 
223999 218523 208389 195907 254788 222989 254145 252426 226112 199368 235128 225422 246737 213336 248929 249411 235482 234439 233878 223615 242475 211924 220889 242805 226120 227201 216769 236555 237082 247119 281827 219590 224385 239488 225402 194352 228184 216474 194320 237246 234874 186781 233024 230399 239309 234863 237309 215206 210681 248811 201625 212058 209898 212532 245284 212663 234875 233219 232593 234993 221560 214078 225120 190916 219788 218187 209757 241204 228651 214608 251838 230271 198196 220261 236188 222907 250057 234007 248775 235498 214846 183667 212296 233726 208295 236426 235421 233366 206621 236431 245456 220965 212078 212285 206727 219951 212474 238446 242702 221048 
226392 244530 221998 222523 268551 242364 261311 242052 231832 210414 235274 239011 262295 206500 248325 252731 242607 238860 247976 229055 222960 236032 225709 265838 242559 230864 221626 248895 252109 247901 283473 220905 213317 255086 244022 221331 231644 215142 234463 238230 232649 205443 248911 247675 231882 243549 233743 237943 218581 256245 217030 232470 219734 224473 244604 245420 236622 243621 229609 245922 239506 227536 246128 215832 235958 233185 227941 243337 231695 239658 237844 267510 209352 253458 248108 234376 237243 250122 249503 254592 236039 204646 240594 225640 228580 238096 239257 239735 240831 240987 247075 236055 222427 224968 211834 218971 215026 242441 252291 245502 
252767 273162 249648 239923 299180 292076 285887 276851 263971 248604 262963 262916 285328 249375 282405 284101 278204 255224 296142 262573 261591 243378 251301 289907 234150 276856 256289 277750 281623 267450 319452 246463 263500 268915 267883 259750 273310 255322 260471 293352 251181 223687 287492 270172 283941 293320 271196 259471 244259 288463 241071 261758 273700 262177 269524 262164 271143 281719 285802 294755 272235 266351 250331 232181 257901 261741 247411 284608 253574 263138 272534 282354 234153 294080 304537 242887 259901 296575 286635 291118 262044 244010 267333 276663 249495 269963 274729 271516 261522 266107 284945 279442 256190 257831 225068 249571 261268 281504 265549 275018 
209783 214313 219716 190271 246329 220999 235092 226367 208597 182339 203294 221514 224135 207132 241863 225886 232664 216330 232825 208289 204062 211833 205219 221872 211209 206908 202870 253330 223090 218664 251526 208820 214112 221414 216145 202379 233819 210753 218852 231892 211671 186834 243787 219393 214538 238738 209685 202404 208540 238045 196518 215838 214597 202919 229352 205286 236809 227745 207658 234651 224839 223725 212947 193058 224525 209885 202775 220543 216149 223488 210995 245543 187144 210143 244577 205083 213305 237419 233373 224498 220747 181685 206151 223337 213387 233234 215056 221813 218189 206135 232379 225528 206334 209220 177520 204163 199878 235179 230241 232723 
252630 229358 242854 224968 282214 249001 295759 255733 237185 222410 244843 253004 263313 214049 280606 268483 253903 233879 254358 255752 229872 241935 226900 267313 243233 223142 240901 274567 248186 259165 305336 238989 241637 258311 247333 231543 247052 226188 238584 265009 245870 196056 262387 246465 263624 260679 250167 235102 243795 265969 212996 226016 226125 235491 243756 245035 265000 262002 250076 271228 240493 227153 234645 209405 252519 252462 239473 260327 230739 232045 267924 274437 215115 251793 283293 225962 255225 262268 267260 260943 235481 210270 224710 246743 224457 242601 246694 258625 236901 236461 257834 257296 249360 241458 208402 242505 219079 251744 267856 252590 
204319 203218 204071 211564 234105 231712 242919 244406 197774 211688 208277 215909 223996 190135 228463 234717 240791 206141 226324 214998 207403 206652 195606 230996 204708 208874 183284 222099 228231 216444 258908 203506 199276 206700 230284 191597 225148 232749 213276 222097 188322 190555 235460 197392 216925 236662 208673 215217 200173 236262 177299 202749 212074 210792 202012 220209 231443 221935 237204 240652 213264 211236 207889 185676 221191 223509 187481 211450 204237 200907 213382 222177 188450 224727 239922 200911 218256 234549 219106 252905 208836 189063 196657 220185 203111 221013 222015 207126 215844 210972 233765 229560 208131 199740 186470 200103 211209 226541 222421 220999 
255499 258461 258500 234089 280859 255443 289307 277685 249266 229101 242779 262027 269348 240360 258679 275400 275854 254156 263839 250244 241530 248852 241959 274681 241301 258679 233571 272039 280388 254426 300730 241138 251360 266298 268192 242996 262536 231203 237222 263145 255554 221968 276993 247106 252068 273902 259606 247572 234815 274256 242625 226256 243121 246190 255279 258060 266907 280584 254392 276618 260635 253034 262205 218966 256656 257245 219562 275095 245988 255977 261825 282700 220793 254981 287562 226307 275330 262200 286791 269869 248744 231729 261535 264008 235860 269591 264132 275633 267921 263118 268263 263997 244648 250633 217142 240478 237781 253527 272874 235660 

