255336 243708 241993 214025 256956 211120 234188 248915 247253 238157 232576 242131 247296 246896 255222 221969 241017 252069 255582 232257 225310 212305 261351 220882 256474 244103 261078 239925 247719 226102 253291 238367 233022 249048 228490 229477 247983 242616 230765 218576 253918 235303 253659 241401 255412 238451 258151 231325 241789 225310 236630 221651 235772 257403 243549 280270 256039 218406 239005 252240 249609 241960 276932 263285 232686 228512 254992 246131 260534 246520 215840 274230 231357 252370 248057 219605 226843 240974 274935 230613 229518 224524 227693 250579 226595 274021 262838 255887 239113 238783 262689 233518 222666 210203 239898 235227 228460 248095 228542 232264 
266976 250318 247412 227350 257234 215158 248338 268593 245567 251593 260472 245701 252142 265919 281208 250470 270080 262389 245205 243997 219720 232392 281251 239740 292489 263753 259716 247780 259460 251138 255553 259732 239302 272514 227482 224703 269154 255574 254721 232559 287340 253180 257992 273197 266146 256264 276663 240558 260962 240223 236458 236078 235864 263564 236270 290388 274036 227643 237118 260633 265226 250038 293060 265104 266192 236613 281602 256124 267172 272392 222720 273329 235560 243043 254147 250413 233541 251646 273304 254965 238106 226063 261400 250998 257206 274295 273386 265335 237806 254629 271166 241392 224242 206505 256938 247729 249230 282600 251940 242307 
262444 240349 238576 218185 236687 215622 240824 261401 233835 241563 244340 227202 255890 238966 258967 223334 260806 252760 249446 253403 222887 218236 276225 241211 268092 246798 275604 231657 253902 228489 246842 246749 223879 257858 226047 236871 253503 242299 240937 220258 259835 238099 247871 254873 267758 250585 261143 230880 259036 238578 255474 227624 257743 256108 235135 276519 261766 236360 235081 246987 262265 243393 273401 264254 245074 217229 280476 253006 262625 265167 214042 262891 233076 231601 251302 239550 237138 264236 250867 242803 229371 236252 248880 253172 242190 278500 266224 240817 237380 247463 269582 254131 224867 219822 251763 250218 220567 275263 253287 239584 
248342 207473 218266 213916 231226 203195 209648 235386 230258 233161 249133 221637 243848 228039 250013 203030 236355 231318 231502 225749 226160 192469 246263 230636 240054 225018 245980 228168 230650 224025 215945 234481 229233 224892 200186 212667 219646 209038 227121 218941 240738 230372 238924 225017 242756 239250 252062 204693 244093 224921 220977 216087 229566 252841 206571 263807 231733 203466 202155 214642 239882 219192 249113 233360 234726 208219 257255 220154 251595 218587 204949 254666 225305 221368 225888 198389 234707 220012 224163 238200 220707 199505 222432 208641 221182 249323 238118 224146 206451 225795 234627 217896 214757 200511 234967 223883 197762 250023 222677 232041 
240506 206332 234760 213362 234854 211399 218994 238020 212770 229816 219407 215385 211914 226225 245253 199835 247587 230346 225560 225567 212598 202110 259874 200578 232844 229318 242763 216923 231115 207459 221253 229358 210241 249084 202748 206589 216616 225871 223354 211905 242002 229260 238354 226621 242116 206137 234344 211037 232300 226207 226200 196082 229443 228650 207130 238303 225076 210148 216623 235573 240370 201219 244549 235500 225512 202702 244787 221745 235986 220939 214501 236782 212268 214112 230462 202373 220165 231685 223792 223287 208847 204615 208638 212745 217181 256560 245595 224717 194858 211758 242464 212960 211695 216713 221717 220645 209174 241673 235375 217051 
249510 220098 240850 220897 232545 214637 225618 233999 236161 215793 224539 223245 234836 242079 248630 223572 245789 252793 234251 231350 212808 214532 269338 205863 245617 242326 237207 233543 240503 217466 235831 233149 225476 240036 218051 226846 245412 221463 226142 208835 246670 233517 235667 231087 261219 235013 249758 212671 231802 216967 237999 206857 236470 244027 222348 268479 242103 221378 227398 258389 247530 220651 248536 234590 240159 228083 256092 233067 258635 222904 219843 266068 230240 230905 239176 214920 212591 246818 255213 237764 221725 221447 234639 221672 231642 264236 250885 246978 217887 231805 256305 219588 213228 206201 230925 255390 206293 238939 222716 223445 
267967 232264 265542 216246 267304 238801 255859 251933 231121 240244 255329 241160 264222 262239 283392 239463 270824 253155 265172 235964 233530 220384 272659 230677 272267 263758 262213 250051 256965 242100 260712 260212 236088 257262 231406 237156 253926 243756 235495 223660 277474 250276 251893 250265 276766 235261 257436 232183 258879 237863 250719 238426 259944 258349 237265 287687 256073 223268 242632 253529 283600 245778 278418 264282 249086 235966 278479 253207 256294 234611 249567 273367 231712 251690 248807 229444 240949 251885 255049 245443 239955 214722 235495 236733 248623 275616 269779 263464 230721 246723 271486 233316 226412 214656 265839 259517 232664 248031 246774 237470 
252794 223816 231147 213019 253078 211690 232886 236680 239092 243393 231945 226095 249236 251429 247691 225961 259688 241954 256273 245014 216467 212852 272142 222130 249783 240326 250760 240036 247073 229716 233514 242988 222253 239782 218103 228720 259912 233294 236955 221498 241678 236959 252731 252012 258302 238348 249709 217261 244008 226433 234112 214215 227924 247763 229154 277189 250163 228695 232966 243028 253158 237041 253625 245057 238802 223138 267871 246878 254866 239840 219620 253852 222945 232167 239685 219299 227391 248172 237526 248198 233800 202163 228663 234371 236519 278366 259252 237699 232215 230025 244978 225342 210931 217312 246887 233524 237306 237838 219090 219671 
277264 246239 264081 250621 271743 225169 243332 268737 258824 250483 269916 260794 268789 254597 281221 237776 284224 276784 271349 249865 238127 233031 296964 261704 279747 261573 286694 282187 282813 264838 261144 289472 251764 263517 232879 240754 262037 253439 263964 246861 283861 259913 269577 263792 270723 284966 274184 244664 256138 254799 260625 237676 267449 259591 239488 309636 279822 233929 246620 275279 281850 244477 303214 282797 277685 251314 285703 272862 291737 274049 233149 276374 253374 254426 272359 252091 256714 268394 258643 248146 258841 238645 238103 256632 252374 278439 277158 265735 256036 260628 269462 252335 230372 239909 277343 261644 244834 298018 251116 256884 
291962 250148 266279 236726 253096 233996 247916 264921 261223 249322 268964 247023 274734 273204 289857 256069 283017 282680 259803 258699 234437 227384 297776 239528 274115 274948 286421 253952 271749 258688 270345 257987 259426 258995 229650 247921 287163 251829 254650 244589 286446 246570 264692 257670 291671 263925 282614 241141 266550 254926 244900 241185 257141 272450 249001 301808 260023 226059 259623 280937 279971 250215 286195 260152 267670 263771 291001 274812 270348 269769 233684 286053 248065 262509 260193 253902 246299 267268 265125 265390 238854 254635 250879 242767 252733 276956 283015 273697 258188 260848 267571 242179 219929 239575 271042 278385 249877 271663 243521 250629 
269820 234099 256295 227484 264619 212305 235892 252552 233771 237907 244463 241889 263026 250637 275137 234089 252234 268900 248423 244482 218868 210481 276783 222479 280138 251496 266360 244062 249783 239746 243824 247740 228705 263343 226121 213647 263080 237234 227739 216647 252325 252686 241473 244470 269466 252680 273422 238186 256227 239147 225902 227490 233872 255926 243296 290893 247000 217400 239169 237988 251849 232283 270307 258145 249762 250675 279389 244969 264311 256944 219378 278037 241363 249815 244986 231102 231414 239663 266809 265071 231108 226199 226067 233087 227806 276261 266857 252279 240144 219419 255525 232433 236197 218912 245991 243652 232778 251102 234822 231258 
233487 214444 219420 199354 236789 214361 207787 233139 221230 222402 217374 227932 251414 223364 243205 208971 222938 235613 229515 228874 216311 206551 246690 218788 237255 227393 236731 221906 217007 214658 227123 243876 210094 227621 211159 207513 222925 212917 210433 212487 251123 218429 230820 241202 256671 227002 253359 196968 233558 206782 207092 214661 205476 223123 225080 263745 235793 213599 229240 228565 236976 198787 257741 235185 222599 217725 258503 242583 248430 220424 209482 254604 226590 218941 248841 202162 220465 233971 231659 228053 200131 198981 201213 220232 230285 249788 242791 244100 216211 209539 241140 202948 221937 189623 236730 229224 205846 249852 212288 210823 
223610 221827 211317 188138 232740 195791 202497 214128 233963 210476 222175 213392 215260 232051 222762 211296 247139 236298 228696 222186 199597 195500 260436 194259 226989 230332 233238 220776 225694 212027 229835 221230 208328 222921 196956 216957 236743 218686 219402 212154 254948 223164 224843 230277 232399 230070 231184 200879 205399 225565 209647 203759 198967 219908 207858 260982 233219 195383 224606 240351 231482 212057 249162 231298 217910 212835 239936 228190 223632 216807 201182 246594 192214 224675 224231 211329 194381 221933 227627 232723 207628 207105 219002 211992 220619 245880 239038 228033 229918 231120 246676 199737 191851 187987 220059 222282 219422 234059 185456 202179 
277764 247462 275777 246632 270427 235080 268613 279332 247534 268086 291539 258558 272190 283890 288138 245572 289967 288707 263230 255988 249751 233342 293786 258005 306208 291825 275453 268087 274566 234814 274990 290624 261257 274690 248586 240641 284048 254552 271471 243865 272636 278100 259638 272068 277954 274873 282197 248282 285171 257293 258468 256617 251537 269819 256029 302239 297006 255048 248303 258282 285551 264657 302653 283181 262501 254256 291873 286243 275802 267890 248800 305130 260602 259170 262263 238160 243341 256996 306935 274667 246736 234054 263282 265752 265973 287632 305483 284250 253496 266093 285282 247451 240126 223901 262982 261923 244457 278011 250644 235117 
251452 231431 256685 231218 243538 212025 233661 255857 233118 228897 250029 238061 248898 238111 262869 212046 258704 251891 259321 244461 237043 219511 276512 246355 273434 250248 261574 258026 269284 248279 249971 264462 225752 245497 221024 223893 242646 236554 241857 235122 256616 235186 247448 231882 268156 261149 268022 226748 255941 242417 238711 222433 244715 254923 230575 288662 260319 225207 240257 256658 273020 236193 267973 257982 251960 232657 273402 250653 253107 232064 232465 263107 237466 240896 234405 241302 234252 236021 245106 236831 227019 225988 228320 227362 238191 270441 269015 257258 227114 240205 271287 248919 222693 216755 267159 241466 217596 260338 236087 242446 
250856 245787 250301 228735 257720 230935 228524 255574 248358 230537 243806 237483 256934 257501 270194 230015 257543 267697 274188 235841 227119 226125 287537 245336 254506 274849 272391 254578 262990 249073 264995 256889 256007 248933 232066 244927 265542 245057 251036 232647 254829 247953 260547 252659 274131 261062 280751 227698 264741 229430 237565 221367 248309 267344 229606 295407 246422 232163 240714 255550 252235 243909 279896 262305 259446 244719 276458 252527 261818 244543 230135 284384 252401 255406 256170 247812 241722 254382 268342 247885 232282 232843 248128 255095 245212 282305 266007 264629 253758 242148 274605 236449 224918 212459 257364 251222 230401 266413 223619 247837 
221223 220327 226383 221604 229206 205050 233825 247218 226783 217802 231930 234945 226688 235976 251827 202079 241426 243022 234033 234859 212699 210553 266272 231371 240666 242438 254486 217580 250994 215667 229478 242746 237422 234279 210797 227217 231439 241703 230898 222413 244289 227086 248141 229998 236739 224748 257333 234004 235429 216363 231740 216508 239010 235489 232368 259719 238539 225236 236656 232897 245340 212697 260193 240702 230396 227630 265140 249936 249790 246042 197097 249527 239964 223850 245580 216761 228178 255112 242779 226705 209929 216921 218538 225638 237353 259236 261282 225559 227733 234405 257242 210201 222844 207633 242810 219513 216290 253757 224826 226168 
245904 237158 239141 224880 246708 216395 228884 253233 230256 225643 251072 233834 237514 257970 250608 222926 256504 254315 248590 220242 212358 205463 272624 221228 272355 238842 257525 242446 251646 223369 260225 250148 242752 231898 209840 226285 248378 242412 240159 231685 253513 236006 259064 244537 256357 231259 261506 231695 256613 215105 228645 219246 224027 250706 236254 277934 246505 231211 226096 246528 249177 245046 266624 245733 244190 230370 255360 258568 253934 254790 215822 256270 227635 231628 255795 233642 227237 252508 262608 232847 237581 218903 221981 233336 231499 276238 257255 240054 235669 253414 245546 237974 221592 212182 242503 227334 225978 262282 228069 231458 
260608 246649 249834 226045 264920 219253 230495 247764 242919 241728 242934 244859 242231 237224 263306 224914 280132 261742 254688 239588 226216 223769 279600 235557 250178 252567 261405 236180 256228 238564 251209 260410 241020 266281 227009 237108 244437 243999 244096 223263 282495 251068 259792 250913 276371 258741 268112 224305 255850 241904 231511 228578 254476 258932 233269 277305 265688 221879 231255 262215 264461 233814 276211 269106 252830 242547 269616 266018 279502 242245 244424 278280 242367 239855 247242 236178 228024 253071 244750 242135 235689 226439 248238 232536 243745 273088 264530 257737 234430 244172 262925 248099 229655 220070 252968 248515 237925 270153 246797 248260 
278982 241856 242014 222938 250266 226086 232593 263550 251051 257941 249193 231489 248954 251927 261819 240241 266721 267380 244946 249450 238992 219487 280451 228979 262188 249756 275028 255989 253316 257987 251829 248241 249168 254338 210762 221109 251874 226832 262392 218586 269721 246418 262230 256065 274369 266479 264037 220268 254027 235957 245534 233444 254594 264073 228948 274702 250436 232946 241742 252114 270659 248405 261105 271819 252260 240460 279501 244551 259849 252872 225429 266389 240894 248067 257023 230379 222761 245538 250923 236963 249014 218005 240220 237478 248168 283151 258567 248680 238556 270702 270227 243784 218987 222098 259548 262880 236370 261457 240028 250427 
283357 244142 261611 244372 276790 229017 240287 277273 268878 252288 265166 253398 283182 278375 294850 235097 283248 270322 255890 242425 230515 232904 299272 245955 279535 272128 267449 264474 252984 256568 264669 266003 260092 276205 222178 245733 275086 253802 260460 263345 284893 258442 282617 271448 276650 258250 281531 246576 251789 247758 249760 238726 259841 266050 240632 295851 278053 230051 253732 293624 276046 250444 300976 263293 268854 259386 274118 261117 279393 280658 233395 272506 257123 254537 292932 260124 259921 263815 278317 260508 254912 230066 257999 268827 263165 295408 276390 260528 251561 255755 274475 250592 225430 221055 241996 262712 248830 290230 262090 261237 
269207 242848 259169 236574 261759 231828 258917 260531 246888 236682 242412 253812 261933 263460 277424 234599 275529 267413 264924 251747 228617 228619 286474 242724 278507 269107 282335 271050 272801 241704 251947 271767 246957 272821 233439 236467 274524 252465 238183 230340 285964 251867 255592 266718 280131 251887 266394 248518 254654 245572 244922 229541 250051 257957 249129 291508 265694 254249 250134 254925 270143 249786 282080 264509 270325 243302 278909 261973 276309 251904 234778 279093 250980 260601 246356 245358 251511 264485 270200 261262 246216 237444 248045 250744 258450 293165 280173 264255 245961 237026 265517 237346 245039 209402 267416 249082 240369 274195 248602 234667 
262143 234881 245328 229869 250825 205556 215026 251889 226850 230453 233420 242103 243217 245342 245672 218069 252368 266631 246525 232189 225046 208734 264185 233060 255589 251342 254332 262503 250847 234463 254477 260268 236362 251815 220523 226869 245351 243148 246652 220597 252296 235528 250007 241551 246457 236424 254680 211864 259882 229862 230997 227970 249724 245574 245327 280712 249401 221948 219019 251566 237051 227316 256217 234521 251872 226577 260088 246997 266504 246489 227430 275776 255977 239490 271764 225399 233263 251991 259726 244209 231781 217283 227309 227796 245959 263044 259787 238384 226656 223335 260741 224804 233416 218149 234703 251164 223426 257554 247888 225813 
244411 222970 262225 222112 238150 206928 221052 235532 242656 221490 236022 239201 245025 245479 250378 212708 245618 258742 243387 229369 223163 220807 266213 210431 260661 232728 264912 247285 252060 231489 252831 241103 224412 244905 210852 220987 236408 227765 237523 226781 266223 242246 248004 241110 247728 232099 256634 217721 245017 215301 246881 216369 235913 247949 224589 261947 224018 224776 238032 236153 250838 217066 251026 249693 235163 242416 254254 256966 242039 243593 203937 253619 227755 246131 232969 233992 233477 257068 247042 235330 227434 236271 210811 223406 233568 260886 248536 252041 244426 235851 261355 225990 216681 209883 240849 234085 235470 247960 231753 235111 
267488 253368 263967 226974 277652 227769 229781 257780 256792 246658 256495 244783 270804 273000 296207 242084 269531 265754 263045 257993 231281 235380 308857 234147 276743 261430 268166 255947 275742 261749 255174 260112 241994 257633 227050 254803 272344 266008 255685 238166 275397 262027 263089 263451 277236 258857 274107 246236 285314 251538 259942 231647 239316 270756 244647 291578 269027 237903 242962 263212 267919 260334 288360 275836 264269 248038 266683 256463 273763 262570 245936 274905 242525 269435 270734 246076 239543 263059 276118 260607 239452 234223 239173 269696 257701 283557 283253 260835 250877 258368 277380 240091 223791 223111 257498 259503 239859 270293 246967 251565 
253723 230026 245558 229702 263086 214699 237357 266075 240611 247570 254350 231496 241531 243937 269318 204697 258893 261812 239639 258299 235543 234650 258529 240493 267811 249874 253772 235836 252216 225286 242938 246065 237568 247078 221225 208012 247834 236269 247091 229465 253295 246908 248643 244191 263889 258852 263545 231437 241632 235735 242891 220582 239086 256380 214396 281253 258219 219870 238067 246060 252734 235164 267821 257372 239845 228127 276701 239254 266713 255140 215384 254788 236611 228401 245103 229718 237933 253279 242835 239954 234628 221279 246366 232650 233727 272441 257963 247406 230391 253624 265528 240913 221995 214149 239762 245160 242408 265755 219716 229136 
281702 250703 257216 231088 268209 243615 247518 274980 235664 248654 254155 241298 281826 265653 281230 244465 289413 270803 266704 238625 239759 228317 280672 251045 276359 259509 277661 260252 258095 253510 266077 278713 244891 271875 231573 243810 264494 250436 250089 245993 278869 251379 271256 254432 279690 261341 276474 229769 267340 244074 248502 236841 273891 279752 257821 301817 274554 233616 243673 273985 272616 254965 287927 258914 261066 250368 283889 260303 275744 255891 259681 282176 262142 251301 277101 258970 263530 261974 253970 250290 240444 221935 245659 246373 255199 290811 281723 267019 236451 257507 282435 267746 245795 230906 264795 267260 233040 270024 254310 240917 
288329 259579 275540 239189 281247 251272 257348 283590 276767 257325 286131 256566 291558 277184 318404 240625 294481 277179 273748 261713 251749 238877 306903 255827 289412 261126 289280 279438 280595 277960 280400 268691 259702 293265 245745 258997 286127 280250 263088 257672 287300 261943 276749 268784 297761 277502 287515 264849 272817 254146 245935 258102 279479 293726 262392 294940 274616 241548 265879 281772 288494 264495 299188 283727 276605 275186 304150 274250 292886 278172 261038 296772 275112 283293 277953 266891 280618 281697 282568 263659 259564 249499 246591 268374 265733 301032 302042 271789 267048 271708 297896 262969 249868 228236 272215 278573 262676 290820 262804 275859 
284249 244979 275983 247011 260088 227253 246407 286247 258505 247835 253430 260364 270681 276829 300830 245604 286534 280205 266990 256564 252776 240360 306546 245798 282566 273637 276285 255442 278523 248271 264596 270842 258733 278293 248822 250690 281109 254329 262414 247780 260814 263619 279142 263802 268438 268485 287559 245807 277140 250411 285639 256808 261648 274273 245018 298479 280491 258480 264523 280856 298192 243994 297454 268994 262437 262644 291218 280443 276730 278530 235727 288146 257235 276866 272649 251108 256639 272186 281529 254148 247596 246143 247207 267404 257381 293527 289058 268579 260236 254614 283510 244046 240869 227706 268307 270685 237342 267876 251433 248080 
268426 261199 261263 223747 271230 241463 253583 262882 251136 249733 262234 261111 270351 249041 278493 228172 265959 272494 276296 252066 227025 226093 299624 249284 281323 269530 275804 260111 256548 241283 261575 264076 241214 267798 236933 250217 259890 265358 242481 232157 302043 249700 276981 259731 287189 273280 279653 245992 264890 249729 259780 242555 255507 276109 243704 304720 284134 225697 259885 281288 274345 261198 286628 280346 264032 243770 289419 259773 279936 270196 252676 299813 257126 265482 280736 238654 249051 257000 283289 256346 239506 234509 260907 253738 260789 295520 286441 279372 237957 275891 307633 257728 232575 215362 259299 251697 235476 281101 265003 256355 
260022 232438 248414 220834 248931 221400 216808 242922 241551 248672 245980 228978 248811 251120 269225 240908 245329 266954 233919 236733 241330 223050 281094 222415 260430 237353 266228 257815 260346 244014 248688 242897 224636 249656 214832 222186 248877 231545 239881 221365 249287 251179 238500 250654 255308 234086 255583 222718 252698 214682 237231 237462 236989 243915 233462 276986 253539 235197 231111 248872 237958 229938 267218 254083 245921 242687 262945 241892 267188 260541 233848 252474 232025 247589 246642 218741 220841 244932 262123 237713 220576 216588 234342 237301 251090 259083 265906 245220 232564 236376 261624 228130 217329 207580 244064 232871 222806 250985 237622 232594 
268742 235109 241307 220395 252137 206675 238113 254391 236978 239584 240646 246227 239774 255749 265196 208170 258384 251303 241469 243572 198935 217995 259459 224688 263455 234653 254403 240538 245549 221942 231715 261575 215589 264051 213942 213031 251664 242704 223102 219776 258678 240892 238753 261535 271765 249353 246753 233486 238919 246289 235417 217660 245180 243694 235056 277909 240571 224220 228649 245118 244978 234530 262252 247109 229887 230710 264983 248708 267988 251659 216068 261563 235934 249232 252064 238992 232901 257765 256816 254159 229151 219868 223049 226508 237460 274013 261868 229102 232158 228831 237198 229890 216858 209591 240822 247412 226983 255015 219933 236422 
249085 234805 250321 232080 253309 210389 219260 249655 239178 247735 249095 227374 243788 247336 262476 223602 261681 256655 243189 240822 224583 222628 279156 229127 274237 235919 260776 244492 250175 243180 243860 254595 233585 246669 229826 230652 249793 227888 239434 229474 262250 245593 242570 245039 244746 254932 275117 214190 265757 234011 230473 244745 249253 264440 236076 271507 259716 224436 222117 266103 261666 239255 259954 246861 253702 225759 259026 246559 271434 245599 228231 253764 237641 240295 250310 238733 225694 241054 242949 242518 230111 212541 228800 235196 242982 268120 258636 258342 232871 227180 261330 219924 222529 209586 245464 260624 231444 269752 241932 239759 
236857 223984 220261 199784 242462 191969 220234 226652 220242 215536 228901 215213 235248 227947 239510 207622 238134 233262 225888 219294 204562 212468 273373 207955 247957 227592 240124 219290 239498 224989 238234 227905 210719 228052 196331 216339 239352 231760 212716 201202 244969 222778 232710 221790 235355 221142 249114 220310 237835 208566 203409 198409 217754 250944 196122 258092 239500 209364 216841 250569 238714 219404 249696 242589 230778 239665 245963 229790 241270 235619 214932 241947 213016 202855 237412 222468 208420 227716 231222 226357 209009 204764 222388 231761 214269 255994 249129 225734 224071 222159 250410 234215 210122 206667 228829 228754 213604 239159 212475 203741 
253860 227710 222775 207880 245788 187876 204816 228970 226336 219208 247699 213007 236245 233175 251746 213537 249793 246111 221111 227845 207355 191686 259099 212749 239531 219332 240137 231654 236097 218934 222280 228645 210847 237049 211052 220836 247863 221037 230700 221773 251633 209663 237627 225583 250282 241431 256367 222657 242558 206549 207221 193631 226209 224035 213660 265291 238783 195419 210937 222102 235815 212043 267916 241405 232173 217941 249347 231836 244997 225503 217013 241353 214518 226838 231838 205966 234215 231685 232733 230766 224603 204122 208881 212481 220514 249172 229556 220181 224528 221903 238465 218509 201443 194244 212515 222509 201931 246287 206387 218764 
244168 216657 242004 200784 240790 217249 209599 251149 228424 223491 215287 222591 245812 232381 264258 219980 242290 259024 228451 233771 207771 211515 241791 216240 244633 227043 256790 211955 237177 214950 244396 242415 211361 247263 204595 219949 242939 237319 212811 216542 250374 245435 236792 225430 255589 209379 240296 203162 244514 222433 227531 209519 229585 230616 224770 255699 241144 215351 215763 246095 244637 210259 252669 231051 235990 208980 243714 241302 241917 223338 215283 238887 222732 217701 251849 227582 227539 252697 237316 235805 219997 209504 213786 207164 236266 250796 249527 253453 222001 236651 251312 216984 218064 194775 224798 250210 213184 255416 244530 217279 
265121 250555 265382 226204 267650 238814 249589 274278 257166 251472 259775 244366 257255 266878 283731 232346 268683 283412 256558 251473 248180 244022 285386 232609 269390 273132 276986 243813 273990 240610 279932 266749 258068 282561 220774 238978 262144 256303 250111 238872 272807 263316 266163 268234 286575 264337 288585 240617 266496 242214 244936 227107 250397 273563 243389 284525 272026 241923 246767 265747 263682 230247 295412 277891 256595 253779 289044 255822 282643 252706 247330 271040 253769 255032 266081 229101 255550 261525 269665 253338 242577 235748 252023 245026 246744 285993 280206 267234 247650 263010 292899 247808 229903 222259 261966 256106 244984 269965 254369 251481 
243759 241421 236865 220223 266105 213640 223352 242816 233187 229241 240611 227131 251528 231208 257654 215660 238778 264965 256691 227544 214203 215838 279806 229852 276614 244564 256493 249648 248361 239720 263817 257163 223601 239550 219438 223713 248633 249317 227446 209722 263633 240629 236037 237487 258454 243745 256134 233909 256247 220870 225920 217033 219249 268887 221907 290350 251509 219924 234097 247554 248287 246513 267936 256117 238165 239676 271717 244479 245892 234354 235048 277744 226219 221414 253722 230299 228788 243190 258796 240102 220091 199759 213973 240537 230326 267335 256537 247751 237990 237572 274217 234064 223682 202009 249163 252582 234585 261427 238917 216299 
284963 263740 267589 236447 277524 223870 253568 268401 256062 262936 257947 253311 279655 268672 271975 260050 294408 289277 277875 267739 252531 240718 314714 247145 297296 259102 285884 286276 285271 271309 277427 266690 243575 262110 225865 252612 276210 265310 273043 241224 288058 272082 269680 272829 289876 275874 277962 238195 282729 245857 257606 237615 276584 270360 257176 301728 271498 237587 248536 265849 276328 269505 281370 271464 286111 258597 289681 278241 280523 263484 249355 282336 259440 255474 258740 269296 263228 272865 261993 258945 253402 245135 252319 255209 251801 303954 293691 273420 264508 262391 283979 264022 243328 245756 268930 278455 263075 275720 253160 255997 
265565 228031 250012 202227 267201 213582 225297 265674 243849 251382 237613 237179 264567 249661 261239 236119 243292 267662 247335 241186 229662 205269 257064 217543 267304 228517 255896 237733 251369 231507 248824 247961 242457 261053 210369 216526 251099 230217 236394 215026 249105 243532 242329 237413 264403 245675 248672 227103 245044 223856 225387 228153 233878 253792 249840 283866 248425 213809 234774 246505 253923 225945 269820 252876 229930 245008 270160 242590 267731 238500 232215 261577 240693 243628 241362 229728 227319 244857 260373 235600 221330 203469 221852 225034 235321 265606 262198 252691 223088 252869 260298 238303 222117 207208 244859 253549 228809 253964 233514 229286 
229533 218264 241183 211330 242669 230386 234953 246633 222999 226100 233786 221529 239712 246979 243952 227937 231058 234131 240758 223889 215670 219426 259582 229452 251813 249710 260551 232006 241989 223589 248601 250973 222130 244299 213841 215340 238141 226739 233544 191577 243205 231753 236571 232502 242922 224751 267752 211731 232418 216640 236496 209465 242418 262911 216583 266772 235121 211729 196658 233092 244447 228198 255338 257832 236081 213016 245920 218575 254759 240718 224914 243656 238132 219629 239311 212144 228456 229504 240273 235254 222111 204887 228413 237698 243747 258488 246563 241523 219522 231561 264584 239524 212475 209639 234721 236677 217155 256780 239494 217084 
274482 248786 249962 226657 275528 222365 224678 245785 236056 245177 255807 248041 249787 259242 265323 230584 267535 268108 239607 252320 224673 219935 262195 219843 277153 248176 258590 247472 259742 231357 252051 249201 229445 253695 230901 217292 261622 244913 234006 230594 273324 243753 257037 255406 267526 238826 264622 233906 258750 229796 237868 229463 237779 263277 234916 276272 250385 230422 240499 252009 262788 250022 273007 260583 238877 237899 272398 252323 251191 243837 251529 262758 225139 230866 257953 219376 224631 254916 263684 253285 228012 216637 230851 223907 245992 281456 266749 254209 235255 250409 275876 225698 233899 203813 240335 249646 232953 250601 247151 221030 
280003 255152 245316 236895 255604 221007 235245 285352 241232 231696 238167 246810 245554 266474 263681 234328 276930 274822 239699 244863 238851 238138 274082 238022 271004 251616 251318 265221 264418 247271 250943 272333 229206 245329 230459 234229 253620 250289 266362 222461 268966 258762 248946 256172 264646 255122 270788 220774 252430 240547 249351 241304 249965 258893 260199 276389 271608 227680 241600 273027 256417 246073 268952 246832 256228 246973 268371 263412 279175 256570 237806 280437 248643 245171 275816 233036 244989 265695 256525 246304 255068 226343 223861 237920 244151 275390 277329 260064 250519 247686 250814 235272 244702 229733 247986 259131 230023 262978 235054 230297 
263297 255403 255142 220143 276339 216776 236561 228366 248124 247891 263692 253971 263814 259598 263205 229363 276294 259895 256399 261978 233571 223014 283622 221885 266047 246845 274195 244145 265758 237341 261034 254735 236174 261038 234108 246446 254155 237268 241274 237951 286616 255798 250178 241750 269250 256097 274949 229688 255472 252018 229491 230574 236063 274243 247801 292913 255837 231201 242989 254429 258469 234168 289781 272769 251622 248206 282058 256667 260249 241772 239788 270597 226811 253016 252956 228454 232779 254459 257095 269744 218780 221096 223546 244404 260958 274026 264730 271099 243399 242547 274737 239843 222066 218216 248921 253038 252021 270940 234796 232178 
218101 198222 227648 216996 209903 188859 199097 229228 219339 198705 228713 213083 213964 222662 243315 200494 239249 214957 212694 219401 214349 196201 256148 209311 219635 234329 236519 207741 230872 221709 220192 222313 215615 202600 201182 205347 219181 207270 228901 210631 228856 221360 242049 214191 220598 216932 246268 187601 226316 209872 236382 202457 224285 234339 198767 245948 225432 201646 209356 231956 243471 213940 239260 227376 216440 213803 233392 231917 220890 225717 200057 232164 218686 206743 241438 203912 208265 236240 210964 227187 199604 205793 209438 210649 217580 242726 225621 214308 213216 215980 222442 215670 206954 190832 216268 232258 207150 226914 207669 205396 
250710 215993 229231 213913 245570 219132 216147 240935 232951 227242 243355 222855 241515 233915 250706 226820 257308 247288 241276 223572 222039 209252 245552 215585 257189 239488 256743 235899 237836 217493 244344 217556 222324 224894 217879 215078 226269 228841 230925 212710 267076 220407 253941 238451 250894 228889 265781 212422 240555 208112 218950 228064 245060 257203 231491 258356 250380 218507 221221 247197 259493 225472 245202 227455 235587 224258 253132 236977 233455 229217 223564 248594 236299 226938 229944 217757 229543 244729 231960 220998 219099 225309 227281 210900 230474 252408 238313 247986 218620 241247 256486 214056 229188 211627 244582 229624 215418 243033 229159 230257 
274540 240011 245348 225081 243844 222135 232524 249414 234763 221477 236179 240028 244794 250259 253790 212900 264654 255804 245066 231536 230903 207022 271391 213046 251845 237605 256010 238940 247187 225101 246337 249968 223344 257572 206854 225837 242109 225295 238488 227591 259293 245962 261182 242010 268501 247937 250013 213392 248254 236507 242469 227149 238297 250163 240973 274721 251177 226265 234394 249789 262558 221007 263564 240691 247907 234985 266005 236168 261293 240598 210607 265611 235094 242643 255182 231757 243131 250067 243843 225070 234961 227396 225664 230281 235674 266796 257639 244743 218588 246282 248719 237552 229464 211188 244676 233403 223161 263834 232942 252925 
239613 232228 227434 209357 235623 204678 232996 239785 249957 226210 231093 234056 241505 235748 252161 212056 235278 247566 244410 231089 225864 214499 246487 207763 247754 232235 248648 233763 233910 212601 246153 250558 233844 239678 220174 227231 229289 224874 229657 229299 262518 232163 239863 245206 257415 226630 255598 222767 243448 232025 232674 204423 244319 245911 213949 260872 226258 233145 227454 233222 253559 207859 262343 248696 227538 211496 269031 248356 246805 224557 198739 248276 226689 221702 233120 201386 241140 246973 250713 232655 227566 224936 218439 235429 240235 250702 255777 245106 218318 243059 254393 218213 214679 192246 249624 226454 203679 242932 220440 233901 
229990 224363 263001 219143 244973 206380 233992 227673 224834 227326 239300 230782 221295 238510 258806 209259 249648 234035 226762 218228 205293 232008 275193 210569 250858 246294 243526 234904 230809 214446 246018 255651 225171 237776 221764 214467 242035 237489 225424 228601 254647 241277 226387 238439 237047 224427 251321 223432 228494 233573 224621 196631 225846 240727 212887 257174 243163 214479 227809 252546 254300 212723 259201 245207 238416 231615 247388 239949 229797 229015 218884 256623 217905 225968 251093 221360 211237 230357 252818 243102 220244 217566 217930 224748 232143 246691 257003 254484 231412 220672 261536 219077 209984 205418 235528 246122 220070 246312 227585 222127 
252721 228014 240660 223817 252738 215298 230999 250999 220924 223908 238501 218980 247568 244311 254192 229553 244450 242980 233181 241247 216930 197718 251750 212606 249838 250210 266018 243315 250015 231607 245394 230623 220319 244977 208924 224311 242912 235217 239920 215116 260566 231526 227928 240070 254674 228309 244049 216589 229452 239146 234158 230484 230375 251506 219445 270549 241182 214806 233608 244074 260003 241132 266042 253656 241887 217045 269555 240816 265294 242567 222346 254630 226947 227115 256189 216252 223599 241477 246129 243351 230902 205787 227644 222790 222683 270814 237457 232357 225460 245960 262824 220342 221566 211276 246800 249674 222466 250985 233833 224641 
269723 243917 253495 232176 257326 219512 233187 270585 248840 252171 259845 240064 241253 249865 272936 236540 275282 267326 251334 251970 243377 223201 290022 238356 282036 260176 279819 253694 264825 246108 259870 252137 245680 282047 219557 229894 262583 258109 250422 243167 279500 255334 265406 270886 276019 268408 273556 237650 255578 247672 244963 250096 249257 264740 247614 292679 260901 235075 255126 263389 274920 249059 276622 268281 258993 238990 294619 256064 271272 264934 230766 270096 254080 262873 260397 246632 237185 253199 271144 247906 238524 231632 245576 247277 245605 278205 273249 273417 230235 250080 285964 227941 233480 223247 257418 265167 246833 263199 260719 249636 
293513 257387 266178 231902 275941 241539 253099 274090 252389 252890 263116 234819 272569 269981 270324 239914 283077 280720 273430 264400 242239 228881 298425 236149 290939 264786 281368 259597 262860 246682 269550 267966 252184 262417 229142 247224 270414 252717 263280 226759 278291 259759 259934 267856 301253 268401 280501 244362 268849 244784 256853 245343 257115 273854 260677 291722 272006 240283 239765 261567 279342 271806 288547 282337 263643 240009 289636 267054 274509 255467 241944 290428 249793 248900 249076 249290 241729 272388 280417 257229 254632 238913 252179 265868 251416 303159 285037 264183 246044 274052 285745 263169 242415 231609 255766 278674 245918 267058 250901 252309 
264612 243224 255642 230147 260231 228135 231205 259348 263552 247922 256156 240733 265102 251570 270868 232128 266635 256601 260604 250427 235770 232052 286338 233370 278417 260979 273690 257725 263064 242755 274883 251539 244235 260243 225551 228343 258950 240711 254357 240802 271667 243685 249910 249665 288344 261976 280134 241975 256062 239853 233743 238013 256162 275337 241997 297111 258949 240600 249607 253419 276523 230567 280341 267753 252502 245853 286257 241028 270919 241191 232126 281057 250051 250245 247481 232761 238569 269090 259538 253900 243032 241537 249712 243695 251699 270470 263088 266701 246187 274852 278303 245930 238187 208290 263157 252871 236472 275163 239381 248022 
255649 216822 236521 225356 239016 223220 222977 258903 234061 232720 225119 237054 259717 243621 260651 229304 264241 256252 249639 234901 239330 213314 271378 243071 264425 245088 270219 246726 259771 234316 247096 253682 244264 243957 216537 222452 238229 241840 240755 233341 246615 245852 256198 244827 277955 240751 260060 212128 251227 225195 252704 220382 261411 251624 246729 279845 270224 234154 228427 233966 263075 239992 264292 255512 243164 216895 273345 252552 265074 258429 213397 250413 245789 228695 252320 223188 239543 255678 239100 245280 228434 225023 237577 235753 238474 278242 265308 239099 226771 256186 266134 245033 231850 224182 251184 233207 229078 263492 244963 233981 
251253 226141 253420 233019 264386 227034 224609 254539 251006 242497 244057 232962 257230 248654 288236 239861 264144 263692 242930 238123 219324 217126 286005 214298 273818 253333 262579 272519 259580 241092 257245 248494 240958 251081 229749 228456 254079 247994 224120 230383 260502 248556 245536 252030 255385 257198 274451 235374 258292 232598 237385 227021 235842 250500 245489 268547 267373 234086 240200 256748 264095 247691 270076 268782 248963 220786 268050 244773 267549 250614 229777 265439 234847 248732 244990 223951 221870 245917 260034 253936 231827 226824 233009 243311 233100 284058 286385 266478 229302 235548 273517 219887 242167 209068 255736 250543 241601 261919 241410 246218 
261650 221745 245773 219936 251232 206602 225731 242988 245038 228403 236656 235284 242171 260257 263592 221361 256226 243841 235773 228084 220358 211716 264050 206113 246673 244896 239477 245347 254943 247272 246059 246356 218830 244677 218379 223125 245501 240621 228041 217974 254711 253440 257037 259891 273689 249982 261241 216500 229073 224558 239496 224577 231368 245266 227802 275706 254199 232488 224307 245719 266411 235543 262486 256434 236461 239211 255285 253044 237453 235521 229668 262162 228558 236589 248270 220756 209245 232749 261515 239618 225712 214199 229901 236504 238076 271559 247999 234294 225465 222668 246432 229068 217139 202107 241292 241512 220965 232372 219786 245374 
235004 215055 218153 199173 231847 209854 204573 213092 208662 193216 224832 202920 211528 224822 244202 210787 231403 224687 212517 208775 203834 195470 244840 194722 226647 224262 220695 210324 223034 210182 224097 217007 202733 223211 199534 192223 224850 213214 200224 201425 237367 206366 202947 222027 227041 203512 237683 203984 229004 209713 215528 182515 212680 221661 204463 242684 217897 205553 199132 211649 229957 209097 234840 216193 216317 215227 217896 214484 224136 201834 206672 246401 212476 202858 213465 201899 200918 215453 217104 228654 199877 191602 214859 209674 218391 238308 230314 209793 207694 221428 228583 211672 221130 175445 209944 223288 191566 232298 216511 204495 
243103 238671 249764 222564 243880 226542 228938 245778 247523 237752 255217 249032 243284 247536 268456 228544 259477 254896 253323 243522 238739 226356 287508 229255 267082 259908 270135 242150 245856 237428 263300 247644 247875 248115 204738 230313 241681 247795 245125 226555 277566 251031 243948 255112 273910 249962 267087 210276 248378 258919 236251 236176 260518 257790 232109 280446 247293 233259 227640 247966 261848 241374 260033 245360 250352 245790 268468 248272 241261 237759 222602 261462 251216 233242 262178 236196 238998 255418 247476 237634 211334 223352 254039 241824 257452 265789 253935 239103 236659 241908 277073 234698 220972 226842 245712 251337 237057 278336 245539 250752 
259789 227804 244715 223010 239523 222909 222132 253297 229496 243390 242483 240852 251870 260259 274067 233420 258470 258371 240726 231241 228124 229860 265534 220971 258619 236138 272829 245363 253800 239421 243762 253466 235722 259274 210646 221146 243599 240882 242115 222869 263126 265193 264492 248590 270692 244811 254975 213020 258502 223686 247357 224301 258940 252669 228064 266271 255125 228986 218833 236671 251720 216928 266372 260731 235699 239756 265176 256727 242815 256636 223146 239658 245502 231128 253489 218759 236813 253266 245832 243161 222507 209077 228406 234832 245312 266900 260436 234220 228299 245154 259934 227642 209601 219001 246941 249472 211898 256584 234148 233592 
282629 237208 269630 227697 271393 218964 248022 264888 240078 256073 239917 236394 252783 242464 270211 226300 267674 275191 251210 248172 243595 228922 279714 238042 270395 257533 278852 256517 266080 242876 258085 273922 237405 261467 210157 215656 265957 252196 250917 231275 265662 253621 263540 268007 287680 258717 277883 235699 262292 237106 258883 236434 256456 268105 236585 282468 259955 219458 243996 244752 265801 242094 289208 268944 264756 235096 290054 255029 264126 258678 228371 271361 230058 237966 259644 237527 236514 250509 262964 248857 235656 224810 228549 252040 242322 260424 260794 245104 226864 241799 276784 248355 230041 218859 251015 245007 238262 267300 246206 244152 
228647 215714 231286 213101 238403 199739 213206 245528 218344 220450 224480 207669 237927 237359 250641 216762 259878 242089 239374 224974 216625 215833 262416 214476 256534 228450 241324 241996 247022 213088 243569 239505 226842 223447 216341 219922 244509 230977 232297 214867 232321 231411 231157 228846 230027 227561 252047 207845 248708 213723 231710 211605 230140 237813 224136 252916 241174 201628 211121 234658 253775 227424 246739 226567 246483 213371 249580 239656 232693 236526 203510 241596 218421 216428 234786 223476 232086 235207 228878 213799 231430 206486 216026 226246 211499 254281 254260 242628 225028 224097 255076 229442 211631 215990 244005 239289 222802 239050 221770 217364 
238920 227798 228573 216757 251390 191007 190605 236877 219655 216949 224741 219932 228057 232865 244608 199263 251223 256248 235428 219463 199542 209268 253078 214785 250717 238911 238062 242999 252834 229894 249747 235340 225900 227250 203757 221516 237681 227421 235874 218541 242537 231223 241012 240428 251759 235808 254412 203447 251463 213476 228203 222141 208976 240648 223971 270525 234119 216633 213612 233886 238816 225753 248868 248342 232245 217731 247601 247198 243153 223835 224984 254054 217015 214620 238967 210350 219686 222032 236218 225492 223521 202821 222724 215325 213914 246812 241217 242992 211675 208538 248507 210148 211261 198511 237022 230258 225057 244974 209970 226425 
241697 229892 223263 185591 238280 197902 206012 232632 229803 214144 226473 228822 215945 232388 249859 213807 235754 230815 236363 214748 209506 201898 252036 185885 254516 222414 226946 217270 232868 196093 228940 226925 225962 242511 213790 195914 236501 216913 208683 198915 238876 214299 221823 224579 240390 238341 252389 212830 236171 224997 211160 209277 233891 245918 221852 253402 223054 210784 223277 228177 249583 210499 252001 235606 208868 219525 251812 222247 259312 224163 210263 254428 218921 246209 216076 203150 192007 228046 245665 214267 214892 223688 203481 213621 223713 229461 235097 239200 214902 236585 245972 207359 208211 183745 228362 233620 212808 242340 216875 219620 
263316 233565 240938 224468 253481 217997 213616 250408 225920 222345 248664 234226 245317 253499 269854 216301 255594 244532 232667 229509 217070 221781 277720 218387 246462 256807 242313 246368 242327 241523 239735 235562 240760 255400 213051 219833 233327 234779 249749 239797 251494 234398 240161 257676 252262 232564 249730 219479 232480 221016 227018 215467 240268 240147 227832 261356 248520 211154 214749 247071 249481 215061 270978 240832 231787 233339 256524 234154 240227 239777 227127 258579 245575 238715 252183 219848 227698 238386 261979 244556 221526 211112 239473 239995 232099 267123 265538 230367 223428 230549 261670 213951 224842 212780 236063 221238 222853 248061 236145 234844 
279949 242829 266105 227202 267147 217294 233144 244113 256226 256450 263963 251643 278268 268372 261774 232778 273611 256275 260279 252548 232085 227495 274366 222337 273058 253489 271662 257380 268036 243612 261575 264320 250719 256845 241458 242407 252625 233851 246930 232504 281554 265441 251710 260149 265921 257266 260713 223219 257471 242767 251196 240713 250933 268771 239745 295543 259981 239209 238872 259773 274514 232751 280961 269642 249191 238003 285593 257157 277129 248638 242819 273222 240263 244475 258896 236406 240624 278325 272056 275443 230420 244385 237748 251591 245826 287278 282777 253029 241185 252553 278767 233929 231632 227328 256976 263351 227779 267872 239609 237521 
233272 206200 235761 204131 232361 194306 214705 235815 218024 224008 239319 221353 238782 232374 246465 208111 224248 226618 213741 226869 195550 190400 252897 211304 248223 239423 233540 218551 214194 212211 226020 229940 210280 216146 199616 207680 243769 210416 227649 207477 230615 229506 221620 228100 247200 228455 236951 203507 235479 229026 223204 217078 197606 231232 191401 266037 231505 206257 215293 217855 261051 221034 243945 226264 236166 207954 259553 226193 234472 225342 192087 245592 204210 201365 243708 212567 215532 231955 238177 228987 214398 193043 209341 214740 224061 248199 213844 227444 214384 220733 227458 214731 189643 188676 233339 234885 199158 242789 215984 219597 
265530 243271 265804 234791 253000 237873 244881 251079 237784 243552 254108 257160 261868 265440 268719 251430 269061 262471 262099 239079 227888 227481 285740 218732 287774 269059 268189 244761 264824 240147 276051 259249 231065 266147 229865 226933 255502 248798 231765 239124 276030 247876 256442 264198 281381 245447 284805 244950 271422 242705 251044 231976 267890 271339 241292 294395 259194 231819 239726 247354 286506 221321 273677 255376 244188 243059 281183 258509 257010 256598 235634 283202 243237 240355 256196 245425 241693 266979 265337 266977 228288 237602 250975 235341 250018 272495 275784 253427 240816 255290 276859 249861 243382 223882 265438 254794 246114 276085 255105 250865 
265919 245009 264258 231307 262483 221367 239372 248460 252851 238575 261267 243019 248593 261882 275136 228751 269746 269716 263531 238799 226587 220333 294779 232582 267598 254022 280936 253362 258062 241895 257586 255984 235975 253554 225862 239192 270904 260372 242846 243167 268819 247057 258092 261269 261409 260456 272940 238124 256749 245701 257765 241074 243638 268787 238276 296847 269077 229379 251079 255178 259393 249037 277656 253003 275795 239414 261928 250623 261742 252415 227021 277716 236237 251603 249656 239027 236959 251937 271803 261827 236278 238028 225588 256597 237512 265344 263252 235207 251464 239663 259207 233287 217226 226071 239522 244449 223233 271732 242233 240463 
290487 259548 266323 238246 272535 227552 240023 260914 258970 241430 268665 241243 261801 265526 272647 239636 288390 278690 262194 250262 221312 230940 296878 230846 280513 257616 287200 258532 259718 246995 268896 271673 250834 271701 229065 245307 273587 249870 251205 239227 282342 253952 270085 257591 273050 268421 288698 241648 256794 240384 255237 234850 237717 267821 242506 298488 259150 244739 239527 269587 282700 255659 288365 287998 257383 245637 286610 267036 260768 254493 231726 284022 231815 259081 262614 240294 242329 256793 273736 263441 249461 231295 227947 247557 251825 297397 274663 273478 246564 259526 281558 242432 223149 226300 260944 272502 235475 259202 236084 234407 
273178 261385 268877 250837 273700 240666 253717 267599 269043 247553 275196 259687 269041 264941 285378 239539 274005 265827 276220 259972 239426 238871 320211 241803 298885 280147 283333 260679 267197 241972 263565 264567 254556 263708 235326 257449 265703 265165 262863 252398 295446 252012 274391 269185 277872 266812 294304 256649 278670 245572 265110 246190 250874 286997 239284 302480 275535 251827 265112 279195 289059 258483 293863 276772 262428 255213 297336 283122 282861 271242 233296 289508 241650 260654 272359 257800 250088 285856 273992 264744 235114 242644 246776 259725 259452 300637 273388 269786 256941 272331 279086 250918 235587 238340 268390 265069 250833 292106 253292 257331 
229066 214715 216291 184399 236126 193487 216667 230786 230604 215663 219295 211528 224718 221537 235741 212364 243289 219843 214240 216891 202893 201209 252865 200739 231588 219634 233089 222331 230404 205082 220391 214830 224783 234671 188397 205097 241060 223108 212488 204440 228388 219103 221639 213814 247230 221507 235607 211048 221235 203819 208836 197534 219613 227585 193657 248097 214012 212509 218740 213768 231608 219247 247656 231588 224312 216249 243209 218195 239741 217743 208782 238609 208585 214305 222523 219775 208113 244566 225444 224229 205141 204682 202533 206458 224058 250513 230498 212938 206487 239495 249940 226004 204098 176729 226867 231131 205807 228016 215675 217722 
246507 246279 247628 215897 256562 214257 236325 231719 234067 230900 255956 244241 237292 238757 260292 221357 256840 238411 257624 241121 224203 225891 298324 221236 268338 240834 252609 241665 251971 237139 243359 258445 227805 245976 228865 225274 249422 238416 226103 221744 278125 236093 251265 253555 252784 255825 261878 228935 249799 242799 237768 235975 229408 258402 227995 291671 252679 220011 246645 268044 270158 237263 268162 254518 245258 252688 279369 257835 255063 251482 235551 279338 232910 241609 260892 227397 219992 233861 251808 240558 206330 214106 223012 242840 240351 267986 263332 253190 234371 235765 279470 236697 210511 221328 254381 245449 219573 260083 237878 230222 
237056 223131 215310 212055 227993 202394 196223 224070 211177 209355 227738 223131 240833 238184 252641 206785 245172 236596 214601 225367 192373 200297 259095 200551 251478 238201 237737 227956 218838 226749 229280 220852 218695 223789 206934 212899 234832 219389 211524 209624 231464 214939 222008 229426 239222 237416 237388 199536 244758 208165 215009 205778 215314 233443 214359 239348 241544 198742 208071 228399 240261 221547 254975 224318 223006 211430 230678 229537 222021 232297 205526 243826 202897 216516 237232 209790 205918 241495 243115 219786 212196 203765 207501 228916 212215 247847 245591 228539 222657 204118 223476 204799 197742 212800 227532 221138 220576 245950 213684 217487 
265293 239854 249154 229426 255031 222246 224136 265412 266095 254667 260508 242766 259831 256329 290065 222168 263592 266712 230745 233670 234277 207337 279671 215193 266626 241376 247603 253904 248807 247452 248866 254139 235620 256510 232268 222947 258081 242022 251679 242921 256015 252070 257513 249660 259675 252305 262876 228164 272374 239024 241645 231260 239669 250352 229457 268240 264510 209557 243283 273877 268948 228427 268968 256599 249250 245095 271917 238454 268657 253258 222607 279849 251824 239177 278320 236513 229967 250503 270124 251048 239053 229193 251940 237720 230345 271883 282765 250517 245344 260170 278230 221053 241565 200167 242777 243193 225595 263953 235185 254466 
280383 245771 252901 231045 278208 224110 228419 255901 244710 235297 262887 235073 261784 247494 286344 238018 272621 266015 241705 236940 230565 231725 282457 238512 278074 255829 271534 245885 250823 258092 255365 255683 239691 272094 221217 235055 257096 239659 246083 246609 267684 245099 247735 258912 260723 252461 271257 231899 260206 249666 244038 233738 236781 286756 229852 282711 260618 225542 230574 260138 270456 245146 288533 260157 262949 237795 270145 249389 270272 244350 232430 270373 222950 239076 258353 247063 249807 243121 252309 252029 237600 220369 223171 249376 227629 271339 261938 254692 237970 233115 269764 238061 225067 233498 260564 266284 241981 276239 257664 246626 
245574 240264 233444 213881 249938 217962 225744 250887 238448 253976 246405 247416 255388 254712 258252 223083 250570 248337 245132 225869 221207 200494 267994 224323 257208 234554 258956 257538 255887 225654 239551 248593 209850 249264 205589 226773 250894 254202 231368 230659 264303 234793 255174 245208 251731 244069 262683 229876 245115 229422 235519 212830 240029 254534 225441 268148 255515 210479 234295 241713 259489 232510 265621 242895 245241 225945 271973 244181 250316 248890 224051 262251 234827 230012 257171 228848 240388 236592 262029 240360 219491 212571 226326 238124 246172 261912 260174 243640 234720 233847 277058 228016 212211 212833 246511 233931 237449 274465 238198 233584 
246211 223854 236068 215254 229953 207024 222876 249512 221858 229233 245794 231816 243350 250036 260477 207428 245452 229101 229831 230962 214483 217762 270774 222552 246932 243735 246272 238716 237980 236028 236618 252594 227483 219995 209887 221045 228613 240539 243423 219425 243964 247965 245755 237814 244300 241242 236532 200500 235839 234072 229058 220603 237703 257430 216357 259363 236036 212616 212230 248648 254684 242147 243183 232223 234315 228391 251901 233886 228793 226030 226532 258525 232819 226055 248704 216698 217619 227015 246000 231069 212860 201910 234435 237306 233674 252009 272794 237472 228357 230309 244380 232544 199421 211390 244192 236386 214513 249303 229710 217613 
265250 251843 231625 212150 273088 223073 230400 241166 251402 248552 240540 247937 258099 255802 271924 244681 280745 279504 257024 239795 219930 215934 299914 235763 264249 245751 267048 258508 270084 251504 260025 266975 237526 267696 225353 249051 274965 263241 227925 240113 277854 247097 255958 259244 263422 250878 268953 246632 270823 245078 237175 229219 250121 268031 253984 298199 269729 231703 255284 253589 257627 248323 278776 251672 257034 245792 271409 268016 271131 256762 247831 287708 239260 245370 267041 237821 233357 247182 268103 265448 232571 224010 237073 239072 248426 286046 288845 246430 252913 247227 280037 240378 236197 217251 256806 249693 245942 260807 249911 227915 
241134 233596 233134 218121 254016 214578 241792 242623 223870 222768 254846 230057 225871 241918 252828 217300 266695 255500 224438 235086 211475 222857 257892 206991 263703 227109 251413 236321 236628 210579 233937 234915 222772 229125 207605 205333 249025 230615 226350 213597 271450 232130 235787 235171 253075 244990 248818 222709 231666 229223 221178 221022 227160 242955 222292 259780 256193 214059 225337 239966 251839 240952 264593 245117 245675 235876 263548 239066 257432 252067 215800 241719 215526 217168 251333 222756 214431 241318 235796 224262 225684 202805 219955 227781 232666 256483 245890 234782 223444 250410 263643 231653 206791 223084 232918 234020 229061 272199 215133 225030 
243341 231115 257913 224692 258047 201112 218686 242099 238195 237875 251264 227851 239332 237452 280710 222373 257203 253381 246424 230708 213075 225937 293433 217318 261153 251176 257640 245158 248123 234218 240565 237957 232968 248954 223901 232036 256872 258405 242116 220703 251793 254011 236661 250193 251153 249481 272113 231227 258635 243493 221417 230098 229139 256878 231112 277429 256488 226441 232249 244886 253151 240987 262156 240084 252129 241714 256359 251304 249872 259720 216495 271972 252531 248045 260993 226090 221697 241108 267620 253446 226928 223496 229177 243518 228648 264036 254907 243931 236849 214211 268807 223140 215618 209807 237575 242206 230331 252252 236422 231856 
274688 249020 268137 259901 276379 249586 257235 272640 256246 274460 278631 271105 274879 280608 291072 245775 287891 283989 278692 269709 243624 250653 293612 251008 290038 285387 280425 259994 282112 268809 275663 266580 274243 264207 263855 251018 270760 248176 274129 252829 295622 274173 283705 286087 286433 280668 293681 246685 279934 258812 259664 248643 273333 291099 255354 309312 282933 246941 253670 293813 297005 260902 300708 287212 263704 264889 305994 273360 272088 267895 258352 298629 262514 244509 276112 249147 246223 285436 276097 267871 261479 255111 264245 284206 268093 301997 286033 294462 259442 266292 296635 255999 244085 241197 274438 276490 249957 288062 254054 261827 
267587 242238 264085 231998 271991 231433 242944 271337 252950 247804 254632 257395 273689 275688 283466 256722 267753 273107 259123 235013 243019 210098 279064 234138 285497 268404 280278 260201 271955 251803 274843 269200 263718 264590 230458 242718 260495 258776 240958 238296 290668 260564 279778 264554 279235 260275 276056 225639 270682 246686 258504 235873 259541 269351 257077 293765 264835 248654 252963 273973 278165 258642 284494 276088 258268 243100 280059 258049 271155 258142 249335 266711 248378 257215 274981 239078 242864 259589 281087 262160 244402 242811 246130 249278 262894 280534 286687 270742 231166 259305 273249 241269 235851 224771 262587 256278 238219 272071 261763 251383 
237667 228718 218187 188305 237214 185281 211070 237282 223948 209917 247652 223002 236439 223034 249303 206115 236914 244811 232599 225778 216846 204238 258714 222265 251270 220223 247253 232337 243713 200578 236384 242026 217482 232527 188513 213999 233068 239612 207157 203717 237171 226868 224076 221518 232294 245331 249556 215521 228029 219434 228263 205512 216469 241419 206921 262632 236018 212426 207934 216722 246781 230811 248936 235226 234571 214379 251637 234937 244354 219695 195098 251529 207655 230865 229622 209984 226122 226591 246887 216394 212877 195760 197328 224414 219972 236558 238687 218984 218797 235443 239932 214980 194871 185534 227649 233677 198533 250130 203756 202231 
254888 230601 256919 238005 267801 238294 232373 257228 230612 231050 238246 233798 249871 261877 263586 226871 260729 267264 265119 224902 230322 223402 269242 222271 273654 260612 271319 260332 268988 239404 258664 251485 242645 247615 222351 231795 249687 248902 235767 224895 291663 254505 257458 256714 256154 240132 276514 217338 254268 217812 240374 231294 227844 265898 242838 267487 263368 240590 241813 269057 259774 251832 266798 261661 250655 235003 258629 253194 253917 247995 226827 266671 234273 244885 252094 237145 233735 258334 257169 253624 240606 224071 229742 242698 239624 281249 254437 273695 236786 242031 264307 227196 236187 209695 257959 241450 238844 261568 233511 230464 
241014 232851 227046 205139 237444 215003 205805 231634 202444 211099 224990 220599 235156 236812 249062 225991 253475 244977 242419 232786 223670 212358 260823 234180 258921 237364 247854 216726 226619 221592 234672 239355 239202 229202 214233 226432 240763 224005 223680 215212 255550 232984 225877 229171 258047 236255 246684 199879 245908 217244 223469 211747 214912 239980 223117 276380 239708 213582 218036 233692 242440 230738 264581 226989 234257 211023 260054 258494 250078 236487 213927 247256 207040 228565 240286 217170 225364 239638 233828 231352 229730 195297 208472 217553 237710 264281 237988 249123 213879 225497 245183 222282 215842 209090 230017 236417 219836 248440 228095 217606 
230391 232600 239761 213809 245808 206162 225349 245437 229006 232516 252121 229759 241396 228144 254968 204146 244010 250811 246769 240741 217144 227596 275703 233283 271355 247288 250613 237281 243061 229608 236503 250896 234080 233187 220215 219226 248151 218573 229877 229245 254990 246701 227428 242016 241916 241197 256467 216008 230089 225056 240954 212267 231875 250464 222416 267234 252393 224096 224998 246431 259215 224757 255264 244624 241788 225806 261960 253365 249410 238400 212292 271446 247101 223635 233727 214833 223890 245599 249223 239132 219158 214500 231457 232180 237495 257566 262636 246562 237564 244408 265657 223332 215488 210569 240755 241986 217129 244894 218814 221526 
225135 201513 218019 187512 214416 188531 185336 206436 209571 206010 211359 216304 221648 210771 227000 189432 231726 227614 214626 207134 184307 194901 242289 197666 229129 212219 226337 217168 211331 206768 205905 204452 209026 211107 177588 195615 220147 208485 202977 206919 221709 200954 217283 214244 225444 208255 214448 195514 216458 198968 198858 196514 194794 203655 190165 245194 210067 177348 204084 224822 202243 200090 226502 210882 223531 208019 227257 214446 241422 222305 199864 225269 196059 222260 220456 215733 211574 210864 219194 218713 199601 199685 199524 195259 196003 232412 245175 211481 200316 200607 229340 196817 177178 193526 212130 210085 200023 229429 195549 205454 
251794 240947 247377 219075 256691 208742 224802 238459 236916 224291 236204 236432 251151 236519 261230 211462 269747 251419 251107 230421 226720 218315 281606 211213 264956 233586 257757 260510 258346 225640 238637 244942 241842 254066 219194 237924 249599 256570 238076 235054 257863 239578 247724 230325 248211 233319 254857 233453 259528 215004 226568 231577 243870 254254 224941 268444 259565 223603 238197 259919 242759 242828 257486 246877 251067 238031 256971 244385 282852 253792 218820 253831 239965 260353 249778 242325 224194 263647 244567 245216 224840 218356 225673 228083 228448 278063 267990 231102 240850 239601 267919 233660 219807 208637 250703 248237 218081 258767 230038 217189 
252016 218491 235369 197515 236121 208572 213788 237627 244307 230058 227254 227968 255067 238572 252966 220216 272844 238069 235266 238808 217541 218115 266963 202743 246137 224777 251949 246320 240414 221631 235669 220308 221783 231973 210242 215466 241632 227860 229271 217457 246225 224440 242148 232721 250923 239838 261607 201138 242180 218958 220509 215878 240127 248341 230811 260732 239022 197432 217759 241219 252560 221848 243634 220138 237659 227009 250581 228382 239850 227610 218453 255952 226300 236000 242361 226425 226789 237991 233700 239466 219093 227677 230101 218238 220941 264228 248609 248295 226989 234528 259673 233797 216636 208258 234568 226771 219391 248998 215625 216722 
262959 233845 275882 235660 275244 236790 254842 261767 268588 254469 259146 263114 276331 270425 289748 236341 275785 281458 277646 254742 234047 238214 289334 242624 278249 273786 269255 263441 262923 245607 271369 276276 258938 247027 248060 254726 270441 280549 255252 242915 280012 266510 277432 262632 277476 259447 280465 254345 265605 257952 255367 225373 260723 284492 243304 297574 273772 235226 249529 281886 275414 254567 280246 267680 267235 249133 285968 266114 256916 264476 237800 292013 264836 254959 267483 239813 252639 268175 282649 278658 252656 259214 248758 261084 268651 277148 300695 285979 252583 266830 293217 250726 238426 228894 260932 267720 248594 260129 257244 251605 
257304 235043 245469 239900 262868 217448 233791 256437 238968 228510 251881 229165 261854 256597 279781 252423 257657 253436 250426 239195 231796 234289 304185 239099 287394 275855 253609 262361 250622 232901 251327 263871 243244 263004 218111 233801 264341 266115 248551 220385 268202 245102 230141 254989 261572 235382 276830 241029 252100 253315 232654 231197 238875 272494 230534 293546 253784 233678 238124 263795 265775 248712 281599 255024 247718 242560 282700 256886 268560 257956 239029 283450 233608 236399 263941 226700 239020 248029 267768 262775 228854 217744 246839 250977 251507 277028 264438 249446 224835 238214 281467 230854 231396 230997 265531 251677 223572 256072 236144 215264 
264050 235690 256557 232064 249173 229325 241512 265386 250091 248289 253476 247152 274380 261326 277399 246236 262839 259876 259302 245316 244759 229965 284178 237111 277300 263214 270716 238605 269388 249984 273607 256712 243775 255909 235208 238532 257882 254944 253840 236499 272473 255495 270701 255609 287305 250835 282297 240306 272161 230939 250714 252922 261125 276019 235829 290687 270742 241628 242240 246243 276893 246314 283634 268638 246337 245116 272709 273030 260909 260819 229663 273570 250713 245803 261402 233836 238518 260739 275330 260776 238288 230713 260208 256044 247353 277724 276431 242108 251985 262668 274721 256208 238634 217946 268286 243938 242200 269912 252043 251606 
288845 269873 290265 269439 282693 239687 266427 287011 265723 272582 274086 277878 276464 279686 306180 249502 297920 291811 269059 273135 252559 251249 329280 253975 308068 293359 293829 279238 297635 264341 278046 296141 265730 280156 253856 263751 286806 281960 275744 259176 305622 275423 280011 287111 300883 271725 288541 262123 288100 273182 273661 256499 272311 279565 251428 309463 299691 262131 277492 309693 303255 259379 315854 281287 283578 259475 313764 292271 298768 279792 246089 279045 272899 257484 291084 269914 269316 301433 283340 281446 246452 263045 260984 274742 271069 308523 304370 275989 257621 257801 306928 233691 258301 246430 284832 277378 249857 292992 276029 267188 
263877 258676 252686 221949 259389 219712 234828 264491 244250 235241 239832 251038 255111 261633 278303 229414 276620 279543 257682 248274 241866 233716 301630 229110 273640 245506 269941 270345 265324 247412 260713 278440 252680 254605 215869 245677 260188 264449 247965 229986 278139 259898 254065 257331 276711 271632 268775 225572 257666 241418 251801 213728 245851 250544 245634 281576 274953 229514 246959 267074 270831 245168 280545 253726 265678 243875 271311 271138 271211 257942 218876 265845 247953 238665 260033 249971 255112 262647 269681 253249 242981 241310 225402 249145 239347 297189 280188 255039 241449 247952 281691 247883 231140 226504 245703 259921 234720 275976 233967 247210 
235660 216459 232142 206973 230327 200812 209939 233787 228341 232308 214013 219723 237096 246818 237538 206746 253429 233133 235036 236523 201626 204045 257064 198538 226867 210893 249550 236002 223841 215326 226845 234931 228954 229275 206455 229759 230232 224378 231076 215518 239578 237444 239676 225565 248026 233054 240161 213160 221967 220839 226398 200804 244985 234528 223860 253605 234025 209753 217218 242893 243354 210250 241852 227823 236025 208279 240594 223356 234291 240965 203978 225198 230832 224633 241371 214899 210790 245983 236961 230659 231691 219297 212820 215470 232459 271541 245392 226844 215681 229690 236372 218204 213522 209818 223887 239311 201400 240928 215925 231281 
266536 246241 251457 234376 241543 228824 229882 248519 246295 240074 259715 230568 256377 260453 273459 237643 268876 266772 245380 256385 244259 219136 280915 221054 278096 239765 281411 250610 258801 248322 261650 260003 224076 238862 224788 232072 249957 248038 241795 225669 277689 244486 243225 247992 269268 254060 268787 224536 259505 235360 241937 245982 254547 248176 245286 281847 267889 234707 246175 270003 259771 239534 273966 250818 262653 236173 272002 251598 272284 243251 225573 251615 233819 244899 256417 245697 240788 268361 260769 246997 233642 232883 226589 243735 247354 278515 264217 241927 244241 236878 262334 228870 230035 224588 242850 257720 220802 271759 247091 231103 
252907 221260 254212 221431 254011 231927 246765 261138 238953 242606 242788 252123 256928 262663 286448 222091 270591 265835 265364 239493 224419 229002 308985 238037 269421 261825 255192 253663 256613 246545 251828 270127 245910 256342 242422 249979 261712 258782 250392 241501 266446 255464 269982 249268 275464 248972 268803 236633 260469 235430 232544 238104 249198 257748 229724 295414 274305 227334 255562 271918 272777 251114 268538 268746 254633 255970 271892 265989 256037 268375 238070 267773 243029 255632 276314 253297 239491 260746 265325 256806 242782 226517 230399 262436 243160 297182 280663 255566 250940 238824 274426 244546 221370 233162 251130 257816 249927 251784 239178 250094 
260708 244111 269751 248195 267522 242463 245831 250327 255674 245606 260364 234170 244504 262856 286063 248801 277014 262393 268674 249662 228261 255278 294193 239656 264633 276285 276948 256795 267272 259990 260400 254226 249645 262565 228541 248553 253849 255978 261161 255839 292023 257836 256842 277646 269869 246405 284184 233846 264271 248251 246942 246067 255395 273391 242545 297030 255550 250255 242527 267069 256223 256025 279310 277303 264720 242471 289380 250491 266959 255103 245920 276497 244354 258873 264337 236294 224921 267898 250952 271310 240076 226484 262623 246711 265875 272307 269937 271795 245546 262080 279151 229327 235001 219766 270184 260640 255927 271895 253281 251876 
251834 237370 230432 212859 232764 190751 217199 240280 225978 216863 241576 214908 227455 223896 250862 210466 260275 236939 236528 222934 220248 215372 265308 220601 262055 242779 251310 219976 246361 221967 242951 232029 218109 242396 198382 221344 240400 231911 221373 225398 274900 237857 232631 237485 243727 238429 257860 222950 240665 234921 219628 229989 224295 241651 227384 268923 247686 225990 241856 241344 252854 230279 249630 234886 234514 222534 260295 249341 241147 250231 197292 240511 230762 234619 239380 253175 213022 241770 235822 230616 206013 220595 223022 216470 224329 253204 251111 238998 226816 230655 238177 218425 223683 196826 244668 254319 225462 261785 223063 233587 
219491 208885 204574 185468 217296 187101 192172 199711 203094 191833 202207 203936 216040 218456 200877 194129 224074 215572 212164 208132 198745 196436 240468 196737 217190 208825 225062 196802 211959 200189 213746 216325 205936 202966 189607 215968 197055 191471 203496 210005 215318 212415 209762 220261 219850 209199 226322 179235 218846 188890 215773 196520 207458 227081 192419 246493 209229 210158 191390 210335 211224 197986 210565 199554 219149 195630 221078 210699 233232 208452 179949 215752 196083 206203 212907 201932 191017 223460 202733 221096 196093 195653 207264 197700 208073 232671 220115 211906 209057 191165 196166 205383 191349 194630 224188 214966 197643 225660 209312 198894 

