202468 207683 204830 219452 210029 199231 232858 202662 225138 203343 229352 230360 220754 211349 237799 219140 228256 230945 193068 192875 223155 221911 221940 250149 203360 186507 239890 219863 219596 207143 227528 217067 216887 211344 236686 213928 211919 218953 229987 205356 186476 234829 226235 226495 211512 216687 213546 219980 220027 217678 221718 216573 216767 185691 253105 217309 234173 226699 210404 211801 230168 193701 221625 225082 224216 227160 235000 212618 234244 234189 218765 202732 200777 199384 213679 223822 225962 230866 197511 212489 258473 212846 228372 224893 240951 236173 212735 231599 210998 265014 234686 200123 219875 243136 230912 211484 209121 257293 234814 223088 
260149 235677 242932 245115 248387 239807 275237 235726 266326 250940 265297 266928 264204 251705 264049 262342 256666 279923 267684 224310 252808 274350 258285 285199 232420 228185 258039 252758 226069 249642 257369 255515 244279 249869 253330 244873 261946 253878 272161 238540 235655 260710 261751 276556 258623 245299 253460 263136 246270 226640 264211 259954 231145 210534 289063 240943 287741 258447 241191 269409 245611 235883 237995 250910 259787 245410 266764 239886 261291 262033 241990 247812 219041 214305 240495 271109 241514 255727 241898 231568 281763 255983 273099 246335 250033 271715 252466 244686 257089 299361 252357 239540 243126 284822 259843 253415 254452 270070 256953 257937 
241662 221452 224091 231423 220718 235197 266197 223430 239513 206331 242843 261099 258175 234468 259231 230768 254540 230530 223258 213621 230160 257834 251341 249101 237859 217265 229700 231562 241586 234465 255254 238701 233484 229532 239421 233661 243669 239391 255922 220431 214497 259851 219869 256031 248812 226309 227145 236220 239774 220947 248124 254995 236496 218314 248574 253484 271730 250391 219626 255170 247791 208502 239697 238318 255652 235997 235889 242551 246009 243474 211092 252889 220929 199851 226931 270913 237374 231463 234972 216160 249707 230682 259647 247725 244266 259325 236631 227325 256112 281960 228416 217040 243228 280554 226569 230330 232064 273001 252440 250806 
248339 216747 231173 239093 238554 238356 267575 216418 248985 233058 246868 239934 239651 216792 255190 221737 261332 242175 241601 212493 246947 244347 239631 264031 237641 207747 236032 233319 230295 239737 261431 244420 235777 237069 219844 240536 233524 242043 261253 224352 222153 267278 232857 230601 238653 238015 229686 240028 223889 220540 252183 237477 240179 211582 252619 243916 270893 252942 211813 245664 241625 218762 238118 246092 239399 236532 244022 244102 250455 240355 213009 227292 225856 194769 225000 238390 239661 250409 222397 231868 262714 251153 238460 242548 242529 250991 232359 235104 247869 283248 243772 217569 242212 273638 226058 242022 219811 260462 234168 258941 
238059 233356 255346 236516 240024 218477 261205 254452 241698 215149 244435 246310 248486 223536 263924 247263 258197 240976 238151 221981 236908 253756 255098 270935 224121 211095 235954 231846 234473 244593 244486 232084 238936 243071 257734 225392 242592 250668 252241 210023 211887 258448 242223 244219 231282 230970 243186 255269 238252 238726 239426 239372 236139 206443 249270 232940 266166 231215 227676 250392 236087 221125 235731 231142 236069 245070 264036 226872 236173 237024 211956 241533 237274 199725 230076 242532 230915 246948 242088 240903 258157 236825 248738 243407 255019 251642 222085 252777 240747 291326 240454 224822 252135 258584 256527 261838 214379 259140 237590 242898 
229118 201084 218434 232392 219886 224367 246321 211465 222000 217440 218439 241568 226718 215915 248206 219156 234102 238162 233312 196805 217632 245934 243957 244286 219642 201392 225605 220429 221583 209733 230229 216149 220516 225558 225401 215715 216922 237247 248176 198195 223141 237294 237332 253224 224359 213147 227675 233627 221211 213225 236987 244656 224380 205387 238279 231738 246806 237186 213601 249650 228398 204679 218279 223648 234103 206806 235088 229355 238619 235941 216903 227918 215333 191893 225312 240521 223367 236366 207982 218428 237088 229157 237147 218349 236445 260384 215876 216286 225380 267185 222693 228861 231185 268304 220007 230307 210613 248285 231510 239156 
236347 225470 259741 247139 246097 219992 261914 248456 245431 231602 242590 261223 249160 242485 257130 242614 253013 263285 253936 212836 248439 260613 254970 269524 221118 234150 228293 237975 248411 233421 273453 235041 240138 237201 249576 238309 253806 244364 256501 218607 226626 246546 250022 265706 234690 235278 224282 256729 257771 236803 246083 239406 237009 212819 268453 239554 273107 236841 230631 253833 256473 214604 228326 240553 236797 250883 263409 233806 246311 248852 233340 234529 238012 204534 244239 266908 238528 257129 222542 226003 256209 247664 261953 245241 257050 270243 255885 249453 238814 276711 240003 232494 250737 277453 258608 246988 243253 254167 243232 250151 
246495 242397 257529 270295 263343 240770 283032 248953 251008 238525 239528 278879 272496 239522 290749 251221 274142 254640 247087 233549 268810 270216 262477 278481 250846 229381 247295 252298 253718 237835 288048 254784 246693 261678 247827 227238 240498 262990 266076 227852 227618 270397 253015 255559 230511 245691 250285 251686 257364 242966 262205 241265 248954 238716 278717 232521 267290 260457 242522 260288 249372 230567 246252 253245 267748 254796 281793 247283 267735 276697 239483 236950 241402 224407 265920 258994 242901 268265 233845 245130 277054 262030 256353 248996 262489 279885 249411 261888 250374 298089 251303 230343 266167 278865 253419 269180 233594 274346 256191 279180 
285364 261677 267199 280369 292751 268638 298866 269977 289585 256082 288128 304361 280551 277765 298731 273915 291781 287715 276075 255108 283418 270021 303016 302542 269086 245612 282029 267543 273980 280244 294846 272341 266747 267764 285291 269107 268424 287360 296140 258660 240721 290022 262234 295266 269621 264895 277350 282505 276401 261350 291636 285606 275416 257758 304228 279746 316373 276835 272932 280395 276076 251788 267112 274347 284596 274549 304732 270704 275701 280309 257209 288929 262770 224820 279466 293300 282223 296676 261444 265157 294470 280268 309230 286986 305017 292817 276809 273050 301308 316401 286734 283929 296460 311556 289144 288558 278692 313211 289147 282476 
245408 232304 233161 237746 237075 241594 260829 217421 241941 217510 237181 249180 245464 232869 252949 226879 253905 241900 232867 226107 232505 255217 251548 264212 231129 223584 231585 235789 235629 228168 246125 251569 242445 243047 236846 223753 237209 255860 253881 222707 213002 259501 240389 250208 236970 232608 237803 248825 238370 232833 253368 258032 221862 207242 275373 246434 266684 242812 216453 251218 250467 229707 229044 253476 254506 234957 267533 241981 249259 267005 229180 247308 220391 213412 233691 245660 224116 262468 234775 227937 253855 244986 264003 239916 261399 251631 237982 225032 251645 279758 246628 231033 251585 290261 222617 235823 220289 266258 253224 251667 
219613 234096 230102 243727 236012 222423 238596 206170 225708 201155 249420 236066 230703 220371 248944 228761 247709 238837 235539 215107 240111 244610 233256 253510 213188 206341 237321 219566 231195 219579 243712 222526 218519 254619 236162 217709 217618 253018 247791 197710 207265 237915 229280 245672 228820 223399 222283 229527 237782 236545 246907 231265 226491 205652 244481 233120 252783 237784 222408 245012 220502 197800 233145 229408 229171 229704 247949 224021 231732 229932 213147 226316 213945 210392 219252 242378 233421 225770 217683 230584 247357 231273 249635 237430 246565 249978 233903 228078 226606 275632 236774 214948 243649 263995 235583 226067 225643 258888 245493 238256 
250855 239248 238498 257066 255347 243029 268452 242241 257397 255534 263618 258404 255956 246566 268693 240552 263739 253814 244569 204883 269288 265430 274350 272430 248237 221991 250346 246921 231555 258231 261408 249250 243762 252197 247101 243724 259444 252877 270835 229898 224064 263660 247929 254952 244319 237759 246176 256298 245976 228562 256201 236395 226269 219874 282261 238504 290528 270911 231342 266361 249342 229287 255287 253367 267363 240708 261962 248617 248705 277217 217812 241936 227533 204799 239366 256774 238917 266201 246210 239100 281501 256865 273637 264586 272022 266528 242064 248665 258416 296189 252548 252898 264613 285145 251485 252290 247391 283533 248092 267169 
225640 217346 227449 247656 234651 228177 257820 221008 233656 211445 235334 263739 232872 229617 257850 231135 234402 228539 225499 224622 238657 238308 251540 256941 216307 209332 236030 229444 228258 209789 250765 230784 221903 244929 242383 210836 203273 251559 258182 209279 222541 243798 239395 245552 219649 217145 240128 227893 233189 226646 241857 244672 243894 215898 255696 239193 254085 224130 217222 235319 228726 211893 231908 238109 241395 223463 259805 228318 246331 249860 212845 234203 225880 214430 243317 241411 226372 249638 219340 234159 250255 249131 245437 230948 262960 258592 230424 244625 232705 276972 241345 230768 246848 260500 240753 243201 213149 259905 246950 250298 
228101 217865 223267 232865 214280 228647 247217 225724 230991 227713 236393 221107 224191 226311 255727 232595 239753 242436 221433 197327 234492 239604 231792 237956 245210 191642 225120 224811 201929 214820 235090 222859 222493 236510 224753 227176 229974 224853 251193 201396 215752 241946 218914 222055 214814 230997 225246 236773 209671 204711 247224 231864 227511 196511 265516 225596 250739 244384 210613 231933 213507 206959 217067 232739 234155 227662 250438 224066 233036 243957 206560 227524 234569 199391 229229 232910 222590 243042 221872 234605 258608 242476 231726 222984 258792 226743 225612 238072 232862 271129 222182 204875 243755 246716 227709 234729 227932 250204 230376 253240 
208046 213088 221744 235090 217879 223997 261147 211550 221368 211047 234676 243757 238187 221900 238790 206195 232898 232746 217553 223261 228733 231166 236992 232815 206255 210592 223823 221329 204007 215769 227090 230587 227176 217268 222659 209809 215706 234622 246161 201538 216376 238885 222566 231319 228220 223373 220104 234280 227557 215621 237421 222469 213692 202160 244033 230400 249274 243726 215209 233395 228048 204695 229058 218064 247144 228884 241263 205933 241265 224982 211957 220430 204330 191175 212485 237655 234768 240892 221616 213449 238349 233081 238642 226755 243383 234083 221277 233477 242417 248283 223780 215790 234074 267521 229771 218725 219355 240575 231711 236679 
269685 238805 244271 269053 266188 233808 292219 245127 263898 232740 253647 282476 278100 267435 272045 258987 272208 276003 231202 225650 252259 262812 269664 283475 254260 225243 250248 249865 266305 255550 285175 259487 258456 261421 277593 251099 254922 274891 272669 239189 229229 269846 262604 272361 251273 245482 247058 271491 255340 255509 273634 274109 256279 231340 284569 257648 279160 263579 243087 272008 256055 244020 228298 250124 266043 264421 285561 264634 273334 276541 241818 253177 241278 233247 247698 269717 260435 275446 239253 251340 290959 259386 274882 257888 275701 280010 243807 263372 265998 312508 258878 247250 251058 312941 271210 273604 251871 291640 262703 285997 
227319 204102 211426 231778 227592 225194 253517 215377 237056 208161 226452 232730 216094 210405 233712 213739 236424 235443 217251 201961 223815 232561 230853 260114 218890 199481 215520 239529 215434 227918 251585 223473 232232 220122 226243 215474 218648 240803 237821 217247 211832 232287 208858 225458 211466 225553 219829 255135 212098 207617 240739 240750 224377 200838 247055 238237 269811 243386 209183 230923 222948 211159 216490 233368 238041 228440 244129 226688 223321 237894 197628 224513 218025 190025 212028 229422 227475 243687 206184 224688 240028 225545 233775 230641 229669 243744 222631 225712 232024 255220 209733 206828 226343 267492 209385 225545 217569 251455 235602 237228 
238456 226970 224621 249864 246487 223804 277203 235107 244428 232233 243634 259343 243447 243112 248551 236587 263424 257335 255573 213771 252486 246068 259267 277712 222091 205784 250350 244995 229501 227925 250304 232097 231292 239479 247731 216162 239600 253235 241913 219389 221270 247935 238462 261056 235956 226407 240464 256867 254515 215549 267643 266055 246400 211941 252410 226622 279231 232393 227229 250292 240592 223057 229332 229077 249045 237516 270456 238509 244080 240391 210382 254697 237022 208261 242405 252726 232537 257834 231223 231947 258435 233265 247272 238279 251453 268679 240381 252326 227918 261351 250764 233261 249849 261716 245345 248040 232287 263285 245501 258271 
244316 219529 224184 238166 232583 228505 264137 215417 235207 216032 244789 227829 225598 231068 258229 237866 251415 242424 218317 201044 236366 256143 242625 241936 238185 212905 227877 222045 224394 221632 246170 242627 226320 257545 236927 210398 229453 249634 266224 214708 194400 264138 235087 251448 222881 227377 221467 227529 237914 228683 261085 223254 219859 204583 255463 226832 251658 249084 217594 247473 220720 224583 221598 227425 251050 230933 261250 224496 243382 253919 222540 232356 230873 211458 244951 243649 225192 256924 226413 218110 261021 233709 247892 238596 261265 244951 225000 224392 251324 273985 235474 233916 240580 268228 240999 240425 224734 266120 238386 253984 
224793 213971 225780 239505 224661 221608 247961 219841 233693 220776 239947 252730 237814 241249 252546 208474 235883 243181 228187 226583 228184 244363 229316 263613 227505 217591 231658 246772 225920 228209 256184 229270 220827 243448 234774 226586 245026 243530 244322 212128 237173 241155 235327 256079 224663 242277 231698 226591 221816 220636 248696 243967 240567 213029 259318 238799 269905 233851 234507 259538 232865 228436 226316 236599 247802 219852 253146 243082 243926 251730 218029 231223 242567 200978 236917 241093 216772 255533 212611 227674 259541 245907 236820 242586 259282 251285 227600 231016 239477 265770 230210 205795 245825 279592 236905 242694 219456 260455 239226 251253 
244310 211418 232811 241768 247912 230622 271759 224608 235017 230491 251677 253839 252510 251130 259984 241894 258427 252237 236796 206234 232435 264069 262618 244967 233674 231089 248115 234973 232599 239138 253802 238145 221751 244245 248154 215451 251221 249431 251999 222437 218946 252432 233329 256499 243397 231414 228881 245931 238117 216079 258437 254716 234142 234584 268411 220245 265405 240505 223362 252545 242507 233279 245172 239572 249958 227093 263613 223420 248849 251762 223612 240789 221996 200285 236068 247788 224881 270461 227873 213439 267726 242670 246360 243528 255218 266202 239084 239448 238914 262621 240794 228328 245534 280192 241510 238910 233453 273560 260721 267828 
233805 197454 219238 212423 220307 207407 250940 228745 228240 226131 211280 239643 229171 228184 243351 229282 234122 213617 213878 203648 218290 226952 224945 238321 236182 195804 224833 206487 214374 216809 236744 223465 211622 207364 213647 212212 234422 224221 227850 207387 189857 245740 209642 228582 207151 218824 202925 217209 214990 195681 232115 225323 219458 197016 245475 222685 253668 223760 209588 230185 205677 190097 220048 219642 229389 218342 227138 216107 234952 226996 201966 223390 213941 182707 201151 226798 209608 237260 205538 192066 251766 227930 211913 221324 224979 234194 196030 231921 223324 249348 216258 206818 226947 235553 218097 225213 213705 248419 230975 230892 
255893 239485 254369 256465 247511 232834 286747 245706 258151 238213 258718 257511 274427 245037 276746 250453 265205 270575 243306 235159 251484 277871 274845 278972 251546 231478 253888 247326 239485 241894 269722 248565 262672 265266 251781 236527 258897 271316 276783 233926 245988 262053 264245 268037 267953 257540 251374 259592 256656 254722 263169 265886 253549 231586 281618 258144 283846 262183 252905 272326 258530 218839 243751 252002 264657 262020 272696 257300 275675 256760 240857 266207 249831 218947 249194 269340 254703 269510 251367 246035 284045 262186 271208 264561 269272 270071 251670 263157 260998 299938 252997 245287 256994 280305 276501 247601 258703 285188 265831 267628 
257455 252106 252507 273412 255368 248001 293353 238853 253132 215040 272489 273456 264865 248162 275056 252985 260773 271946 248827 249287 262083 277789 257627 274882 249364 221806 267354 253082 251368 231576 273105 266881 261100 274165 262280 240842 231578 293735 275830 221527 228476 281450 264872 258476 245793 249519 257852 260803 262300 246830 269118 278828 257679 234778 269219 251690 282871 261496 245888 253263 254124 232919 241507 249377 279574 264887 282082 248596 284627 265714 229822 266023 260358 238858 264579 265259 247441 269758 260286 246371 294798 267233 267629 263117 283082 292605 253614 257380 278216 303503 253482 244226 268057 297967 267785 261305 250334 284428 257761 274256 
258863 230203 245581 246463 250498 226358 262953 246622 263230 219329 256060 246254 246856 239783 262439 239382 243312 253637 241456 221051 234344 248675 258137 258102 254030 217830 253370 215062 250865 240252 257031 253854 221978 243569 255338 242841 237809 261105 262307 218473 213841 262345 244416 247092 234933 232415 226065 238547 248374 227503 255401 258479 243834 213691 267647 250777 274665 247127 227547 240978 237364 219396 237379 240538 250038 257316 269900 227061 242106 265908 219463 237730 229755 225320 224079 262237 240744 243904 226784 228952 276386 254167 265932 259180 257622 259031 247552 254364 253018 292717 238549 242960 250294 289803 254531 241316 239491 266833 262153 252011 
209350 213471 213072 216146 208750 202251 239625 207795 222661 207546 220634 234400 217334 195154 212574 213614 209199 219419 213440 193145 216106 230098 215361 221080 201091 189406 225500 204714 196450 216509 217725 214908 197251 222470 219336 213897 215161 227788 218604 189397 204252 215156 213497 236116 194395 203322 209922 201394 224982 187902 216555 215756 208887 191380 232090 212703 236616 211343 197996 229760 215336 198779 203867 216947 228581 204849 233955 204330 218637 226477 197918 207391 217277 187300 212104 222351 195876 220867 199570 205345 242528 219119 228021 205331 236743 238618 200409 219504 211392 245734 211273 209027 223932 235926 212233 215770 219850 235943 213875 215627 
246577 238904 249748 263589 250444 227486 265263 252095 267131 245218 262863 256332 258991 243665 267474 241737 264080 266190 251295 221630 252477 252143 275016 262233 230183 232865 245707 230589 231247 249839 254088 235274 242562 249870 258011 224326 254214 248850 262891 228519 231533 261563 250368 265735 246974 234504 249117 261357 240971 240958 271165 260846 246807 216233 284261 251563 279592 251471 240571 249297 244767 246390 233546 238430 240859 261288 274822 236797 254772 259367 239007 255864 236317 208072 253458 271079 251761 277131 242263 252631 268746 265079 272149 259186 271608 264317 261473 263392 250461 290865 258728 243907 262819 297091 253344 246773 245956 261657 255666 261794 
259448 246620 239918 267342 253017 257933 294092 259194 252931 238266 273045 271606 268392 239206 287843 248691 264556 263424 246890 240034 256517 275043 254191 276848 255442 232213 246091 247976 261579 258900 278036 248319 241607 248100 266447 253398 261481 270751 275302 223178 237265 277782 240858 275180 255121 251246 243476 261125 254475 242439 272628 269255 259075 229886 273946 265429 291081 264993 232703 275333 252318 233155 249763 253697 264204 252870 277100 247263 252398 268118 224176 259894 258745 214367 255203 273260 253921 266888 259987 241688 272176 264931 274965 260919 281087 279027 251713 264372 273394 303717 241729 246530 262160 284168 267633 267293 257590 291070 252106 267259 
237932 224266 240675 251688 246640 227798 269477 236642 251306 247281 232769 260066 248813 251606 258778 237276 231189 261594 229847 221081 236968 247169 257144 254841 239327 218259 248582 215219 230162 243852 249546 227206 233993 230655 247015 229070 239201 242714 265406 216744 240199 254928 243830 262300 231295 221960 240121 230887 241108 211505 258960 244840 236674 225126 262702 244152 269645 249585 223245 247059 237710 236268 233729 232168 250296 239725 246338 226740 262666 248849 238029 249458 234464 208595 242451 243631 229987 265685 220182 233351 260873 251901 243735 238705 264003 263412 243864 245991 243640 281970 240531 229779 264616 287145 240270 243170 232071 253638 237083 261511 
255093 252274 249313 269878 273496 249965 276240 248230 262267 250282 294002 265797 267947 257156 263314 237295 278983 254987 252344 232968 256857 272419 275437 269736 255701 230073 260228 250585 246703 249798 249981 262334 250420 264014 276355 235900 264300 282801 269391 256100 227967 268105 254255 267670 258640 256364 237620 270456 249229 238507 282792 278227 260385 227767 285503 270000 299108 255905 257739 274999 244789 222414 247119 256300 271756 255161 277698 258566 274710 261330 229871 270988 252359 221046 252101 265810 248213 286533 247993 257347 289251 284106 273530 260331 289859 257284 252144 277368 272674 275228 262574 244226 270209 319585 259876 257126 258589 308024 266792 270990 
240525 229202 237259 248293 242794 249475 268482 242237 243055 231645 259558 244733 250260 245855 281234 234650 246013 248474 250212 237778 261879 255986 253108 283583 251105 218309 252073 257760 234540 233092 258236 226607 247589 248455 228801 229499 237413 254245 277458 221947 226956 269012 262056 260912 245748 256245 245733 247157 255630 238928 264746 248631 234130 217307 267324 248450 268575 262274 235087 264327 250482 230938 250130 248216 273508 241354 271629 226566 265438 260472 228870 241594 246591 219327 251548 263992 240034 274711 241608 254137 285170 253464 254057 235285 271751 257051 239268 265802 259578 280572 243197 230928 247874 282916 261664 250696 238913 261679 239663 253503 
236390 215683 228302 246759 254639 236004 268394 240906 232183 217782 238884 273492 242594 247004 260896 227556 264363 260663 234607 225222 243337 259762 253531 261452 234143 207482 231382 239313 238798 238695 253570 223476 233343 252422 247934 230792 235827 241078 259876 216640 231618 246020 249433 259614 228997 235281 253517 244759 255132 220260 253084 248714 238347 212277 253046 231502 262897 251806 218030 264613 246306 217390 231988 230977 234928 240522 256306 251858 242012 254022 224299 253793 238125 212979 234563 248462 233640 250598 215849 217006 269427 238340 253611 250739 257047 259463 240873 242512 242966 281558 239802 239033 265857 269512 240836 248757 235188 261163 231460 267524 
242226 210445 220901 238612 246628 230906 241731 221783 235980 219980 233517 253530 232234 249185 254597 226235 232785 246713 230880 207097 234390 245101 252801 256880 233757 200708 244650 234785 226216 224724 241355 216318 241506 242041 240045 203599 233523 218551 247143 201616 217890 235589 243883 242729 215457 214939 227446 235544 234662 199625 243874 240467 229787 219170 240531 209965 267004 240246 223228 243541 218511 216238 218383 223148 244981 236035 258121 227530 230066 228529 221335 234212 212204 203760 238397 240186 224150 245587 223881 222298 255784 235242 237060 235885 251088 253258 233239 220544 227990 268678 235953 223381 251791 256048 231816 244887 228411 259046 218888 244923 
240048 219056 220186 234830 248399 225910 258934 223400 242742 233531 240644 257704 247409 240522 243210 220214 256550 253572 233658 209525 239605 245982 239101 271600 225390 211036 240641 221110 218310 208167 245417 229854 230473 227742 214388 224157 238103 230053 248599 219462 218275 234855 229188 244180 229888 216327 245031 239118 241186 211536 233711 244709 224634 216826 257861 216862 267362 238413 213327 254492 246324 218268 238982 236357 235297 231645 247399 234501 238120 252741 226383 236776 211801 196840 227447 249294 227126 258076 233789 226656 272242 245507 254264 242441 254358 247640 233544 233987 233026 258757 252987 234224 248187 276518 228541 224350 214779 258409 227351 240250 
249838 221433 234454 265747 263452 244246 280712 232138 255651 233951 255419 251636 258179 262352 272034 245362 250491 278095 261874 219187 247801 256488 247238 289207 248345 231633 269774 238096 231108 236799 258262 243372 255216 251849 263159 233682 245935 246335 269179 220226 224726 277699 249649 252668 240628 231425 253712 262842 236826 219325 270059 249024 218985 236327 280111 244681 283342 256100 234993 243329 256290 248527 240643 264437 264414 253902 281182 239663 256602 262312 234220 230966 229152 208080 247915 263979 254763 287855 245981 241018 282242 242495 263183 252226 283131 260491 253402 239368 247109 285185 257830 221406 244574 290557 258798 261595 241984 263363 258545 268752 
212982 208494 209380 225889 224544 211896 248971 192780 225030 215610 235349 234672 232951 223005 234339 220541 220564 222135 219674 199532 215728 235609 225051 248418 215724 198375 219221 206999 208660 205067 230633 227745 211971 212862 221901 221696 215568 230865 230941 204694 207225 222103 221528 210116 222128 218457 220724 230673 223948 208455 219369 220290 218631 195574 256355 213275 243368 216188 199597 225815 221828 201070 222694 224622 234461 227962 229350 221277 232617 231913 218656 212291 203925 188202 198036 221423 213148 230839 209367 203045 243090 235340 241258 218728 240699 222698 221260 216185 211736 252411 211353 204472 229195 268265 217528 229940 214738 248256 229267 243159 
229057 207445 217302 234413 230046 225471 251738 196600 221378 228781 219590 243987 232322 232322 233459 221203 232866 232311 228258 198183 228427 237588 256659 257212 218701 202408 238055 217589 217587 236183 228840 231211 226741 228949 231626 214006 228479 232567 233230 207570 215455 224313 232538 248038 231879 225379 223766 226308 230730 206987 239704 240409 214723 205100 241427 213858 264780 228051 216024 255434 226975 205027 228002 225339 259942 213826 250536 223954 241701 226220 213284 232601 204719 199153 214634 234708 210553 242514 212438 226811 248243 232919 238132 217530 243066 246722 214637 229444 221058 256303 239701 229297 236969 247294 233700 236337 224074 260964 220700 231613 
214074 225693 232516 244112 232895 217090 242145 218696 232720 206306 231993 243229 229610 223418 237087 207441 237750 231567 229266 206847 250206 239213 234042 244653 220190 220480 235793 232220 219986 236333 236805 232866 225894 247503 243641 200820 221535 233404 243666 197145 197973 245064 232258 234236 212699 221332 214617 239073 222603 208593 243032 224359 212609 215680 241716 231810 265271 236768 214795 245510 232408 200957 220692 219371 237300 232827 244199 235109 235422 231604 212514 222892 222407 206723 220887 226722 233483 241198 216723 213113 251834 231597 236063 234727 256251 249625 225070 221175 233563 258903 231501 218120 243824 272640 216489 236150 224485 256639 217664 244285 
225429 211266 218604 240856 230350 219065 245000 212051 232240 214567 256869 228429 232130 221403 250896 213576 233110 219329 238261 190821 228531 245789 246236 248359 209072 219465 228481 227142 222561 212526 239331 217850 223265 220754 233641 206762 235183 236053 246306 206262 203328 241937 236672 245572 229091 214017 208832 225679 228590 208974 244681 231440 228463 213780 252164 216562 255633 225453 216880 238758 216172 206188 214707 225368 240198 217000 237154 226789 227769 217824 214054 220550 205362 189754 233854 233588 204736 244044 225102 210480 243538 248812 231901 237370 240086 242865 229925 222964 215308 256021 223434 215166 230776 257737 230574 242983 222640 260197 229054 245614 
243868 203119 237250 224433 244119 234066 269823 225055 227008 222094 237650 246016 244315 234927 269912 232815 245404 226590 231814 216952 223512 255909 250864 253329 257139 212270 245498 235079 226913 227014 253368 231498 234323 231414 237295 218702 228747 244690 253294 213506 206363 249187 227317 247171 221501 230419 231098 243821 241222 223718 247674 251613 230114 227355 267481 232470 260558 238338 216199 246625 230330 221434 229283 236817 259683 234133 251626 227653 246726 233489 214432 236979 237814 201479 223805 233427 224902 252949 218610 235954 267805 240754 236004 230514 259242 246041 222024 243590 234521 268959 230444 223435 230075 268408 230746 246776 227563 270920 252023 247546 
232926 225065 237618 240942 240464 221419 267048 232548 249095 223689 259198 255976 246682 241541 249009 236011 238223 266672 239336 218330 246305 249245 249856 269625 235019 207376 257634 227075 218619 216413 247166 241086 246464 245263 250406 234785 226964 254758 265839 216225 229985 261443 240939 259719 232393 231130 251619 250693 249751 224930 249883 242498 232231 212137 259999 249600 272126 257404 222148 245769 251440 220206 237113 236513 251226 256906 264190 239131 257545 258122 229607 241553 243914 225735 232263 256642 238682 262700 234597 249365 279294 247880 257555 249495 270628 255858 253087 254644 253277 272815 247934 239801 253164 290026 256251 245908 233237 269942 242931 244709 
222934 225082 230726 252229 232607 237248 262684 222593 227830 225451 239210 249245 247200 243566 259878 214367 242034 247279 234971 209236 249172 249126 271875 265425 226923 216294 225158 228232 215972 220081 244323 207864 236064 236750 229469 216666 221615 232192 268655 205107 216463 241555 238679 258116 233882 225734 251149 239879 241548 224621 263258 237798 234971 218104 265825 229675 264845 241379 238551 257959 234688 219368 221677 219432 252038 236565 253157 225732 270469 230819 221787 247834 215582 209561 244428 240301 217447 257217 226896 236412 252835 233672 255353 233518 256907 262868 234118 224865 237703 268660 241183 231655 256467 276800 238442 241501 238654 265276 237593 249422 
239193 220816 241679 252439 228237 226991 267075 219020 242214 231859 236420 262438 252432 251420 261381 240730 234431 238492 241106 207502 258479 258264 258748 253050 218509 218470 249570 228229 227700 241330 250992 223187 250647 248541 239282 224623 232673 241638 239875 210110 226885 271722 241740 268830 249671 237496 223016 250081 228908 225658 262835 243633 238429 222968 248797 245305 271994 263366 229593 264234 233767 225586 234496 229176 261216 233413 278620 228851 248741 250499 232485 238960 230189 202974 239269 265411 238114 252490 242237 232961 245398 252822 254872 241687 265145 272680 247064 237456 242537 283377 232070 238150 261941 272963 239523 256074 238406 265115 239843 244807 
249330 238410 269172 266655 257282 251332 286646 255030 272689 257239 255345 278528 257098 276143 282631 249513 271743 274371 252558 224473 255055 289261 269784 274256 262310 233451 266935 248460 243876 256693 290078 258241 258015 274652 254848 244190 259454 267729 291414 234721 248018 273027 268198 267966 238120 256377 254697 266324 255637 236372 277335 274945 262750 252982 284658 255369 300437 264791 255938 273578 265905 244564 250993 255223 276615 260353 280622 253685 271262 269864 250345 252448 263375 236261 266257 264818 234659 274994 235936 255810 287101 271258 253573 264305 275417 291050 263332 270198 251788 308003 256919 243885 279312 298774 249154 265132 239483 287850 263211 274736 
249042 220761 220806 246872 239578 237639 249339 234993 245474 237870 237027 259084 252054 229516 260616 239565 252610 238039 222253 212271 229005 243938 260881 268548 242581 216152 249810 232928 240987 232812 243065 243545 232657 238919 245720 231713 236625 244009 248006 217820 225272 262451 245999 242157 245590 243517 232704 236262 232208 211407 242743 252846 227932 232043 255705 245522 271991 250001 231346 240877 252309 216329 247190 236825 258760 235545 253334 248434 254478 246542 230029 234020 229975 191331 234859 252437 233087 258688 228513 222604 272145 243653 246848 245234 269730 256982 244443 247675 257206 263497 231175 235916 258531 273882 249428 250877 239366 267329 236543 252581 
246971 221862 241313 250722 250808 245798 261128 231883 256467 235112 250529 260988 237171 242129 280807 250414 265142 254469 239289 220736 252190 255272 263208 256380 228236 222114 240768 246286 234363 232929 269541 246228 241134 245592 251468 209398 231856 236951 270094 215975 231349 262895 247938 261979 226712 223669 251996 249324 238514 229526 268902 244403 246232 217241 281025 249232 277192 250645 227751 248898 237366 220473 242119 234891 248590 247135 270215 235074 246099 258719 237911 256276 222899 213322 255108 255098 248675 265829 226465 229251 270710 251901 261397 251569 267960 279745 244892 238972 252062 296575 245748 243023 259784 285662 248676 246472 235282 273174 252611 244480 
248708 231375 239914 275246 248115 231124 263701 235180 239218 218307 251317 265284 259039 246761 268693 241510 263046 253236 255749 223084 242921 269644 265489 264679 244713 234368 260546 241453 236959 238110 264327 239754 227541 254797 257480 230057 249853 265345 263994 220313 240947 253174 250004 255241 248849 256212 258795 245728 245174 226590 267277 254489 242519 230583 265822 247593 268796 258415 228567 276512 246972 223820 246357 229740 270703 240419 259743 247885 267757 256730 236894 243594 239477 217051 251646 265545 248648 254532 237484 218629 253523 248824 250813 261564 262828 264439 241444 230241 254501 280908 239929 236126 255744 286983 242504 246665 242336 258571 250637 265408 
244087 221878 229794 247301 241883 230637 263518 210031 233392 216397 230980 261408 248273 237957 264125 225851 244699 248808 237304 228042 249164 246386 239819 266612 225109 197672 234506 254647 234346 230655 270673 232453 228621 241999 232292 232327 224226 247360 266602 207678 224103 249525 221632 263333 236194 218473 238153 228999 236343 232508 267162 229984 225379 212292 264208 253023 267168 234299 225033 258505 242616 216899 226732 225522 249850 228531 273462 233565 250843 254974 217761 243563 221946 209897 246023 264777 228292 245545 229742 246404 262716 242187 254227 231677 262036 259620 237984 217130 245223 295449 239971 231502 242539 266464 236460 252604 232854 260846 232580 245701 
264272 256233 261797 284914 278548 257377 294264 252676 273063 247596 262086 290164 278225 278846 288257 249822 277936 279556 265585 238796 277415 277713 285376 293645 259574 231824 262471 260173 261027 252127 282979 254821 265995 258193 276499 246162 260288 273488 281036 237240 254320 281427 255719 278905 266695 252161 263773 253586 260592 236514 295062 271985 257416 236086 290967 260046 301437 277425 250601 274448 264271 251908 262921 262610 302198 262700 299060 274412 275685 274813 245145 283665 260594 229437 285864 286945 254398 296525 252232 257842 285164 273561 281114 266142 299744 286603 261812 262482 273570 303276 284060 258111 280825 301091 283129 271736 261710 299449 252602 287752 
232459 230304 235785 236213 229767 222423 253971 218792 233678 224329 238261 245806 240419 226157 246194 234784 236074 242006 209164 212866 227158 248750 229662 259056 228950 211839 234416 221923 229980 231484 250023 232354 229693 226383 232948 233985 239611 241240 241001 217209 217164 243991 237736 232586 232947 227324 219237 243218 219846 209281 236835 240365 229312 203748 273504 235612 266257 234895 230152 255669 227822 216114 215205 231950 243239 228877 243979 223015 254157 247005 208143 230091 210333 201510 221477 242572 224622 250807 231267 213846 257953 246085 257079 234475 250832 248667 226964 236206 246909 282169 230082 216558 232908 271664 223816 231047 228874 262196 239659 237485 
256207 249908 254331 257877 256712 228485 289543 247808 260581 248765 265920 280718 263409 248260 277270 249717 270615 286150 260915 237230 266607 271394 274069 291707 235080 234342 249554 254962 243653 245855 277793 267031 242616 255572 255166 250395 260323 257621 284709 235557 243828 283414 256328 266666 266472 230270 274977 261058 251090 236679 270096 264939 244735 239011 307223 254667 277917 264818 239116 274154 251586 250818 243181 261010 269090 262640 281263 246710 262622 273865 238689 262302 249538 230017 257957 277540 237617 275889 249326 233272 283530 261059 279853 273709 280199 291000 263134 267337 274961 299845 265286 250252 260295 291976 267624 249793 248965 290236 270436 272967 
249187 225295 240907 246614 248354 229148 262104 223454 246024 235809 231014 244287 231048 230191 262833 247660 251490 241506 235991 211654 226474 247301 232854 263903 234074 197392 259917 225436 233863 223315 245947 239216 229318 247348 227785 223090 230646 249944 252215 210864 234976 236707 259448 238400 215915 241806 252195 235462 223401 221210 245792 244717 231878 206374 258310 246645 262412 242406 236824 239917 228090 231030 241679 241184 248018 240358 264138 228736 228242 261809 235700 219856 222030 206996 243752 247725 243699 250866 212243 221394 270732 243665 250563 243112 251103 258728 222580 231752 241167 268265 238530 233960 247486 269902 224960 238921 228127 261195 238880 230211 
196889 181369 194643 200664 195808 182378 220416 200730 196859 189883 203522 206578 202992 192763 213207 197941 201085 217894 184978 184498 185111 196938 210499 213579 201530 176993 189471 187647 197408 182533 219826 200783 190359 192306 190791 199827 205106 201670 216965 187543 188726 228333 195411 204042 187868 187892 195886 193806 200579 177778 195386 208902 190169 182437 227870 179339 219050 207382 188821 204598 193792 190006 195585 202825 212657 199356 208701 194342 216263 218062 187891 204451 188984 167369 203783 210209 180791 224768 196657 193881 219072 208298 210804 207842 222168 206905 200283 206257 211982 220917 193223 180446 203147 234749 199873 183249 191003 209189 217488 206594 
219120 199476 207406 244327 218967 198536 241218 203260 227126 200156 233682 227758 241183 214276 249979 213780 233422 228204 222766 214686 228037 228282 232863 242626 204017 200202 230393 221881 206352 211908 247065 219933 214600 222002 211518 208111 216677 241130 235477 217581 220017 234429 218596 229797 225070 223922 238469 230153 220429 217707 228842 232299 221260 196375 253039 221780 245564 228402 197128 244065 217219 218460 231256 229876 243486 221935 249332 212864 234275 237240 212097 228366 215097 195547 218650 229307 219120 241489 229911 225154 241828 233358 220234 228785 247327 239559 217639 231302 234429 254887 220934 208579 225886 259769 231974 229939 209721 239436 221548 241122 
272475 245422 273921 285314 283166 258501 299990 260330 276366 254628 278736 275366 283074 270868 296666 258495 282895 290787 283830 251086 284275 286248 271172 309403 266049 216962 285113 268801 258991 256487 293414 272055 276817 272630 271351 259686 253910 285278 293014 234003 251727 301513 257488 268217 259536 256264 256012 277383 279256 262067 299688 284929 254000 254073 294555 271901 317454 282502 254299 272669 261810 257354 257402 275416 291995 274194 310093 262701 286376 283035 246846 268005 262658 243217 274286 285578 266211 283064 262151 270045 303656 279378 279007 276261 290442 295013 278643 272215 281671 313880 283851 255887 260170 312528 277755 271339 260418 299532 284653 278091 
238520 228359 221145 241961 238402 231493 248622 230436 235382 227456 259500 257714 243375 240315 259650 233169 260442 258658 233793 212681 240616 256112 244617 272115 223587 212547 236835 238729 234432 241915 242028 230808 230542 239052 260456 225531 247730 234792 253767 213147 218600 257997 251198 259377 241942 235331 240330 254490 237375 230553 256178 252558 237624 205628 269339 244051 261145 255118 221576 253527 244049 204541 226624 225225 235352 239287 254755 237971 250132 241644 226275 237970 232896 218168 239986 253004 255718 241106 222535 233535 254664 243805 245216 238735 265539 250615 228757 242936 241602 292340 243786 223977 246502 272060 251276 236452 239683 260013 236316 250117 
233946 220645 253295 246863 238424 214595 259002 234539 244059 239185 234211 249947 239689 241597 258769 217605 246667 236782 235373 218446 243595 238356 244329 248894 226149 201001 229291 239827 219364 238152 250362 234932 227182 238486 217442 219410 243655 239557 249244 215742 221149 251750 220164 225873 223946 232982 232013 228049 226095 225344 248473 222651 221754 217237 272857 232413 258019 229397 226516 245184 227984 223851 239645 231378 246266 238234 270914 211626 244478 248990 214546 218359 224501 209290 234786 242092 221911 249136 219654 231268 272941 253289 237875 224419 248695 237750 226775 249559 236394 265826 244024 224450 244715 268820 233738 232179 211752 252103 235073 235068 
241398 238113 236925 228828 237722 242130 261931 237538 248328 231867 240186 271048 258686 231554 275951 246978 258742 249371 253793 228043 262098 249960 252903 275076 245643 210661 244921 248583 241167 243501 271985 266493 239121 243327 250909 234668 238939 257757 259439 222603 231684 267392 260024 241700 243816 246130 254206 252153 245566 224020 248145 245827 230332 225025 254828 238123 269160 236093 222050 247927 275158 218340 248844 238362 262064 247306 273390 247968 247751 261125 219642 242156 240117 214357 241122 241274 238843 245291 242878 222695 278491 237457 250347 251689 255100 262347 240216 245366 252467 290904 244330 234667 255701 266870 253393 265791 219285 271025 241226 262890 
236125 231376 237689 248746 239936 223056 252927 241274 248882 222113 256364 250451 235336 242328 250102 233853 257807 257236 240442 204787 243789 255827 243258 258320 223191 211698 247731 251885 238579 227735 250280 232920 239470 251726 242753 233577 244550 252437 247809 208219 220612 246535 244091 250858 237585 233528 240659 242668 254109 228471 242480 241838 232916 213129 278893 231775 252457 241600 234385 233179 249474 207192 237613 252931 231974 245177 262778 242879 245344 244592 227073 230582 244591 225936 235037 255537 235272 245319 223046 239142 272973 248706 243848 245554 259130 241399 245072 253569 232569 275730 236921 224228 277329 265185 245897 236107 239014 256757 238728 244749 
231463 211944 218999 205281 225534 205118 251053 209572 224822 225113 217462 225368 221350 218069 242665 223745 225811 225982 213009 195698 224630 241285 247443 244494 217506 202239 229802 213944 214088 232356 246618 215992 210687 217624 220615 210629 222196 239707 234970 208541 201092 232003 218314 240307 218029 215050 222871 228963 212677 220077 236812 226707 220039 208146 248807 222653 255303 225236 207515 240712 226115 207361 215852 217841 236920 208715 243709 216427 222973 230654 211800 227935 214679 191266 220689 238506 215527 246042 222145 219884 241995 222697 233288 234231 220193 256975 215622 222153 223439 267680 218653 232755 226352 244822 219450 232016 208294 263239 217640 231748 
242109 207955 225305 223396 228178 215083 267421 222457 241511 221789 237036 256418 226827 229431 238825 219199 254413 248883 221997 201713 230719 239865 249164 243770 229078 211014 223672 227866 236668 227383 269781 234021 229077 232173 225169 216231 227230 237316 247590 217265 227797 246228 227888 246905 236131 225869 230533 237784 229991 224032 240019 244328 233873 202890 265772 234486 259671 241134 218802 244457 240988 217264 219870 241807 237556 236644 257385 235714 240666 245047 215795 234521 226009 211466 218006 240806 227176 258242 227001 233751 260871 243338 244413 249540 225334 256241 246582 250100 243376 276514 238995 226012 233590 265382 237612 223248 228177 261061 244757 235370 
249034 219664 253055 256134 254741 239677 277834 212977 245482 239147 246475 276001 265721 258760 268716 250932 264514 267098 245145 219015 249756 260158 263951 247782 238844 226117 233027 244472 238789 263794 267693 255267 253014 253753 252848 228136 257942 248962 256460 237262 235501 262409 255259 254128 242327 251118 256159 272439 228758 224625 258359 241558 231903 224686 279986 241483 264457 259422 231568 271411 253808 231518 248778 249031 260723 245831 280947 243662 244728 259908 227794 237881 230025 211630 240125 244320 249298 260613 246818 225698 276279 261490 257793 248669 264349 264457 241860 246766 240228 285393 245126 240358 255249 284523 245536 256696 233064 282556 246047 273902 
249864 232747 244211 252328 224956 236410 271620 237242 238001 234296 242824 263607 256963 232541 267670 243857 251690 241744 244524 221405 247609 251810 262809 262729 246465 202526 246722 238819 227550 234149 239018 242445 233753 256787 245892 240356 240780 257469 263328 222490 222507 246803 247124 258848 230993 238573 239347 246648 244867 227850 261569 253267 234959 214828 246808 250165 278473 249634 227133 249221 232525 218386 248359 244957 245798 241025 261861 234080 251381 257487 216933 237534 238808 202860 230420 246479 230009 245861 241127 241577 267955 244602 242187 246306 256621 251107 230449 245645 245224 275912 249273 239858 260883 270333 231435 257567 215215 271914 245210 263270 
205337 208039 213354 208022 219100 222346 242215 208675 222489 208674 226995 225367 224023 218278 241602 221716 229776 225989 218347 195743 232122 242204 235057 240772 206113 193193 227619 200512 202035 227845 225640 207601 208111 220980 226402 216594 200797 224278 232923 191481 209409 226251 219832 227870 228619 214415 230368 218407 211170 204905 243634 227182 211266 189124 233372 223801 241414 227594 201795 239324 231353 198314 208336 206404 234006 207275 236265 223776 236569 223998 211169 248411 200380 198509 217044 247719 210642 234486 194222 211624 244165 214123 236364 223243 224050 244556 220038 215836 221882 259374 229731 218803 225923 256111 216457 229141 213216 245701 218888 228804 
254913 206238 236876 237202 244575 217072 262635 229923 248932 215650 257633 249367 248654 245303 256375 230970 246277 242424 232539 204356 231952 265356 254730 256918 241613 211005 255095 232867 231805 224346 272317 233919 233134 237593 235238 240716 242712 246999 254870 214775 209819 250429 228714 250725 235280 227653 219411 238554 250359 222871 241057 249971 230619 230898 261124 236135 268745 255837 223070 259279 239505 220187 228356 242290 262418 236493 267122 224592 236493 248509 223980 233986 230187 205775 235349 268864 228795 256466 235568 230797 263483 246099 254511 255337 250252 252758 246038 237829 248316 269889 237214 238531 237300 272692 246728 247168 233197 276076 239625 245603 
250261 206517 219452 227063 231880 214214 239943 209316 235162 225219 222328 240538 221672 210780 242191 217527 237895 241399 221288 203044 227886 236853 245993 249585 220584 198432 237168 223341 218875 239062 233303 226998 219196 236847 239815 223015 229597 239976 248846 216113 208435 229238 234186 237905 219727 242977 226436 228554 226518 212953 245409 238270 233279 203113 247536 219767 266019 239528 207094 234966 221336 206986 237260 214448 238118 232175 256052 222468 232084 227216 215461 222485 232106 192171 215633 240506 239842 230844 206038 221462 241623 229305 230955 247411 249173 247358 214778 232545 227003 264709 240255 210689 240257 252897 237456 238840 235041 252633 223399 231826 
226566 205995 218672 230458 223830 209625 251936 226417 239753 216660 230524 243455 238189 245444 242530 236327 230770 265677 229604 204029 226470 236049 245299 268440 237462 189344 244265 228516 218831 225182 250478 215818 229159 234539 242338 234830 232208 233015 251239 196387 226260 245202 232446 247246 239033 220879 230009 224309 228913 203213 244885 233329 228495 217020 246777 227082 255306 241268 215287 254267 228107 217386 218574 231992 241268 229743 262275 240292 250442 246633 209585 243293 247911 192802 230103 255225 224768 261828 206009 215354 243243 226497 241560 243819 253221 243694 242505 220700 227093 268325 229825 219877 247964 253849 263723 226590 223686 255380 245263 258428 
245324 251005 251994 261573 269645 249702 281525 245634 262552 234588 277210 262653 260065 258234 275604 249881 279995 277698 252092 229020 256847 277631 274294 285300 252511 241660 266953 248842 263113 266486 271578 268159 256858 257747 275363 225607 258493 268137 272002 241046 234600 256511 252529 262940 262084 245827 250864 278307 252643 238199 270997 278159 257906 231052 292700 250628 282520 266555 247291 270807 265400 242071 259032 256971 275138 269974 280316 247640 259753 260728 250538 271384 245703 240763 255364 270220 259132 281645 243238 253529 283980 254084 266349 263012 284471 276120 263830 267059 266374 295303 274768 251730 264632 305506 252448 257319 256199 304564 263003 282158 
233917 202509 233259 237638 244254 227262 261117 209951 229706 217118 244452 235708 236273 227930 246179 230342 242506 235495 227948 201579 217437 255689 243987 254047 212167 199845 230342 220109 211901 236379 239949 221152 228664 230836 234744 213208 224480 246126 249386 199550 211445 240166 201682 247607 232706 217739 226125 236739 218051 202617 247113 235091 226270 216360 250066 225511 250644 239476 214390 243833 217521 222397 224729 227162 248287 231116 251427 218324 228558 214225 209618 228743 222663 198695 225897 239182 224440 235800 204378 231541 241762 230359 234576 224047 245627 243675 214450 219493 218014 258570 224473 227831 234147 256087 225475 231872 232426 261316 231234 235818 
236756 241182 239599 259712 241583 244289 272772 241007 253544 239342 259233 253955 259057 235046 270628 234762 267003 256851 240804 238194 250131 262059 259639 249463 219765 227407 235236 249158 234788 233547 262300 246269 235230 254394 253317 228246 242390 244995 262450 221977 240037 244717 245128 266846 237656 234635 247171 242972 242547 242104 260857 261945 257210 216461 270019 240864 278497 246715 253039 257009 239785 232391 247351 242236 262617 248638 252499 236542 255718 245841 228335 257936 234352 200593 245969 255068 235772 255101 233019 229699 280715 249106 258223 247514 266143 275214 226989 251304 254748 282212 239614 248946 247680 287196 245578 247736 252010 268844 255139 257672 
221887 219783 236272 219552 228143 213795 244859 222072 219454 212872 239138 250726 242146 227694 245806 223987 232273 221234 209468 222828 227379 217798 222337 246337 218045 200307 237722 219396 217875 212259 250153 223648 209255 224285 207786 209298 217316 219155 231232 196277 206703 227834 213095 232598 204853 209678 206941 228307 231645 218665 226992 236965 221623 211283 234745 213221 265636 233557 218109 226175 220854 214567 217212 211050 232205 236667 235747 202603 229988 228780 204858 219801 202363 186444 223249 247753 213229 231003 216343 219605 256756 239841 231871 235310 229563 248007 232303 231547 244213 266525 225475 226738 237128 251579 225769 219334 204582 253114 216708 222376 
249099 217691 225477 248236 232536 231014 249637 212963 247445 225851 247783 253897 257528 234378 263173 223210 235349 245887 235429 215045 247840 247022 244584 265606 225573 207181 247007 233267 220645 253429 252332 225100 244578 229084 241611 227599 245489 236391 249347 212732 223393 244096 236575 260576 242874 232474 233167 242534 234146 213346 263269 247660 241566 225956 255398 247483 269667 256583 218436 260928 223976 240222 236119 240532 240277 234572 270916 218735 241084 244067 217214 234051 225128 199047 240471 260336 232909 253496 231231 235478 267407 246897 250929 229789 264656 249605 232037 232568 240567 285757 242498 223381 237865 264453 242385 252547 227905 280251 230264 264516 
249848 217144 226378 255989 257580 231808 275746 239572 248668 231874 258715 255441 243048 232093 255567 239542 270170 262029 237620 205927 242922 264078 272312 269137 245182 219548 252293 233373 244433 232816 253625 241683 240671 244032 264627 220269 248267 237896 252355 225599 228228 252614 242800 252853 240061 227183 251517 252131 247751 223899 246633 256429 227707 216708 280967 234333 265192 251329 231278 254646 251201 228949 227508 240751 246350 244871 264037 242450 258370 250937 229031 247406 225431 208356 234491 237916 238688 287549 248829 228481 280440 245621 265226 258954 250175 261088 252794 250529 252067 268702 248542 240042 259748 278723 242783 237007 252399 280444 255766 253044 
244289 221091 238462 255785 247342 211513 252010 231833 239991 217779 237392 258320 246458 249112 260999 229958 247173 253941 234491 228361 234363 249440 246718 268965 239654 208919 252693 244619 242456 225482 249755 233955 237316 243690 259470 225914 239875 251507 252043 212039 228579 260361 245006 252650 237641 243562 229039 250126 228274 227247 250938 242667 247074 209658 262869 234066 263149 256769 226481 254347 231667 216895 242088 236123 244452 247185 268983 239968 246108 244774 233693 241178 250191 215621 239271 250579 249981 253683 225959 239740 259944 242163 241468 242797 271180 255355 235866 243254 234316 282485 235886 217731 253875 267504 256702 245090 240259 270325 243753 256429 
246296 248053 233589 275305 256171 245899 274431 233827 257918 234279 257746 262990 266300 250272 275809 234967 277906 257762 255513 232084 259592 261589 252433 281974 238191 220051 256129 242762 250644 244160 266134 253676 245206 252491 249531 239239 242939 255552 253447 231963 232042 264694 262388 262341 259598 252417 255680 251087 262525 233657 270043 261335 251957 222930 267233 245617 283426 255821 246460 272626 248510 232286 235990 248767 264719 256931 275872 253692 264787 256720 253224 246471 228402 235722 252251 255382 238743 249256 239647 233649 282313 249076 256042 259626 260766 280325 259554 247571 259000 288134 249990 232284 269150 298753 250679 259242 249330 277557 245188 267390 
229096 212859 237349 230597 245438 224239 252510 216323 229219 214176 238126 251690 233711 236616 256778 240468 253733 247918 244126 210429 240920 243005 240274 266573 221813 203549 238866 235912 231042 229994 252962 226554 212851 236975 238546 219642 218589 245035 244280 200359 230742 241028 233360 235389 237036 233700 238457 241673 231620 212651 261969 226664 228671 205003 256504 221377 243035 233460 217724 242229 244126 220312 227172 214437 246640 232864 269891 227980 232764 230211 212761 232648 236255 202837 237262 258199 223542 237174 203434 218742 258781 232708 237432 240721 251943 250450 238391 234086 224476 272278 227508 226360 247578 244990 246168 239961 228070 256746 233576 243641 
269721 240112 274404 270545 273193 242594 288301 260226 272149 249760 255083 292037 254200 280628 277922 245203 265964 272383 263352 230211 270404 276778 284734 284428 270050 226930 251396 261291 254484 252260 290574 254650 246548 277081 250842 248917 261264 276319 291851 238539 256816 269217 252696 270688 254254 262527 259111 258544 267605 243938 288924 264615 267046 235732 298126 260675 294570 262017 248845 284536 258065 249994 252396 249371 286395 272641 292545 253738 278017 281927 254584 262824 259662 249751 260984 291664 244281 280382 245033 259192 287087 277888 285366 264900 283784 274277 266409 263673 264263 310956 260985 261432 290691 297332 262174 276521 253550 288129 256840 281530 
234526 224772 224004 246889 239830 231447 259044 221007 244762 196979 241870 242965 236474 234518 269164 228062 248493 250024 241460 199428 250215 249055 257663 276938 233405 195017 236332 243113 213279 216786 246908 212165 238471 238176 250608 224653 224788 232202 263906 202697 204686 238876 237388 245445 223960 228287 252865 246043 247123 235815 271747 243407 225283 225885 264154 231880 256798 257119 228710 246443 227662 219265 229970 228872 261357 248159 257145 225871 237497 237137 221974 237858 221291 201146 234386 240197 227955 252814 222179 236831 267839 231156 248491 247587 253707 248381 228108 234432 238349 271423 239677 226640 234746 261910 246237 253998 231753 278874 234922 256742 
226219 236644 248691 250515 241463 226981 268009 235243 232935 227612 256130 240465 243919 225239 261181 232022 266895 237464 230380 210681 244302 251548 258615 262804 233419 223066 238783 245389 236753 232259 245885 240269 227778 262368 251656 218696 233119 259856 255524 220644 216786 262565 252902 253631 237019 244047 240785 244189 235116 235055 249456 240037 234642 209028 265457 244128 264689 240689 232543 254776 241034 214053 232453 237545 251667 234918 254297 238223 248842 243087 227841 234237 235446 210097 243586 242167 230747 257782 233532 241001 272341 246429 250787 247993 266882 262354 227423 261897 251574 274363 239575 232844 256416 276152 246746 244635 239399 269178 233196 242160 
224145 195801 219458 228518 224227 207500 242999 209285 222814 190282 229288 221611 232489 224189 238388 223413 228281 243065 213840 203307 215120 235360 220446 258365 216962 203735 236088 215892 212794 210025 243667 215159 233741 219587 235452 220613 225299 228960 233711 190730 211037 221872 226819 237589 226346 223829 232664 223762 209579 212576 230293 249862 216644 198485 266227 212609 249502 220107 202681 239100 220717 217586 212750 226139 226154 233332 244520 226565 224532 235654 219959 233785 215521 197642 216390 225660 206677 248928 206545 204369 247954 235242 238610 237027 246322 239900 236331 227759 226906 247248 225852 202949 233338 259362 238777 210820 224580 256230 222460 232848 
284371 258487 283782 288278 285994 266961 308233 263354 280343 262388 277243 295200 288330 287789 311079 287628 294490 298333 273749 262156 272105 287770 302477 318373 276389 227963 303977 287030 260028 265541 275517 269470 262986 295959 294159 255683 269068 289069 302103 244823 260772 289695 285205 305172 275659 267648 295574 296866 278873 271146 312025 290977 273346 253083 308837 278200 314490 286673 280227 287529 270508 268417 277302 273989 287785 281594 311141 259558 292376 296410 251992 280966 272655 244984 284277 284093 269076 290639 255456 293114 316865 280694 286842 285191 298048 301141 273033 277956 280018 336450 289947 275421 295386 303864 285601 281186 257807 304380 298126 293000 
210790 207188 204895 226240 214789 200517 257342 219574 231021 212229 237075 246673 230707 217084 232993 209611 251329 227245 223649 186091 233291 234438 251421 246682 213726 199306 241283 210278 209108 215006 234619 216191 219228 204179 236120 211133 218833 225449 230853 208999 197101 241225 214223 241825 217927 210946 225014 230047 223649 205059 232323 243732 230137 193859 245573 216911 250053 228922 201930 242010 221973 205955 218249 215916 247559 217392 237010 219674 242887 228317 212945 236145 215852 189876 218687 242830 224798 242705 217108 223011 246537 214469 237410 230975 239743 253618 216765 239364 216316 258058 239933 205153 227267 251652 232393 221861 226507 238688 233479 241120 
230745 223514 233702 236627 231282 232744 243738 220699 234608 217801 251072 254933 241263 237978 257242 226852 233060 239337 232938 228282 227532 234861 247442 251523 236478 213978 236681 234393 226554 239429 244797 232392 222347 218471 238740 231847 237196 226562 252336 214031 212427 249638 221622 242827 240261 226555 215562 234865 226119 215306 263416 237143 235287 223468 259119 251716 265130 242654 229696 247050 231828 215144 224264 232804 244891 224305 250965 229939 246050 238811 222725 232862 214771 198328 233860 249735 224727 242627 218031 236976 252353 253179 238934 233727 252742 243196 249573 238480 249846 264895 228001 221801 230643 280889 228143 231998 226906 262946 253022 257080 
242077 227607 248393 240023 246745 240321 266890 229164 230285 226952 261565 251746 243134 235067 266451 219056 253353 247416 235725 225297 245403 261932 264737 259983 245355 219417 234481 240462 247751 226400 260231 235639 236907 236299 235846 244258 247490 260654 248484 227144 211908 263784 222894 243553 246914 244109 222211 250649 241115 233187 256706 248067 237028 215841 263815 236079 273666 249624 221634 256388 254143 211259 245750 247170 276423 230561 259815 242889 252599 246379 224054 242273 241528 205739 236760 256675 232658 258312 244323 248924 260987 247087 257347 249626 264849 257742 241323 244104 245355 263007 244977 240155 240382 287895 235650 238728 242429 278623 242205 260313 
250837 239861 248994 256760 264814 247671 286340 256898 253637 232859 257578 272042 267888 246733 269880 272285 261032 261526 252464 230677 252259 256719 270898 269127 260195 207744 261267 248422 225840 240350 257899 236130 240517 257876 261330 244209 242454 252524 284272 216550 242675 256685 249535 263677 238242 225841 261605 259855 261904 240535 273216 251638 235218 234606 273236 251180 272729 260990 238666 261201 245105 233095 229451 235280 261155 248352 272191 254263 255154 254810 220200 258014 247453 201152 258968 264694 226919 258973 228126 245808 279219 253726 270345 256881 273929 261836 247892 255667 258857 290846 248406 251907 264780 287473 267817 263401 244438 269641 267585 263613 
283218 251962 262045 264745 265382 258062 288124 230544 265620 254871 269484 272633 259517 255167 289251 262980 276657 283289 259659 237069 269033 277092 284736 287919 270446 229679 272479 253564 263846 250136 288479 273117 266143 256392 261538 255482 258773 287401 298207 251065 246420 279434 263546 260477 265218 267573 266894 267798 255826 245001 288933 272328 272017 238450 304870 258746 282001 270932 240331 274680 252662 243868 270969 256059 280447 255727 292574 259399 273466 266630 248246 270929 262866 250739 261663 259604 256599 265442 267481 262290 279186 281543 266410 271680 300126 274093 268333 270379 269246 315986 272197 258832 268209 299868 256262 273133 255747 300545 281030 284196 
219796 199866 202574 214576 201058 206846 247097 211326 217909 220831 219749 218594 222568 212051 233156 206491 226624 217096 208775 180600 209956 211312 224976 240422 221565 194158 217647 203398 191492 202746 224634 214385 207496 214085 204150 209232 215992 212583 225772 188484 192325 240672 205684 210692 215717 219385 207426 222616 200240 188260 220639 223949 229639 195270 234198 220874 232448 229279 193927 215807 210004 199568 200782 211119 225272 221922 231674 212845 218177 218694 196369 199794 215916 186022 199493 221806 221382 219528 219658 205082 228971 218288 212823 227721 250136 222507 208400 222005 221687 250705 204834 211868 226607 232913 223449 232921 207879 226790 211043 235816 
232074 210465 214694 242512 223634 226752 257961 216427 247364 228823 234176 229886 234520 232388 251008 228611 239557 227521 232631 197836 244702 235953 239710 231793 229091 195467 234551 208621 190091 222093 232010 226678 211529 241293 223435 203174 226679 216938 240361 215988 212531 242223 221270 219618 221933 205327 214500 230361 220807 206638 249894 241707 221259 219757 243398 221486 266892 228729 210605 243435 213379 210297 223425 221370 242868 225240 249032 209435 234212 231725 216911 233234 206294 194406 222529 237292 228544 243894 230589 200691 253905 235402 229866 224837 240262 233412 215975 220851 225757 271878 231141 223276 233581 256202 214973 224782 218345 261613 231651 247429 
261267 236116 252373 264531 256931 247135 281391 253490 269434 240783 253413 252901 259097 243044 286975 255771 263527 266380 248555 235425 250405 261062 262039 276697 241984 222559 267474 262067 242997 251940 274187 236996 247258 253072 265954 242827 245741 273730 279379 222313 241945 268168 252906 270164 250567 237510 262350 249306 244852 242096 291224 256241 251542 230205 289208 271530 288673 241658 248728 255368 250514 248144 241855 242978 257040 246002 292240 238926 266554 264830 238107 259097 255040 220083 270452 278447 262692 273134 238876 248746 273717 251738 265497 252806 269866 280848 254888 252252 260643 304106 256451 235384 252384 294140 262313 262045 247937 266043 253639 264377 
279101 246579 271525 276726 273956 264238 304757 247083 280951 265086 292838 280059 275008 272524 287880 281042 280400 298899 260902 248279 274056 270333 271698 301120 262303 229609 278377 262387 252009 253099 289408 265601 255800 277658 271255 275992 253387 272742 289517 238958 248188 283572 258124 269448 266544 268255 267473 282523 257444 260047 288736 274406 262928 225278 317324 262323 296608 299916 268166 274895 265223 258919 260365 274407 289981 282668 313715 253111 275700 284809 253456 258920 256412 240575 258429 284063 263982 272156 256027 264745 290730 272699 284424 286497 299129 291378 273377 279952 270718 316579 278853 261464 276181 299061 290781 266747 267805 286903 293936 265856 
256249 236233 235577 252806 243621 254332 289106 226059 239081 236084 254806 289212 264938 250619 262534 249002 262817 251879 231575 225778 255868 259224 252162 274991 258312 213014 254607 254686 245835 237807 261517 243965 233793 265567 244366 237906 236502 255203 267064 223054 221944 259617 267435 265608 254980 243554 257856 258816 266744 236898 268188 252855 229775 224355 262259 234611 278577 271585 240968 269661 255284 233474 243470 248325 267756 244127 258371 254147 262903 274756 226271 238417 232829 227657 233951 265439 240853 255506 233569 249321 282216 253882 266327 257516 258059 275703 243196 246919 250124 301170 254607 242616 265946 299702 245105 262365 237446 285243 248112 267524 
230953 205794 221059 255885 231572 237215 268146 217062 232224 232267 252839 251590 235574 238708 260861 232707 242505 248279 230260 209975 224971 230982 244473 253375 217887 207552 238521 236921 236487 223079 249719 230638 228634 235911 230917 224935 236384 235501 250687 204590 228106 245384 231254 246913 238974 223529 235261 235423 233684 233765 244499 238636 232298 208514 260252 228620 253963 237900 214218 240201 230994 225620 230008 254291 233890 226284 254328 225037 246566 236818 219413 223635 216360 209298 225573 239412 225226 250767 208712 224462 262649 240374 232771 232712 242531 262348 233437 241907 221865 272820 238042 226701 236033 258336 257258 229355 231317 264049 253884 252064 
245647 237106 258300 253137 244327 236173 276265 238714 254010 221151 260442 265872 250414 241092 276479 250908 250740 253787 248849 226324 255022 264501 250244 260115 235877 212066 251471 249896 235140 241289 281330 239699 242618 247627 236763 239783 242492 269154 267985 209604 239553 272816 247684 245277 245042 243695 243769 246186 250988 234559 264555 244139 237051 231467 256525 259782 275770 262537 229808 249627 261544 224822 245039 249637 275817 244219 273086 248629 256543 261643 221158 243693 243439 221147 255569 265334 256576 254535 236266 239252 261996 261424 252678 260421 250484 276638 247417 241721 257523 299638 243459 236695 255528 287916 255169 245145 227450 265962 238793 256996 
256707 258096 268280 262085 246648 251081 276629 243378 263510 233309 261492 264151 251257 258906 281634 250415 251488 254430 259571 245641 276561 274019 266908 271294 249629 228134 247469 239352 241787 245799 279139 258375 249389 270967 246622 247322 243069 267733 280731 228276 227086 280354 241149 249428 257152 245182 236651 252296 250829 239697 283393 260240 256994 239323 273274 262698 284287 278766 218068 266989 243817 228024 267374 260817 282407 253772 275040 241257 260775 256970 233552 262141 254075 222521 250547 269147 248410 263877 250708 240503 261936 262999 253819 263838 279841 267101 238525 247382 268164 304968 261414 241704 271718 286815 253706 258949 245194 290544 265548 277222 
228552 223318 215372 249227 227060 213079 261418 222076 241250 218337 246827 254061 250167 229676 255225 238032 255656 257222 230152 215975 227824 249313 248048 256468 214260 205180 237523 232724 232504 219061 258124 230744 230024 222594 242555 229083 240108 242381 251867 217090 216700 247222 220085 260442 237661 225639 247391 235905 236817 232330 246619 249473 238285 213538 274546 226981 249983 236505 206017 251402 227263 219010 235427 236134 239352 236141 253637 231879 255237 238956 234190 240813 223192 194673 230415 238743 226235 259914 233938 241114 266627 243644 246304 240319 259772 262967 224370 232119 230519 285297 241926 226583 237714 261923 245412 239117 233790 258553 245487 253531 
264635 248757 245930 269176 251745 251637 295083 237694 254698 259574 266837 267018 273883 252248 269562 258865 273096 284708 251720 234236 253593 251638 278779 285096 262099 234949 258792 253023 253481 253933 277213 262649 246531 267153 254415 254944 264446 254082 274753 243059 242239 275558 271997 260723 263478 247530 255720 282760 258893 246522 274969 272715 251333 232789 293469 260815 285232 279133 249477 272730 260441 236734 247653 280567 260000 249674 270414 264696 273378 273963 229125 257101 251537 226529 240691 265548 256016 271942 241511 250098 278932 264242 257199 264919 276581 282780 264542 280674 261113 295925 258038 239740 259918 298591 265877 244840 267103 288144 286099 288898 
223296 204501 215227 241964 219761 215288 256587 209359 225307 218745 221893 253998 227019 218044 235821 225049 232058 227271 217391 202111 212131 230471 248723 246872 212343 195807 221555 235277 217644 227866 246929 219735 223975 226043 239419 218802 222260 225659 236897 195798 221427 225079 228195 250896 214893 200663 234421 236251 230543 217968 234709 232802 229483 205024 252488 238028 257975 231870 220839 246857 219324 213191 212405 221758 224607 217302 234383 226502 234890 229301 209873 227417 216574 175437 216071 236291 214011 239295 200786 213641 242708 220246 243662 230632 219983 251821 212967 227051 211496 256967 205919 216717 237213 265535 215885 230294 225333 264486 240395 243589 
255675 244690 263441 264142 258426 253726 276602 254385 267289 256574 267614 274761 262308 254310 284568 241014 266384 265571 253473 231185 262597 271904 273627 278440 263281 229218 261478 246805 250905 254133 269024 252015 254423 255296 253361 246076 264188 264341 280199 230514 251609 266828 264273 261264 240914 241891 255125 257565 257659 231666 279083 271583 258158 235786 287251 262003 294077 266050 237429 281778 247115 239106 252334 254455 267363 254738 273069 254180 262313 259522 240675 273102 255455 230420 257908 269654 242458 273177 242856 244362 287249 271421 259963 260509 290622 278152 254928 266880 257406 304846 266011 243347 272014 297517 254342 259489 246363 301166 256253 278727 
251198 227123 241129 247328 237831 248864 277754 238766 246313 244135 263933 251872 254215 242300 278469 247906 251574 257430 248455 224758 249143 249726 269448 265146 250247 221412 261238 231460 230297 251221 241000 237664 241995 244598 252807 227591 257669 237167 268529 228527 241161 251806 258245 262680 247560 240325 240689 260330 243238 237831 266582 259174 233209 226074 260930 251690 278456 254045 253715 259996 239496 219834 234209 246122 258144 237895 266270 228791 260710 246851 222340 241877 235095 219838 234233 258288 242137 250683 235917 243009 274052 256480 247253 254281 254560 257195 256280 261286 249134 274496 246101 250467 247984 277072 247704 241231 243323 280259 255181 255304 
249503 244261 264960 272572 249517 243145 289139 241872 260271 238496 283386 267198 259656 259297 287697 253423 269205 267898 258496 244911 276527 276405 258732 272265 249540 234653 267917 244533 251152 260469 271679 250219 248941 265814 260079 246202 242359 271186 282007 232980 234608 272044 260624 258689 256051 270432 260965 276699 254354 259106 269082 267629 240822 224230 300678 257843 274000 276591 241541 280803 252015 249076 244882 269452 274163 252951 285606 253407 267406 265425 258764 253991 248299 242694 248166 265968 260073 260879 238655 247046 275569 262583 269778 265174 273727 274786 253718 272865 258153 295668 262594 256698 266495 300749 258580 263532 249809 290365 274075 269309 

