247508 255726 276823 255180 251669 281459 248790 264819 282497 286047 254323 274416 257178 292418 256090 259388 265754 273133 272000 265428 315431 268583 272643 280284 238865 295536 264863 267827 253455 275822 252580 255498 266325 262454 286752 282961 269744 287965 260395 295390 279675 246452 281949 286193 281444 276359 294730 257089 284483 282796 310243 276852 246549 280055 264562 265369 306204 245368 262037 258013 259828 281026 247070 281994 301054 277404 294154 261350 252859 284491 256829 290539 284748 253815 268552 262138 279983 254152 282846 276017 253941 295630 277528 275179 305636 274312 251987 264401 238730 248074 271067 297895 262679 248023 286588 283439 244648 277073 275142 311827 
237309 213276 241972 214183 226606 250551 199945 246216 232364 262383 221796 226926 213616 257063 234550 241018 226999 241620 232353 230672 261698 237311 233021 231004 215471 270297 224321 233854 237124 235355 214559 246927 211571 221311 255426 274018 226702 245528 218847 255803 246054 222155 248721 257887 230288 249133 254139 226411 232816 245704 273533 246860 247797 244213 243070 237892 272548 205707 233889 220413 223669 239722 210840 226329 267738 278632 275475 202548 241253 256960 225146 252862 245909 231264 230372 229065 237382 224147 241635 251028 218946 234474 247816 213445 261444 247402 238798 241067 208086 226885 238179 236445 228007 217569 252924 245722 219894 244550 243454 260252 
220895 247468 258777 253250 258140 266456 237887 262693 269883 282081 236496 235301 231612 270367 247598 240382 252784 237668 259061 261270 286385 263041 276148 253845 229903 284854 251843 266278 255585 261867 237597 254739 243512 244700 279842 285368 243795 267895 239819 249758 261683 253447 273551 268990 251678 279952 290568 242825 271448 255429 289250 253625 249428 260642 254301 261102 299943 216175 266127 235713 232840 264208 222053 256977 282165 285468 259631 239105 236161 265902 222710 275145 256716 236201 240737 244283 251377 234591 271235 264252 242959 262374 266109 260688 279621 249502 260668 249885 222265 239329 254668 255457 262630 249613 257372 266907 232326 261795 251995 284780 
236586 239811 236160 224480 229084 247579 217629 238120 263188 275197 235737 232752 229335 251637 232069 224417 253218 242042 242309 236154 258615 253906 247875 248990 237150 262394 241843 247062 237735 252896 220121 244743 240128 214083 254511 270585 240768 252866 232169 251431 248292 228540 262003 261080 252128 263764 262273 223505 245118 245589 269314 250009 235764 266321 259705 257242 269396 211421 239225 206339 233746 260726 233818 250102 265811 253366 242432 225982 244203 260957 229511 266465 274065 232543 239032 251463 247963 241112 250848 239826 238236 240242 247052 266162 261936 243943 230484 248492 207240 234959 242581 256051 246325 240661 259442 260599 235594 243721 248718 275735 
270249 263936 278046 255224 261996 273874 231939 286807 286425 306554 282935 259608 257900 293382 260417 265309 273547 292773 282506 267734 298285 274009 271647 274127 271890 294650 271947 277570 274504 272014 241615 279675 262797 265983 291705 292313 265847 303460 272268 302480 264032 257980 275753 310392 278847 285797 302417 262571 266900 283890 305308 282332 274959 298166 299366 291817 308762 218624 272637 251137 283543 290918 253657 276327 301034 298626 279479 258763 259555 298075 268468 301328 301924 276587 261752 258035 279094 260463 293112 289087 245626 267790 258384 285112 297996 256308 260825 296710 253033 258278 260800 299045 267543 264408 292858 286587 247741 275946 282867 314282 
241891 221307 258331 236578 239216 252956 215043 239310 255976 267037 248612 261339 242483 276149 264630 234997 251307 255813 263005 249386 278337 249919 263964 253447 244646 283157 235859 265577 246820 238910 237570 246297 226334 235411 265768 280883 239133 254140 234783 256411 246356 260597 253551 283438 262788 257716 288891 248492 270299 239792 295154 260217 240570 258646 276912 257575 301775 225029 249188 239444 239903 246825 237771 273874 281439 280851 284850 231989 237022 265933 238639 276058 253063 242336 239149 237914 257100 227464 264928 267894 219975 266762 258863 266186 282928 245722 249742 253897 233405 217870 247436 257298 264572 214646 261698 264650 233938 258683 250952 277103 
222361 216924 229719 209672 207466 217474 193952 212642 241410 243550 211774 208729 212590 253020 217344 217227 213272 208802 225200 221457 241241 216955 232448 236785 208112 241276 221947 232575 222302 220321 193203 219387 214933 216846 230331 235554 208782 226906 209225 237654 232668 228134 237268 254155 218025 218074 258933 218465 228091 208361 249622 222057 222509 217071 233303 223846 251160 181413 217847 217208 208021 227147 205583 220732 264942 249452 226943 228404 199104 238360 196341 237037 231950 208454 210939 214939 212884 206710 215779 237617 202828 231716 211101 231375 228440 225181 207977 211636 214372 200824 229424 224171 210402 216571 246496 222121 211907 231297 242250 252456 
252466 228985 260876 236530 241110 247781 225462 250542 277682 274345 243924 249500 244714 258606 250118 261509 246876 240184 251910 253032 285808 259500 261754 265059 245533 264681 264509 250780 247087 254245 241733 257046 236018 230079 266148 284398 232883 277805 239318 266700 274715 227468 276575 284626 251399 276257 279462 232042 257299 252499 290566 250890 265359 263690 274536 248150 292429 214911 261470 240813 240249 276627 230301 259455 275177 275910 271697 243689 244733 254970 225341 285769 269498 256197 248469 254929 257588 240622 264690 256408 235710 260402 247140 274767 277684 238391 242780 251182 239373 248160 266229 271201 245168 265579 262585 261088 227647 259662 261837 271905 
248539 253823 255322 255447 247167 261031 232481 254066 274681 300849 254509 243326 237518 284592 255278 250250 269152 264220 275016 276645 285051 268764 269054 274756 251401 294542 263552 268421 260918 270643 238870 271809 247992 262679 282355 289129 261272 277885 266200 288609 258609 262662 266603 290300 274281 271548 302679 255461 262692 273667 294665 261996 264315 261132 271638 271167 309473 222276 258365 247578 260771 270448 234039 262499 291363 276984 279041 253802 253375 278653 255527 297445 277187 264035 256127 253906 270647 246289 272867 270000 246491 251314 267002 274588 290766 250041 254136 259343 240313 246750 264183 275528 246139 254042 279635 274400 255948 265127 275690 300032 
193869 219037 235788 210178 224003 248397 217141 243535 225563 238590 217134 216562 220442 244294 214942 210242 234132 232419 232986 231509 259484 224857 244402 233308 209825 246903 219571 241993 222028 234282 217597 232358 207292 224427 234858 260650 235874 254201 212446 237985 241686 210915 250045 257318 236931 239806 259717 214047 238753 231768 247173 235215 222618 232437 243264 230393 266701 196602 235709 198413 210463 245367 211267 230084 255529 245470 241899 221437 222925 243575 214226 252332 231006 220657 195677 205819 217166 209608 239543 234831 218223 236398 223357 239559 241441 222736 220643 229349 193220 220015 230660 231781 220934 220811 242381 248205 215119 221702 231125 267879 
215940 216664 237961 217837 222548 240478 202195 220499 226283 262673 221965 212947 209811 249346 222261 234667 228919 227671 244976 222740 252619 233708 247867 238375 197710 241492 232937 235311 234944 244602 211836 228966 219466 207369 253067 241826 221082 235185 236264 258672 245079 221241 237147 252046 241175 241475 264459 233383 232553 231858 250223 230577 234132 232516 229560 238519 259181 197643 235154 216406 234065 234463 204124 224277 254166 252861 239164 217093 216570 247508 225198 257501 256621 231204 230901 227215 239334 229863 237436 239606 222202 236685 223392 235140 238504 223535 233924 235619 211559 209123 234460 253331 212820 215072 250247 242894 210585 246281 230784 262739 
222315 225050 246146 229423 238767 250417 215450 238701 236175 264737 241655 231125 230499 261984 240764 238512 237609 253334 246595 240514 258923 235735 257159 252430 215220 282447 236679 253916 243201 244670 235726 243492 231457 227601 257383 273740 242780 264423 254513 249565 250468 234782 265397 268198 252886 252882 276180 234562 237981 235084 267773 245256 239302 238230 273638 258977 276566 209152 255686 213949 232474 253970 219758 241375 272119 264963 250358 218613 234984 254108 226337 253998 255157 254739 233549 221916 241759 220370 253366 260068 221642 244200 244254 244540 252805 238531 223596 256183 236111 234363 247495 253033 234056 220780 256893 254888 225876 252513 239439 277032 
232820 237706 235296 237748 225178 244066 224021 240984 254650 275714 231632 240715 232419 253635 225247 229324 246574 249124 240221 251964 275506 243970 249499 253452 223733 275886 250448 244256 224242 243157 228935 249730 230416 227161 263870 283322 236794 252158 235054 239993 244203 228514 256889 269026 252470 250137 273925 235497 247566 241615 275410 258128 253853 262064 262990 247277 292480 223976 258128 228325 238780 263967 225126 264239 267630 255126 263840 230868 229119 250232 240426 271514 256004 233162 244198 237831 239779 227083 261539 241695 225740 247950 235083 269506 266074 239347 215994 238478 229966 231591 248728 247845 240324 228233 252566 249866 241283 255522 252432 277001 
216432 228752 242446 243372 245151 231648 209903 237991 250177 263643 229009 219864 206900 264484 238496 231277 227072 239180 241470 257103 267660 243736 253602 241805 220041 267439 255065 233125 230114 248051 231559 241756 230577 210046 251971 276197 229846 245655 223566 249671 246407 222523 236650 264653 262986 268644 270060 218996 243435 230111 273579 242856 232967 256918 260387 235140 273484 194596 243730 229071 228156 260477 216620 256115 252681 248677 256534 225677 231512 242326 216846 265240 256643 232184 243945 244135 238322 231982 261828 240672 221926 237858 236204 257881 264525 242513 220962 236966 216941 228188 242784 245278 230473 226239 261479 239523 231347 246703 248882 258770 
208293 207510 233118 229271 218053 217646 201301 215698 231440 233446 226753 216712 197666 238240 213560 219625 220173 226577 230631 233856 241882 230938 227508 226955 219285 245233 216693 214002 227711 216396 196640 233797 209474 208579 234899 247296 221829 216918 229563 238857 224223 209897 220317 249813 231908 233370 244699 212004 220613 216339 239218 228115 206447 233389 238506 236390 262979 181124 218765 201026 220525 225255 211736 234854 242514 242001 223086 221858 211241 227624 216694 243046 240529 213047 221297 221257 229430 213738 231240 222546 199109 222208 221865 230895 249640 224605 203283 228786 197431 210357 216495 233759 206519 217424 237117 238398 209797 223796 237989 241362 
232910 230840 257551 252947 247335 265429 243019 267374 266938 271657 246226 241263 225077 273181 243282 247150 261093 257841 244929 256104 271481 252206 256927 264093 243415 273390 257678 243738 249134 253129 219452 243184 235845 228612 269289 283250 246239 273641 251429 262076 256289 247225 268855 271478 270283 263904 286812 228814 272851 255375 289844 247674 252262 257441 264488 260859 297887 214279 256888 243332 234468 265625 242406 260442 274448 278228 257795 258474 255860 256177 237957 272084 265509 240062 233778 241579 243412 222444 262523 253569 231093 254538 260408 271815 285071 244656 236116 254131 234929 245208 258214 259048 242203 246093 263217 270670 236986 241912 255732 276413 
218310 215568 235825 212532 220039 225505 200477 222378 237148 240150 208362 213011 201028 248998 224882 228875 234176 241104 225739 239601 242232 209640 227982 229597 210475 250668 219050 236344 212918 221902 209907 227948 213677 218880 254672 245649 217062 243221 208922 240392 230478 219541 226115 250079 233858 240054 244836 224135 223206 227238 247952 231648 228553 230888 243572 235627 269607 196069 224870 209447 230898 221430 202210 236082 251745 243302 245006 209351 221557 241765 231386 261430 230956 241188 231327 217213 221811 207600 237875 241832 214792 225135 227317 237402 244878 220037 222986 215933 208479 220495 226594 226004 222918 199664 244548 244796 225284 246583 232828 262193 
213987 208373 237024 228205 207281 244083 202518 239851 250255 263337 216681 221846 208353 257370 233434 244652 243264 252571 224927 237338 242877 245549 241782 226026 216345 260975 222880 235337 237475 229872 217852 236091 221283 227785 241808 257558 231006 217917 221820 256716 229049 208864 221070 251014 244310 260604 257853 208774 241535 227732 266359 229304 222158 235477 226463 231419 271644 206968 246149 198698 236600 236162 225894 246654 258682 259032 230309 208033 228180 239135 217825 249073 260131 228485 220359 216679 237813 211567 245689 231407 216391 240467 230449 238913 243893 215452 218021 234301 201946 214071 229940 246681 233864 222549 239756 245170 236852 234986 247177 273004 
221244 234694 253289 238315 242970 246593 222062 255336 248985 262387 230514 232918 231884 264022 236121 235890 262863 262947 240959 244611 264625 255932 243419 238614 229621 263916 242669 251597 237874 250125 227749 259843 227218 229054 264084 263430 258422 268305 231103 270965 255350 247609 265166 269052 257864 249065 284024 240386 251200 247270 266951 253554 257758 270070 261523 238348 271427 216498 246294 213029 246798 254300 230053 244598 276193 270654 257723 224239 233168 274105 236134 286892 255066 248364 243387 233751 246512 214610 255825 267276 228430 245652 252189 263064 243261 240968 231950 253725 219445 220540 244138 252487 257301 232242 259629 264710 232751 265186 256277 288550 
218754 233747 242171 226426 235326 242759 204681 245508 242798 248628 229561 232945 224833 263345 244352 232119 236856 241685 241251 242077 258574 238269 248746 254329 231631 271050 235334 241820 242731 228167 229001 227391 234457 223037 254370 250661 234291 238154 243614 256789 261503 236424 262830 264687 247481 251771 275300 226692 236263 231398 259195 246103 238797 244244 246620 239091 280246 199192 232713 203280 240056 259007 218031 251998 269236 242051 240987 226183 226398 265911 217038 261365 259056 236430 235794 224698 224691 228232 244290 248505 227596 249062 234070 241297 257008 239403 225993 241310 226110 224762 232509 241982 221240 241329 268021 244563 214175 251845 245762 259211 
226833 234871 259418 241880 254654 241182 230890 255556 259789 270480 262127 245301 241549 273010 258564 256818 263914 272654 252895 247621 273107 258802 258765 249844 254123 275506 242700 248714 256652 247219 221427 267958 225438 239473 273470 287890 244365 273598 243190 279583 258489 241093 255679 282211 257303 274078 264824 230377 266216 254905 281164 249893 251864 260091 268440 265831 294487 218522 250983 228605 249131 263758 231007 244641 280473 274474 259615 240003 240910 255260 221483 282947 271666 253696 233728 244484 235903 252007 246024 247063 255462 246759 254506 268806 271866 240656 236567 251824 223818 226415 259953 257107 248932 252180 271371 257030 247017 247485 258603 282756 
229886 227735 256928 230076 237269 253987 219582 256044 250224 285063 230881 232574 243094 264283 253989 236310 234111 255825 258049 231708 271920 249810 254018 243587 219287 266315 233232 268338 244084 259746 239341 256186 232297 246179 282573 275818 238702 272484 230022 257839 245109 226296 256701 267332 252894 252322 272023 227928 239737 248942 271396 247087 246799 261659 263428 245421 269823 201059 246036 227903 245576 264869 227186 245200 267963 274125 271013 232046 226345 258934 220064 272142 265164 253210 239029 237076 258003 236034 264358 248596 238713 237931 248739 263375 275203 228998 230954 237730 231414 245266 247199 253382 250562 239489 249018 253622 223839 245493 254079 281752 
266133 249398 291067 277042 274825 282399 245156 270527 300342 299754 285011 264791 257713 293988 267283 268767 285246 280314 301410 294817 310995 290946 285645 290019 256958 301091 266682 276360 293413 274534 252618 282068 263631 290494 298883 301837 292935 288921 279650 318544 287058 268143 289624 310427 299098 282512 315834 265122 290922 282511 322226 278964 265948 286642 289998 278159 326556 243992 273810 257577 269115 269939 253516 273513 327925 321223 296503 280435 262807 297893 256704 309412 295748 279141 275627 283328 289904 263471 285212 310844 270757 280163 295464 270149 309690 273438 277582 293944 238405 257586 278981 297956 272919 260914 294306 295853 250410 289483 287382 316180 
238774 235939 243687 222973 219809 248621 209686 226781 249521 260507 218253 235528 217474 254402 225504 223396 244859 230223 235343 237697 265713 218651 232702 238494 224726 256615 240080 237555 237403 221531 219872 231054 228918 235441 256343 257845 239717 238083 239160 263395 239278 220021 260565 268590 244515 244389 267215 223827 241298 222262 273421 233041 241584 240979 244490 240363 299167 204642 234432 214190 244293 252361 224230 238672 269699 259062 249963 224190 240322 251661 230478 269260 259907 231021 230611 223888 239300 231373 252809 251090 227637 259977 250978 231178 258437 237387 227088 240162 216077 221646 238585 249873 224480 229072 250213 250107 218221 249126 251278 267559 
231328 230531 249177 251429 239948 266170 235417 259678 248587 274483 244949 228372 228976 263469 222351 256319 267509 272553 260784 240705 271532 262649 251641 243869 248838 283504 259490 257100 247618 242292 227526 258995 233795 239546 268905 276410 238975 282532 246505 262484 262834 235581 268845 272985 267921 257490 272749 245843 246722 266351 288516 254857 250212 266028 277083 254779 289626 221722 250388 225558 256560 254871 225777 245684 279350 274444 280474 250755 236552 251726 235118 272561 254770 247730 241018 227912 243947 231759 245320 260974 239166 251511 250803 260441 279899 247227 252033 256295 217397 239714 276931 264077 246478 231959 263740 270601 226319 260551 251494 291213 
217128 225316 242254 225707 224506 245842 209994 238243 243542 259604 241440 229529 226899 254215 232018 211650 244086 232274 249180 240094 255452 242095 232031 238199 232907 259742 214631 254359 238161 227649 207097 238246 203867 225531 258017 271242 245009 251861 216547 240016 239709 209589 250553 260323 246710 242095 263912 222612 227531 229154 257478 234156 236606 229637 249235 239871 260889 195732 237078 203577 222526 233203 221690 232480 254810 260331 247127 225700 213790 237158 222636 267627 237674 223915 231020 218535 233940 220435 242475 221212 227856 231518 230888 240529 243377 227266 229437 236003 214928 223900 228519 250088 225722 225973 233505 253844 219854 227697 237271 255139 
232850 222149 253378 231982 217457 254219 215815 251381 255908 268521 232231 237938 228122 252674 239097 247363 234976 257055 245214 231581 279089 241716 251900 253005 233219 271499 235321 242415 233770 231544 217947 243647 228780 229709 254603 275161 234176 255940 234801 255823 241110 227287 258229 271909 254042 241438 268048 235007 245997 242334 260980 229041 253838 242852 267793 240976 267370 209736 242993 226755 236497 252233 225254 220771 268327 259303 255526 242522 228862 259969 220359 248257 249497 239761 213632 232047 232221 232886 236679 256373 232678 243953 235265 267450 270110 237099 220212 253790 232083 221695 245848 241102 226696 224394 251718 249873 222670 230932 237435 265391 
209208 214078 231374 221407 221640 230639 204718 213095 246017 241130 222145 219728 220144 230871 231801 207846 246417 225150 238440 223318 241517 246817 232363 241651 205799 263817 221333 223991 228453 229125 216314 228034 213064 214611 252682 253770 230396 243554 229731 244015 224853 212619 240445 261198 230988 232718 263424 224185 223143 243491 247424 230592 235189 242493 242175 239729 264665 205277 225970 205934 237959 234047 218579 242936 258492 264497 247582 213816 220201 244873 207620 260198 247133 227739 231632 224865 227555 210164 238124 250512 215834 230699 229172 242508 242236 227012 240229 240989 217524 216446 221817 244791 224524 205077 237689 235238 205711 250265 240331 255333 
242775 236204 259498 259364 251258 264649 244109 269201 255535 268209 255184 252256 239826 290959 269287 240898 272809 270740 255171 275688 270096 261923 267509 271408 236698 299303 242723 264236 261926 264550 226080 253883 252036 246339 277461 290765 274024 270123 278611 292318 276602 243840 267357 306677 266697 272303 302342 238830 257217 272523 284313 255845 255927 257930 275056 258847 294306 233167 263496 233917 259540 271105 229937 256157 288924 288708 263139 258704 250797 286778 254972 281666 284805 246945 247538 245145 266115 232140 263642 260626 246987 256898 261851 261787 281904 251858 246480 273888 239063 238973 257555 277810 253395 237390 278493 274498 234557 260406 251739 284957 
237695 225204 250602 234302 237825 246916 226334 251694 248505 259417 248000 228159 237380 276523 240028 239659 259028 258600 251460 233506 254799 249129 244223 247452 223193 286271 223777 247615 238782 234380 217705 255169 228585 240761 265828 280270 252643 259091 251331 271454 261583 221963 248600 271036 259958 248749 273015 229456 230805 252943 275321 255477 247857 259062 259823 236748 272178 207614 230250 225578 262917 255008 224487 254158 272131 262685 268362 232846 239554 267588 236801 275489 269300 231981 235153 239417 248438 234907 246180 246967 244907 249175 241858 253401 274208 240616 238717 243176 216867 233496 246794 268911 240902 229669 267388 251924 221666 243632 243808 283173 
247558 242863 266419 251325 245105 271358 233530 269140 272356 277772 249386 254118 254177 282653 274080 255263 258438 282383 264104 259152 289313 260779 265760 270097 242548 282267 256906 266289 266664 260432 251804 276903 256229 256955 284968 292336 259066 273305 255659 289270 267652 255000 277998 296688 265709 270457 287685 238378 260092 263133 300960 273916 260230 269975 284247 261587 312951 224639 260949 240952 273389 283382 242983 272985 299841 284548 277300 257667 251520 287467 243035 296733 277269 263073 249207 252886 271044 251290 274791 278304 258755 279802 271150 281798 294864 254926 255914 254905 236261 252104 265808 269997 264473 254342 277363 269472 249635 275548 277007 308289 
226675 228743 235071 241918 244450 233719 206020 247854 245119 260232 235925 248810 218719 271265 238702 233914 241572 255864 248675 249250 267571 239963 239857 245499 235084 277452 237171 242387 240803 237365 215834 237775 222373 222108 235647 258500 235355 255526 239592 268941 246302 236402 253146 263973 270730 251547 259809 231994 255380 241718 280479 238721 266668 269749 259017 236317 281351 218838 242986 226833 229511 247495 202757 251507 256720 265548 262798 223001 231998 268368 235960 269657 263096 239684 239721 231142 235061 219229 237107 249193 237219 250975 233807 254444 258447 248043 230789 239007 217331 211345 252258 252477 227144 225314 274518 243066 225024 251577 233661 277845 
188373 196274 254104 204497 220204 241632 198750 235461 231399 236248 217794 213114 203657 252673 228966 207042 224838 238788 228053 233084 242786 235428 232673 215629 226012 265649 222504 238612 227287 216694 208590 222233 218038 228066 224590 237334 219057 225465 211370 245245 213973 218570 222664 242516 245431 242795 265218 214827 214213 211409 250915 211453 206590 224769 214821 225870 251362 180991 225879 198984 216720 222903 206027 231525 241863 231734 236569 213721 204536 235503 208863 232981 246591 219289 214815 223356 229099 211378 234298 240951 211226 234285 224137 228266 233612 222259 218030 234576 205674 222969 232582 236855 217167 213780 232451 227078 207264 228177 236544 254131 
213178 219766 234226 233629 218165 233816 192790 220709 229266 260099 210231 226708 204865 247323 237867 224756 222605 220623 224192 228829 254736 214347 219543 231198 214958 256267 232593 237288 237171 231164 211294 226370 208640 208994 235200 256706 221008 229119 229613 243530 216412 223999 237010 257154 233884 238558 252053 220003 228997 222362 260859 224514 232268 226153 240942 239094 278666 191987 240445 216027 220415 234821 198419 234034 246842 259215 245597 206028 219120 235859 230702 259227 248276 250270 233271 205367 232447 205155 242953 225699 208478 223311 231816 221002 250585 235162 203314 232025 209792 207082 226325 237474 211007 218357 253432 235784 230474 228815 244065 248579 
212405 214075 227079 207840 203812 231736 212368 222212 238722 239955 218781 211883 215516 240255 223336 217440 230668 233744 215412 224578 254075 222608 227454 222425 230375 262973 224976 229894 221351 214697 206283 216718 218559 227551 220494 241647 216630 240764 211512 244493 226636 230042 237314 252160 225733 249911 254002 212640 222515 212399 265064 235051 214647 235314 238606 229028 269774 199041 237610 213049 221628 224268 203791 231701 259451 250048 235273 212200 226724 228925 212331 238897 244241 228362 210039 205159 223799 206891 229120 231109 208268 243892 228513 233474 247833 230833 222553 219203 193508 203560 214725 236031 224703 214140 260530 228030 213824 232471 232689 257042 
216668 222083 220977 244503 220089 239087 193235 220893 210706 251720 217360 222371 216310 245820 221383 213374 229557 222229 240454 228156 242008 231547 238434 234181 224508 252833 228805 245239 249745 237361 228323 243187 198387 220110 231939 248927 231891 229130 234651 241698 221184 217904 242550 254898 214641 235666 268976 232453 227639 217009 247911 216072 220222 232928 237479 246844 262747 192884 223029 219917 227872 244517 213437 224405 251991 248689 248740 207711 206056 242381 215720 253678 249499 229507 219415 218054 239191 208214 238087 233984 209842 234692 220663 230231 229287 213234 211147 238763 207392 217256 245616 223485 215046 230514 230722 235759 216939 229944 251024 266697 
205338 206158 235350 213326 228737 240162 209687 222993 249112 244782 222266 221202 224405 242941 215056 221446 227942 224793 234397 224625 247123 234809 228026 229971 220701 256510 236209 225169 211921 234972 212642 224880 215182 215935 240430 239060 223114 244333 223531 248859 243875 212917 232278 255509 246968 243286 252986 205789 226430 229555 260913 227649 227905 238188 242183 234427 269051 194049 217802 216106 226902 248773 218841 234114 248974 247033 239901 235116 220262 231864 202261 254127 263117 229113 216112 233912 223577 216364 220396 243169 232003 235026 221304 238962 250410 234242 208229 236931 217404 214097 240263 236850 198034 232547 249858 240593 219219 245876 240419 264752 
243027 230960 249738 214594 219939 235338 215736 224744 265117 273401 243718 242942 230673 256808 241240 226420 253516 242560 251402 253162 261264 244438 229845 264022 227242 268650 225504 235169 242757 235434 233733 232996 248225 229486 259259 266475 230580 259333 247080 251852 260257 238304 253844 277061 252694 266196 283659 230432 244303 244962 269242 257071 242698 264895 263370 252844 272822 206063 251812 215716 243772 253270 226012 260101 272226 255930 266332 237592 238080 252132 224247 271255 258687 222345 225669 237801 241773 235811 256918 248977 221740 246733 241571 253755 259263 213696 228488 241414 228238 233029 239291 272541 216879 231854 271892 251661 209715 240998 247643 274994 
226496 233476 232475 245400 233025 248579 230996 258575 253334 265984 233089 240411 227904 251290 243554 245765 264067 251839 232618 244831 265185 253480 258917 260596 221487 277007 251657 242586 249052 243571 226870 259055 224137 237313 258480 269184 247355 261128 229534 261141 266696 234614 260381 278782 247278 252616 276321 221430 239959 255783 265241 245679 260221 250782 254841 243273 279778 222933 247327 209572 241833 263451 223653 248773 274053 266219 273827 235310 259540 247358 233710 267338 263934 247057 237152 225607 235585 222896 247385 256074 242287 249792 244885 280414 270408 239494 236905 245579 210394 244339 253925 259792 244159 237964 268248 256883 225101 259786 238365 279146 
210293 224349 252597 236673 219513 240071 224583 252191 248724 253317 228207 254750 236009 273260 262505 232250 259359 242385 250490 247972 263340 243093 252369 262074 213743 272628 219975 260217 242350 226905 231805 241287 242150 238481 252617 247894 245622 257734 238464 261723 264250 239231 247822 276981 252380 240183 279208 223559 260683 253511 258535 242329 232856 247450 250813 242235 271022 223541 240976 218446 240687 252537 214490 253280 279754 260382 269079 231858 227172 259660 237085 254361 260990 232541 228973 231047 243099 219329 237667 252109 228624 270630 256425 259205 257508 234790 235747 244662 224282 224005 247600 258667 240972 236182 263845 267818 212137 267294 238052 281648 
233175 240683 257002 236677 250980 255411 207226 258121 234965 280441 218331 224688 225552 280387 252106 258189 225914 249777 241644 249648 281642 251595 263141 237607 244281 262816 250290 250718 247307 242051 230780 263548 233967 238548 264906 262896 250008 262915 245782 262365 253137 238465 253056 269613 264763 262162 256698 223648 243598 265172 276662 243231 265239 259667 257153 253015 297726 205448 230150 244157 239607 266784 225442 246247 283986 270514 248342 239558 236597 253547 235564 279307 263484 245288 228063 234126 246705 238211 256386 258561 238775 254489 252641 256656 276745 255884 235510 254591 214099 232168 252453 249121 229497 252189 261076 263857 241944 254157 266034 285484 
212560 224569 225620 232343 218155 224495 197095 223649 238663 242992 218605 222154 201957 242047 225041 218790 228930 222134 228070 229293 239871 213257 224297 210802 209420 241068 219919 233679 227978 223508 201060 230521 213831 201954 230046 232775 208789 245645 221124 236104 228472 214278 220355 249221 218476 242221 245903 212192 215305 212565 263068 206202 224615 222479 233354 231335 254065 191319 230896 210921 209346 245964 210248 229469 236429 245969 239742 219328 206600 241433 207282 243298 239789 237035 207922 215897 217353 207859 212109 237574 203607 234062 216613 230992 222607 217816 208796 221529 213160 212126 234136 220365 205770 234826 234560 228965 220826 237321 230872 247075 
236046 215751 252046 228723 233759 237682 204153 247320 256108 269019 221182 246719 231056 253667 239291 243497 232067 239207 238861 243991 275181 240593 257860 245745 227459 267806 249355 253738 244951 227697 227552 246463 247773 241657 257793 259620 221135 246786 233677 255766 250408 239942 243189 275369 251127 254490 270859 228893 245287 245978 276372 233557 230216 238236 267584 251182 291573 213948 250622 233137 237886 232827 212734 248057 270003 258093 259364 222507 229202 255908 217754 268873 270056 237422 228125 236326 255722 236357 251038 250797 229145 252883 250401 257060 276228 236470 222950 246494 217825 231284 232166 247428 233553 249120 259636 252006 252764 253253 246406 280594 
206499 218926 230121 221846 231776 235397 224521 232920 238302 245826 224603 221745 214994 244003 203610 218516 232872 229607 234398 234399 253639 241910 238456 242119 200693 265243 234786 234857 222363 232629 194976 236196 212640 224544 262081 263504 228872 239230 226744 243956 250910 220969 242607 261343 235447 241714 260668 214431 232732 242859 265659 231003 231375 239399 247607 235460 267426 211613 230258 209262 220257 245160 211514 243838 258265 249490 251349 216674 219899 248598 219694 260360 253977 222309 226281 223446 241745 211380 224786 232072 231664 235293 238092 243117 266215 245543 229728 214976 205482 219723 233182 230111 214538 219807 258590 248105 229808 244245 238497 266066 
236840 232231 235983 219775 231629 237035 223958 245010 259285 263258 246719 235561 244154 264728 238718 238094 259373 257800 251231 244554 275736 255261 253651 252134 223573 273623 240796 256969 248482 263566 231019 249781 247448 224933 258368 270386 259141 266579 242729 267223 249367 241772 253237 268172 253139 251681 283983 223359 246210 254488 281259 254194 254958 262464 275270 262077 285605 218130 266829 232753 244589 247155 221205 255556 274932 267201 261843 235745 233664 263697 242418 271126 267227 253899 249324 242946 247360 231920 256853 250549 236179 259923 259220 248832 267886 234255 225089 249691 227094 238762 249554 260589 244917 237839 250984 241762 222389 244554 238336 287617 
204201 236476 255776 210159 226207 258460 221150 235661 247137 262783 219102 218531 217953 263111 241768 247001 251347 239336 243331 231048 263202 244762 266106 254256 232509 264507 233962 260079 233639 242475 226769 234439 232395 214527 248006 271630 235130 263264 232558 244133 250463 230365 250545 256533 250928 268863 243111 229592 247243 233033 276017 237808 238976 243307 248056 259301 286202 214210 229569 209725 236319 254305 226940 248248 265378 258778 245744 225991 235543 247334 224524 259818 248305 232122 215284 219731 224825 231640 238781 246845 239468 260420 251495 245892 269342 246086 241177 242224 209067 234682 243246 244939 229471 235849 257386 263166 231826 238399 256503 277709 
233278 227339 247664 233724 244560 271282 211699 253715 252675 250885 244994 223624 227685 267833 234445 227654 247737 239305 247571 258415 263506 241470 239723 246695 227612 275480 231578 240714 234797 239505 223728 245715 235986 240984 244909 257244 257100 258440 247279 265818 263438 236670 247317 267109 249405 254594 282881 227566 230995 250721 261199 263600 228323 238223 254378 250491 267482 204176 230297 226398 229655 265773 234565 234574 279498 260313 247034 231354 237416 241195 235275 257886 252616 234280 240572 234366 222908 234941 243080 255792 237924 244390 260046 230134 248238 246218 225415 236842 216072 242403 251780 264315 219200 235617 278355 249674 212024 247755 250942 273750 
252435 246243 255992 261372 246762 249161 210465 260051 270877 282319 259871 255903 254267 281621 255663 247816 256825 255599 261591 264989 283783 260186 248536 250385 254979 278909 241214 251549 250257 250100 237187 273908 235128 267040 279200 273417 251452 266643 243435 278160 258169 240943 261121 298773 247084 260194 289946 240525 249084 254089 286470 274063 256106 258576 281546 265862 282193 218509 261638 236487 251722 274869 234727 250332 292498 289400 277649 237982 238595 263483 239402 286172 276976 247629 255496 238997 250238 260652 262353 267432 237606 262573 254466 250876 254489 254609 235086 256844 234735 239088 270375 261780 224125 246464 283298 257666 239849 260128 270507 286125 
245120 252406 258186 256929 239706 269188 231663 251406 269912 281581 258495 253776 236885 288236 257158 244010 258593 263397 268157 263135 273664 261397 254958 263967 249881 290301 258306 261208 255001 262111 225603 243186 226493 251426 274607 268099 258509 282875 259930 277424 268788 240706 271347 272892 273182 257510 300967 248205 262436 257333 303963 259323 264348 257267 265117 259524 285434 216946 259295 244557 255270 278726 231729 258050 272532 278886 276372 243321 253818 276145 256735 279682 273647 274413 254596 240677 262269 228387 246701 263670 239541 261219 264378 260549 278683 253538 239283 262653 240093 238836 263356 266325 236198 245659 278612 271910 228854 253476 261238 287448 
238910 223431 255683 242276 239506 244195 217841 224478 254181 272827 238248 220527 220484 255273 228288 221329 241345 256732 255053 240733 260670 250215 240056 248913 226985 276389 235296 238521 245370 231270 214644 251162 226601 237585 262364 272072 239531 248673 237717 251469 251618 225118 264674 269688 242708 243131 261713 248171 258678 238453 280250 243241 230606 247592 256373 244094 268487 211299 251301 226603 231321 227840 222264 245547 269507 265144 255457 248348 225825 244410 225280 284622 261876 235342 241471 236818 242423 231498 239705 249809 238758 247953 244127 237355 262813 232242 220155 250610 219828 231463 263449 256772 225400 212644 251797 267645 235338 247346 250359 271498 
240393 235438 273517 247932 256106 255552 210686 255221 255087 272349 239799 244447 232708 283162 261108 243236 263588 275492 268293 263361 276195 265693 267537 260121 238519 283994 238659 258202 253950 246487 227947 256841 243876 251284 260925 273957 252290 252057 252213 280244 253108 224443 268204 283526 262334 265573 289829 237733 261762 245320 276549 259118 244482 266088 264998 249622 299094 218654 259877 218425 241686 260206 215209 250455 278996 282229 270122 250418 244415 257618 262088 290457 276854 261282 250651 230918 250393 253030 259774 261596 236551 265530 252075 265960 282202 246911 236536 259792 222104 240608 254492 280628 238237 226842 279116 278295 235786 260824 259299 281510 
230635 224938 241430 208205 220257 230112 214910 231668 249908 264175 221954 233546 219442 263071 249285 227860 232066 251910 241037 230526 261490 232634 248404 240621 212715 277640 222358 227870 237357 225107 209798 234404 242177 232022 252443 255707 225784 244927 236359 265715 244505 235004 245280 276256 234863 254878 265325 235282 241447 235304 265469 239535 245948 241988 241108 241074 257251 204314 240043 214057 235364 236614 220414 242516 275183 252985 248112 218804 235539 265553 222075 243237 265671 224228 220699 232251 237650 219191 233252 257338 223695 246032 248199 238705 267629 233839 227664 246660 216506 215147 238569 250850 229545 210221 260112 255685 223638 237206 242597 265895 
218676 213914 249823 226926 244141 238167 209472 238075 243509 259681 234053 211789 206288 245369 245133 231197 223614 243598 231766 241857 244799 243667 249277 240706 213094 254776 234598 234487 242152 230582 212378 244413 211468 217964 252868 266131 222159 242430 225539 253060 237760 219659 231173 258125 243246 251060 270249 222168 233942 237836 245965 216753 229362 226506 244276 235349 270491 187008 242127 213460 233443 239047 201473 231257 252022 259484 234659 218659 222105 239144 219805 261577 243092 245743 225292 222270 229939 222322 253479 240294 210475 218377 225307 245214 261054 220060 215279 250208 206441 228678 213614 236603 217717 229105 239312 240957 214243 222835 230469 260668 
231725 245373 253655 242055 246033 264017 221444 267099 267010 277637 239173 242378 241774 292623 265273 246286 262058 269585 252675 268682 275726 258976 250459 267188 237632 298730 240377 267643 246333 259001 226969 254721 250781 253933 272559 283667 263566 269936 255333 275065 259145 246206 251779 294888 264828 268017 288902 229820 266775 258378 288891 268871 258070 271426 275067 250911 300951 225688 263127 229817 259110 276760 217727 264622 287560 287215 269793 249902 256812 263213 259158 279486 275479 246171 247698 236911 254697 244307 275271 269174 244711 265718 260304 262732 279456 257139 237049 266085 241217 236995 254861 272055 242532 228734 282582 272553 236982 271709 254672 291428 
226302 234342 262458 244251 228273 256974 204130 260302 255762 262259 239937 229707 220276 255212 240315 233142 233820 256045 252488 259848 259190 242869 244162 235830 223863 264904 237638 242671 256364 246403 219706 246592 240141 234756 259308 265484 240770 254341 251054 264955 252568 224324 239442 277133 251489 260201 256448 233403 232959 247393 270338 250373 230052 253337 259903 258081 286358 205092 251312 206033 245001 262902 224186 258151 261068 259950 244600 226130 230283 254738 233757 257453 264576 240211 228611 225145 238106 242396 256249 243772 233025 244441 239847 255619 265083 235880 226521 244837 211236 222258 242118 269344 226553 226086 254074 270782 224979 245713 246411 262946 
231474 217529 215679 210736 216744 229701 202893 229336 240852 242573 220244 223089 214421 239670 230483 221736 224927 235255 228179 226305 242639 222171 234515 247008 220234 247604 234668 222147 213155 213712 206177 223618 215168 201065 236601 246396 224845 241899 226672 229015 230973 216565 241393 254067 234776 242783 266628 227029 226091 222266 247291 234623 241281 244665 253217 217583 257849 196320 248210 214824 224846 229103 197861 240908 256462 242006 240082 217893 218841 240482 221437 251291 227549 235146 218058 212220 213293 206108 233806 240555 197289 225027 227368 235058 231909 220515 204022 240003 214933 207906 228664 248950 216010 200749 246382 243093 207491 235145 219450 251038 
216068 221964 251673 218496 227335 244417 215824 248089 258296 268045 236479 226259 230618 262774 243134 241690 245101 243742 237423 228648 252712 245409 235263 250105 237142 266656 242605 249045 237340 241035 227976 228252 240444 220368 272144 266564 236818 268782 235979 256214 256533 236706 244512 280866 242414 258274 258174 232423 248937 240870 283051 244094 246762 244868 261543 251112 273846 209344 254246 220325 242454 255296 214530 249275 281083 268788 251021 223289 230289 252255 225549 254264 263397 239076 239092 236524 231280 238956 250102 246304 229298 249344 249970 233571 263081 233154 231463 245087 221437 217455 241489 249916 220141 236595 245868 246429 218063 260448 248771 265825 
264839 259301 266571 265492 251366 273216 221086 280389 276669 303536 263477 261230 242061 273494 250113 263961 264494 280226 266177 258177 291471 281637 271744 263012 257426 296127 279455 271581 258653 271376 234464 281037 238867 259185 294160 290526 276462 287313 260514 283200 269902 240669 267926 292100 275031 272594 279564 249299 258359 287345 319084 272603 286927 281513 286112 257280 303589 234123 261145 245698 265004 291551 253364 266932 288998 291843 289897 248244 257133 290877 259464 287622 280680 262415 269494 258603 268323 256835 278017 275599 243937 268503 287032 285165 295336 275835 248526 265704 242688 253142 284411 280988 258729 248558 283784 285156 239133 276459 279568 294396 
220641 209051 225059 224472 211809 239522 204686 244277 253412 250124 205408 217192 226480 238305 215978 220542 214876 233157 226351 226576 252563 226277 224613 204415 194544 245421 234276 227488 224551 227526 204655 237811 207563 226441 251156 243359 220336 251958 213169 246136 232037 203642 230865 243818 230688 233233 252632 201157 237378 243635 257981 212597 231576 233619 226648 226529 237648 198788 241285 203490 208404 237094 202230 243213 243649 253880 250204 195547 207901 238095 216375 235707 224234 208777 212690 201290 236003 216872 228423 233713 200481 227561 238206 242447 241232 218652 215949 205084 196482 206863 230385 241405 216323 216569 237504 236786 225930 237233 229770 263646 
210797 230187 254659 223691 216659 251304 210459 241639 252794 248938 229692 225152 231072 260107 231473 234885 236332 242899 241050 251272 258327 245602 234685 242018 227624 253939 246686 247921 230146 240964 217087 251290 223363 242100 258132 266050 240942 258646 232385 263714 250766 224746 251241 259079 267030 250107 262060 216459 234479 252468 254584 240706 225650 243058 254049 249130 267890 204511 228468 220957 234671 253385 219844 246244 263217 257135 248770 224079 235261 237447 241574 263857 259038 230371 224590 242290 249086 231709 251293 246843 226067 236364 237451 253984 275552 226256 218887 235699 229345 246838 240099 248721 226540 242135 257940 262166 212761 246997 241810 260416 
207297 219333 247122 204417 202794 238174 194716 209312 233790 249766 218461 205824 201777 251678 238790 235071 226198 230391 229442 229700 253199 234810 246036 234732 215485 246558 223704 226031 213110 217198 205185 229583 216588 227552 239577 247731 220808 240856 225294 251380 238357 221514 235147 246304 227589 245792 248273 216449 211365 222012 255811 227432 220387 222683 234241 246097 266902 190861 236654 201812 233139 241116 218336 216457 251575 237311 238301 207508 228831 244021 216796 239332 239110 230492 221492 214037 236954 203993 241410 245059 207745 240743 225244 236140 252168 230380 224678 223593 216441 210382 220113 217635 227113 215097 242086 246325 206024 250415 247250 250759 
210046 205047 216017 204434 211000 215807 201391 221153 214922 238833 214009 218524 199147 238890 198166 206932 223598 228219 205446 215240 234359 212338 233462 236901 184608 241913 224601 234190 211230 228791 198882 209091 199895 215296 237081 239976 228983 238283 203839 230924 234155 193072 236084 264590 230050 231703 258911 205391 218446 229063 244373 219212 226264 241310 234876 207709 248326 184739 217990 203343 218490 229854 203256 216758 248584 229256 235483 222086 199550 242201 203363 241078 214735 219871 212408 202707 224517 191833 235784 230612 203906 227002 219222 230127 246437 213820 207102 229736 190809 205764 215364 217069 212708 211083 217261 218482 194623 225225 233418 260950 
199831 200494 214693 208888 209852 196992 195967 227793 233484 239590 221647 204032 203138 237890 202663 191264 226408 206480 223222 214212 212858 209039 201124 231701 226452 249390 204351 223923 216638 209675 200022 218489 190921 204714 231082 231811 204156 240316 217024 233138 227241 208843 202642 246880 224288 221383 232852 210207 210799 224117 256752 217575 200854 225982 240458 238459 240853 190092 209798 202682 212393 233476 215723 224856 235142 248506 226029 208695 203467 232053 207375 232225 241068 208160 215038 215425 215407 189016 228677 214905 200198 215998 211554 222472 241889 202904 202912 214059 201808 195699 207761 231769 205102 220994 232528 235922 198079 220083 230801 248602 
219364 215155 242943 238448 238796 249137 215953 249420 242813 256170 239497 239140 245596 253224 235794 238038 225604 251616 245504 232202 266131 231597 233189 237765 222728 270387 238636 234361 235650 226422 225566 244945 222432 228686 260413 252111 221615 256658 230476 245514 246342 235914 250867 263026 251996 243264 270766 222744 232737 249812 271545 241998 249520 253550 257566 249668 266526 206387 252206 228270 234317 253988 223493 249313 262392 258128 265734 230970 229761 245056 214012 258922 262724 252200 237030 233582 238396 223562 243393 248130 228582 235876 242191 256050 259270 235126 215678 231194 230168 230114 251558 263239 234696 237389 266200 256122 232501 258456 242267 265403 
214098 206503 232953 234072 212601 227870 215689 220985 237989 239309 225278 214767 217872 237678 213849 211265 235102 229662 237203 225163 228833 229267 232279 227977 216580 260216 223624 238473 233801 231872 199956 229415 207425 224643 260268 226333 225484 241073 230383 250114 243535 218820 224413 249597 234913 230734 267704 238783 217279 227784 264234 234033 207025 231504 253387 228960 259096 202230 224410 212025 225209 238368 209516 248606 252754 230740 254538 210321 221319 253471 221702 247468 242486 228297 211427 227200 231917 219824 235006 230855 225585 245127 230487 251393 245547 238744 220869 212142 214392 209114 241203 239687 207495 216260 250198 252949 207476 227981 248156 265727 
220539 223035 235047 226339 207261 242348 204630 235567 233773 268775 228856 222546 222931 258933 231495 235391 230901 251332 241672 219862 237713 238367 237028 252686 232673 256244 245032 253270 219650 226837 213812 243884 201270 224437 258963 265478 226333 251580 216338 251909 224862 202620 248199 263515 239288 245815 250752 229495 229005 226517 265179 236875 240996 258864 244447 244683 277297 206948 235994 220141 250376 257162 206965 239393 261602 252675 242350 230407 214922 242736 231470 259719 248402 238272 219518 207208 235824 217300 249611 234563 216331 239500 223658 247397 257107 231687 219004 238584 219365 211508 246541 236104 215469 224971 240397 260923 223601 242318 248027 267003 
202111 202292 234696 191303 187595 216442 201353 226155 235438 246147 209940 212756 203009 232050 234549 221272 219474 221900 224373 219912 239604 229451 224485 220167 203861 238804 216203 226660 210729 213622 200532 216699 209423 210350 243198 235346 223492 236683 207915 233812 228251 203086 208304 249990 229030 243404 223190 185788 221555 236678 253968 209659 224737 222002 218608 218170 255481 199540 224415 205960 226018 229267 203572 237387 245053 248189 233229 201623 220176 224238 209731 237122 254827 214489 208116 211907 217588 214050 214039 218398 213223 231336 210462 237697 257450 198026 218793 217193 203002 197383 211647 243850 211214 200992 227142 237651 212803 233824 222019 244287 
244223 244136 255394 246372 252135 271892 236451 274325 271240 277749 247133 248051 246216 270052 240550 256632 251040 256410 262440 251709 284598 253700 244220 253791 228777 276841 252300 256285 263444 267955 228164 263211 249469 236128 276785 279299 259708 280772 249694 277364 252717 247836 268525 281249 261413 254084 294606 239061 260283 267508 278311 243980 253845 251881 267277 259017 280224 216037 252870 235409 236197 276819 225672 254095 293946 288290 260775 242212 231800 281484 243693 264685 265075 254993 241277 248345 241726 250083 252637 259654 241238 259035 254445 259467 278564 254152 245788 250274 236368 244805 267369 267573 237745 249838 258963 253421 237989 235966 260387 285380 
231883 242324 253861 243096 238068 265647 219070 264366 267161 296624 249384 262244 245616 277551 251773 260401 259216 250140 260529 251225 277792 255974 253716 266402 253679 284762 242868 284056 252402 258722 254862 268296 242707 227968 276790 293334 248054 272183 239195 275156 271506 254138 267400 283651 271726 273518 270180 241589 272375 267990 303044 262028 275299 276169 275386 276061 304755 237815 258987 237063 256231 267005 253637 268815 290058 286857 273078 243213 254334 280123 236415 292617 273649 245156 248111 254974 262765 237748 277219 263845 253064 280141 257931 265558 280957 251710 247858 253725 245736 239550 271136 253610 251813 271374 267167 271683 258043 273090 271486 294149 
205115 212669 228984 216740 237559 233049 196534 230689 236775 239531 234901 234542 208400 248798 248624 237957 226376 245415 213732 233176 249719 240709 252413 234599 219008 263140 232144 226052 212758 220529 204162 226543 215870 216623 247420 255829 226968 240365 215993 244838 233619 222795 236663 257729 230923 248528 242983 215665 231834 239839 247530 230075 247360 243809 231244 234065 263928 209417 225821 221084 226676 244746 206440 231523 262175 251256 245420 214471 239732 228128 207629 259147 240719 221492 216023 212970 204809 215068 241603 245502 221702 236982 218045 260287 260501 223936 215504 244722 210092 207050 239815 239172 221018 214957 232567 242621 216947 243193 229279 256535 
219965 223597 227932 211839 196936 223938 217359 237341 238004 257715 212733 238537 230206 243841 210710 213755 235694 231662 234654 224933 252898 218852 226729 223840 213305 251398 232810 235734 228144 212533 210434 250336 218075 222683 243174 260782 226955 255028 213016 234809 231071 223270 231769 267665 235711 246607 260883 206362 234703 238654 267827 215985 243001 238893 249822 233647 265995 206172 236268 221589 225580 236768 220383 242136 259717 239558 245857 206360 203454 244439 220634 247067 250520 211895 206784 222575 244093 214782 221423 242767 215164 231279 237820 237342 239734 218394 199712 227329 210770 205397 224173 233452 217007 239454 229130 235952 230742 233293 234199 263830 
201088 202492 230644 220547 214414 230343 193891 220041 228209 237071 211745 204726 199133 242775 212980 212088 228554 224856 215389 220150 236248 220706 214033 221309 205393 246912 225704 219182 216475 207765 187613 225282 218406 217130 240982 236193 209883 223226 212705 234185 225400 225332 230757 260761 226812 233582 253801 202411 225729 210165 240388 232646 220991 229961 238128 218168 262653 179823 219630 187412 221789 233305 191185 222543 245558 242546 231256 207640 219155 232915 215020 236918 245529 201084 204741 194572 219497 207606 225858 224199 208845 220622 221807 235990 247506 231420 216232 221017 210374 203119 207310 234908 213765 209206 260880 245356 204511 233350 227961 242553 
249940 252936 268545 247103 263516 263393 231896 265200 267456 297760 249179 246032 248330 284435 253564 261573 261393 258418 263161 245742 291321 272271 272479 271158 252326 299725 262315 260512 268787 258162 232600 254675 248260 254482 292265 266202 251001 278712 262681 262665 275943 248438 284069 284082 271437 280394 306045 262195 262209 263474 290908 281195 253502 274011 290427 264280 299983 208395 269229 232819 255770 265647 237489 262990 295341 274012 278525 246094 254786 277620 242955 291911 271982 256455 270266 250439 266548 252750 271557 271596 252693 283373 264745 271163 289289 265913 248664 268602 235941 251122 265351 283862 244911 246241 280877 278587 237295 274853 282918 314470 
246419 238217 255672 242155 245828 253924 229418 267798 264897 275381 250093 257372 237143 277618 248965 253024 243649 253017 262891 250930 278875 251521 267536 261874 246350 290774 241826 247525 252673 251486 249324 254345 236301 231320 256392 286219 248320 269384 259422 275012 267522 222035 273666 279439 264111 276020 282337 240634 257849 264043 289318 257627 255980 262182 265493 258558 301532 219910 254241 243259 240459 274362 244936 251660 287553 271769 265525 249815 245886 259811 230153 278819 268361 253331 232025 256108 257287 245091 259090 263010 232952 258380 267281 248321 278078 244352 245538 265929 233166 230526 255956 276780 227627 253553 258419 259187 227656 259841 258571 271423 
230746 234473 242850 244499 221450 236504 214032 237286 262474 258271 223722 234201 229033 250659 244075 238648 234647 240969 219922 233042 262046 238049 242709 227526 239808 272502 253153 234903 239574 224042 225412 242452 236826 232538 256511 253882 232469 261451 237876 266066 240395 229350 269684 280088 248164 258371 266584 235035 238181 241085 260191 241270 248084 251414 260889 243024 276532 202712 246010 216410 242357 248559 212645 235777 271105 261840 242309 234772 249557 242241 221984 275985 263559 233648 226932 224868 237024 243562 251826 265379 230780 249818 240291 259107 259948 236548 230468 254946 214550 212125 245750 256598 216713 241050 259509 243958 225030 252858 244345 262653 
215276 220162 242721 237118 238809 239482 221969 240409 247161 265599 240752 238068 229853 260960 232165 238168 245740 247213 251809 243357 250671 249211 253626 255118 232868 274549 231854 248865 243359 229806 235173 254695 221387 229617 263390 258879 228966 240667 238697 262553 255831 241617 236493 258258 247917 253737 263400 229830 243713 240591 268827 237495 225084 238602 245863 256211 287571 209764 226313 215673 245880 264150 227209 242142 265555 257015 246829 222651 215513 254221 235773 264385 271092 245089 243156 242862 249101 222290 253127 251223 224313 253789 238650 255554 263667 237594 224603 249096 216632 225126 232473 249157 229760 251649 256567 266499 218692 264141 243160 284935 
240608 241274 253179 234055 228697 259140 223160 247904 258847 293558 237548 236583 232818 281255 247452 255492 241516 254547 265772 246904 276068 250831 255911 255523 238451 273713 251774 272601 256358 248162 236393 263066 232404 250177 273717 271207 240764 264071 244817 267029 266559 237338 261475 278627 245641 263282 269761 237834 263239 253137 286731 237620 252353 252321 253190 263696 299925 219835 246576 237186 250573 266500 215076 253144 285114 277785 265826 243451 220605 266598 238034 261871 271892 259190 237001 228914 254569 247844 256146 262253 242581 255978 246481 261203 286543 234476 238005 259828 227690 223329 251690 251830 231778 254336 263987 266198 236143 265821 270409 291501 
257885 251671 262228 258957 242544 265718 230780 243706 276514 298622 249335 239789 233209 282731 265101 265407 265619 279165 261949 256716 273030 259968 271567 268653 250823 296707 272951 262796 252886 255816 243598 267880 241137 245388 272513 292391 251442 276917 247560 281788 259187 254259 282363 294491 272417 273238 298580 238908 263066 261433 285047 257497 262746 259086 276007 269022 302347 225663 269921 235542 259222 268797 244527 262729 293646 289918 271565 245334 265866 267792 246196 295644 277275 264855 250649 231795 256960 240353 269699 269864 245660 258590 261943 271467 290192 260002 241013 274405 238983 256347 253810 261943 259332 246746 279746 276639 258952 275287 270193 289941 
225363 225819 233009 222428 247943 229781 216356 245080 244002 255062 237347 220374 221558 265031 238964 253970 235775 247527 240240 254231 283050 239552 245865 239226 212975 264984 225954 231195 233840 240937 222237 248102 225757 225089 251843 275286 241952 243345 239961 258579 242390 220427 255305 263190 243164 259792 270352 206811 242132 252445 261171 249926 257721 250720 249784 235317 289744 201307 241351 221771 241200 257933 213495 239369 273151 262739 259704 223537 227058 254660 225850 269580 239461 235456 240772 234174 239668 227670 250032 254007 228440 241856 238422 240453 265572 243323 245560 245345 217478 239584 236416 255598 241252 229077 257468 242101 226999 251057 248741 284784 
200576 207429 219315 201911 205002 230292 193772 224094 225114 237937 219477 211813 208218 238248 214955 209138 219688 240682 224753 222020 233215 234842 228550 214474 206916 240251 225935 216490 196195 217248 213709 229893 224784 199260 241147 239873 215355 245538 199546 233625 232128 209857 228969 240989 228975 236037 241064 198268 214309 226556 247877 230094 225030 254899 232830 226072 251302 191883 229022 200905 221467 238698 184635 231135 240595 236410 231769 202621 210701 228178 207927 233634 241440 211081 201049 210336 217504 209466 232590 217618 199439 223219 207774 233283 242902 215292 210041 232499 206878 201911 221877 223585 212592 200315 218986 232252 200089 239875 204576 242039 
209922 216118 244910 235181 229783 245908 211405 247976 241037 247946 233999 241291 238078 254716 237503 228852 227251 247422 228253 239739 262966 230127 238940 219622 223464 255820 228916 257527 240921 237212 220117 243455 225185 233063 263466 253093 227563 251951 239445 261123 239140 234425 248951 273149 251119 256094 259643 216756 236727 257907 260403 233906 233158 242452 247798 254718 277455 208593 244432 215663 233916 249075 217760 237225 258008 253383 231655 221637 218373 256242 233005 269104 250118 223694 220267 215379 258621 237302 248864 244458 229525 241369 252020 255136 258182 232069 234005 239592 211893 205017 223358 257990 222939 240452 245941 243429 231843 238755 235668 271343 
231114 239672 256062 229283 231117 237689 214981 247582 267472 279127 229930 236451 236804 270599 256099 236746 248933 249586 249471 249794 267912 254675 248311 253031 219219 283793 242934 252743 232816 260846 229720 247857 252593 245235 265618 264408 238417 265951 250696 264409 261218 227641 256172 278877 262444 270490 284728 229538 244377 264904 266333 244836 231781 263235 262421 252132 266237 208400 247187 213166 240293 261873 219568 257947 268522 268001 261162 231021 231047 253773 241870 270784 273383 240216 244395 244669 253454 241559 255323 252259 239592 246259 227193 276924 293950 236805 223497 257323 235998 237966 242429 269796 238004 235735 264108 258016 228544 253700 259857 283248 
235724 227868 246512 232937 221619 247198 188797 248592 250688 279059 228435 226540 221629 263784 240728 235494 219726 248017 244326 224786 242556 240079 250775 233949 222572 258220 239514 254881 235288 262922 208726 250222 230794 228227 254739 261141 241175 242167 235625 268035 228641 215430 243275 270086 248275 263500 266538 224545 238640 245599 271432 235215 243223 250135 249889 248480 266124 198858 246438 217834 234596 258668 228852 244297 254556 258260 235845 228139 234055 263268 225225 260020 261393 240426 232027 230729 241252 240998 247296 250594 220451 231529 242859 245887 260142 235049 214014 238810 229626 218100 252320 257818 227254 237928 250378 249638 236501 239580 265910 268996 
248876 231062 245167 240564 231017 231178 216936 238095 279522 280518 243909 238222 236461 263744 251141 242098 241287 243979 247442 248807 275258 250438 233016 240917 254547 273676 243200 254287 231749 247681 228312 257540 243209 248476 277448 263352 236295 262433 234718 275058 246313 234228 250725 270269 257986 254312 268515 234266 249161 263654 291225 263418 238834 253421 278807 252872 292123 209470 250552 231421 261889 255483 234452 254321 285566 260872 264235 233762 241953 264626 235489 291692 281279 253204 261524 254834 258083 247280 273902 246441 251194 257138 256363 266472 282189 251271 220096 235731 222567 244156 253997 257936 265414 257041 280091 260893 236362 250901 270379 277423 
223015 235593 233792 232872 234828 251053 221569 250956 246050 263334 228452 223291 225406 256914 232357 250958 249621 240420 237468 248197 260556 232567 244181 249842 221754 259012 232876 246029 238339 239880 220931 244289 231071 224614 249374 258894 237221 246034 239652 251280 238517 238256 237835 260853 246636 253655 264884 224611 243922 249640 276992 241947 247595 249259 247180 240825 283073 222563 228436 222869 244618 264849 231172 248639 277593 272288 239987 235005 239735 256107 237563 265682 255995 232054 230977 231644 235587 223679 247361 265693 222045 242809 254304 249426 268466 229323 241680 235334 217527 232316 241062 253234 229809 239666 254404 256150 225175 241077 248033 271675 
245893 237908 248978 245649 252987 256248 238508 263470 272659 273299 252286 243103 241438 282222 252936 265267 263402 249239 257672 255405 278983 258408 268451 271373 243719 273139 262766 251407 247940 250415 243312 263598 234701 232798 268525 287808 252052 277080 236024 267709 266844 244463 266459 286986 257682 281088 296539 231825 259534 259162 283792 256914 268659 262685 269845 258932 293574 218074 255508 243667 254178 269628 232538 260706 301923 281835 276958 251556 238473 255515 225061 285585 264910 252774 247770 252065 242057 241011 267802 261644 243578 254424 255071 273431 271126 241292 262405 241846 230352 241451 261016 274741 245615 252982 281781 252456 237500 280132 261740 279436 
223277 227663 253371 228332 243437 245427 215898 244236 248639 275170 242278 238282 230986 264809 243681 231067 235799 244443 242361 259905 263279 260989 256315 237324 254513 278015 243635 249920 242244 233230 216126 241813 230841 243658 277911 254877 235025 241107 238768 243257 243711 237676 234285 269965 259518 241569 264871 233058 238153 248850 261400 246017 235059 243206 256737 253629 293806 201425 244062 217065 232165 250686 214050 257911 268129 262346 246123 238091 219460 251055 231685 265455 264370 233361 239174 221563 235116 245884 256183 246854 222510 250243 236223 262317 258794 236739 216017 251818 208117 226350 252965 246243 220510 230528 256453 246201 221184 257515 248274 266726 
234244 234943 256290 232296 231844 257789 213340 232813 256449 274794 241828 245517 234664 265630 221822 227119 245655 252592 259274 247119 257635 245011 253481 263344 223209 266994 258922 229988 239787 258745 234471 249678 230174 230228 266625 270760 239319 261669 230457 266809 252852 237254 264661 278658 253752 257806 290412 246294 248530 247327 275457 255606 239484 260962 258754 248882 275400 204813 236569 226687 234104 251160 226691 254364 271232 268424 257741 222707 234661 270455 229182 261474 271566 235634 233676 243818 255788 236743 265768 252072 227666 241384 237615 253027 278779 245724 236639 256078 227175 221437 239877 261675 229163 225176 257904 265383 235065 249820 256058 257921 
206172 217778 244829 226456 208099 245448 204752 232686 244126 256502 235752 245676 230335 253360 233151 228786 250342 238795 235742 224807 249981 235103 234981 223525 213055 262305 225319 257668 235159 243028 223420 235322 219429 229134 250649 259448 241695 244633 218464 255530 238678 218750 251744 268049 257325 249267 280740 212659 232106 249727 261726 225593 240686 234387 238935 241881 274646 204586 229897 211264 226463 251497 217458 230540 263221 246165 256245 222684 221506 263004 213052 259348 230206 217775 218626 230119 233152 224380 249667 253640 221650 243639 241332 239495 256311 225959 233336 250633 219176 215354 256920 241451 218674 237111 214912 227744 210831 232326 247893 262148 
240251 228987 256384 244797 250799 260004 215211 258851 269169 283235 239151 237844 228220 275062 257706 264094 256209 271022 257371 257612 278068 253908 255270 259342 252908 275251 254801 254696 254442 249836 210700 256875 246143 247877 263620 266556 247395 273232 240037 279491 248548 251640 244202 287395 263972 274265 270598 235239 251981 252514 278861 258918 261274 277365 271421 240801 284679 208930 250094 223130 250096 262573 225296 259172 274565 277218 273554 255494 239430 272406 253557 277463 263480 252538 252686 232866 253852 235963 266780 288600 247059 253483 254293 274817 279777 242149 231076 257569 233062 235550 245668 261344 248007 246182 282286 264340 228429 267503 273376 296095 
213269 198542 231911 196550 207492 194535 195077 224402 228715 231413 199121 219322 218434 224702 213603 217138 212115 221306 220880 203695 250212 226544 234241 218324 196917 241156 206753 220624 219500 214887 210602 213169 201287 227304 232909 225347 218821 235381 206589 226026 231580 206221 226159 237799 231985 222201 245385 203658 223975 217578 244759 224592 209900 233519 233281 210370 252635 184336 217747 191809 209419 224658 200314 232472 242721 230907 234810 210290 202764 235362 193163 248332 236587 216919 210066 218392 223634 211254 224057 230247 194222 232493 224255 238308 246066 199709 215915 221414 186322 192921 208181 239233 217038 198622 240041 223664 194384 226554 222089 251615 
236437 228739 241408 232403 243325 259914 232059 255688 252494 278974 244089 234443 231782 280773 250637 247184 242684 248164 251601 246133 283622 254766 262439 256712 220286 284699 242240 240244 240579 248314 226020 238999 239693 227570 268664 273035 253774 262710 240081 266138 263596 241919 264366 278827 256868 248297 292632 230549 241997 252961 272789 267696 247513 258468 265180 253236 281849 203853 251400 234779 246381 256681 218098 243771 284315 264175 271529 260537 238845 263021 233092 267371 264271 248570 238250 235065 246835 229182 253754 252831 245505 254214 249576 253429 270673 262333 236820 265501 220106 228261 249669 254182 230468 224608 274182 256373 227006 258138 246455 288484 
223452 212037 246059 235006 217576 241847 215503 247582 240851 263909 231985 232211 221557 253741 233382 236372 236877 255969 232297 234593 259531 242443 243143 231852 213496 255488 241191 254558 237841 230639 196963 244192 217466 235738 267426 274800 238758 251535 223445 243830 243925 219772 249267 281690 238940 254010 274177 213820 239777 245125 268634 224084 244594 244748 264359 227111 260631 200629 244758 223445 233487 248739 222050 238510 261188 252034 252799 224547 220135 240844 232642 257501 247851 226745 236853 231143 244225 219341 240925 239385 236972 232099 244196 250464 276943 218837 219719 239557 215044 229653 248147 239532 237827 230630 218397 253143 225098 233615 247708 266716 
214008 231911 228877 214139 228612 236726 208476 237339 243399 267847 236524 230529 214950 254905 223465 222529 236049 252786 236404 240984 248220 235011 236358 235064 225656 268021 230084 236299 233960 219571 199793 241552 236593 216569 249167 256074 229420 250300 247318 235985 235190 218048 248372 260229 241541 254311 259999 217179 239063 226849 264858 229815 230744 230752 258953 237159 262923 208408 239267 193909 227376 232139 202153 229399 257480 236807 229549 212402 219324 249263 225349 241159 241433 221456 222352 208889 244420 229585 221824 236043 222798 227316 238336 244883 258946 228305 202415 245318 222175 224492 231299 244735 211610 223415 235007 245006 230652 234329 242174 264965 
245074 248050 263787 261719 247688 257276 229459 261659 270204 285435 256124 250763 244809 286962 263582 258750 260161 270875 249764 264459 256011 259096 264481 276753 225806 290624 272701 264764 255432 283832 237766 267978 245241 253827 276923 314290 264243 275788 253921 288046 274332 244443 264991 315262 265201 273172 294653 239880 264360 258370 295920 263614 268114 268361 272828 273182 287555 227212 256613 242126 264037 290803 242655 275387 278669 288245 276961 239219 262742 271751 252342 274701 274086 254286 254858 246116 259082 252009 268619 267046 234781 267540 270632 284115 307673 258775 248958 265713 250907 247147 260566 267681 237363 250981 270314 265196 259904 265839 279335 288743 
236899 252883 249875 263049 261933 274310 225609 272393 265849 288000 253361 261466 243803 271496 257490 258176 272520 271349 278469 259669 283493 263021 272561 276586 229998 290696 260491 258881 245118 268725 241588 272441 248184 239767 279137 288528 264104 262675 250894 275455 260079 232740 265576 290886 269748 284664 302731 251431 259167 258947 288331 269202 255440 268761 277591 256221 306522 225087 258231 229922 271841 281095 240884 275186 282360 268008 267972 246601 257034 290267 246056 297925 275374 253201 249627 251638 252184 243517 266606 273617 247654 264785 256941 282903 276604 263224 254476 270816 252000 249814 263243 270590 243201 237565 271923 273216 260554 275259 269103 296306 
196022 204297 232785 212691 220787 223612 200100 228999 221466 252064 209573 217783 204600 247740 223318 216341 223231 216994 234243 209433 232940 236431 225473 237325 223573 249699 214042 231075 233199 232735 203741 224259 218562 206236 224438 237103 209698 232184 202648 242577 225482 215421 227275 237871 237030 236436 236306 203865 224672 221661 256928 228803 211165 218587 220082 231575 260917 191184 216406 204102 200095 237359 192790 217778 245487 242662 238602 211871 215908 238701 203113 241145 245650 217681 220728 208405 232169 206467 232439 232493 209091 229860 216526 229185 251066 226765 212709 224926 182891 206183 229371 238426 214715 219299 235209 222566 202121 225755 230940 256114 
252708 243272 263066 246925 235309 249691 219667 258298 286775 296973 248168 241863 249931 264485 253276 230636 256812 254754 243172 266866 285156 266273 253352 248294 235009 278472 258881 261171 248709 264016 223484 258152 244130 260433 289103 281746 257422 271513 236297 260284 267762 230834 269352 290586 258653 264151 290398 231655 250563 268351 286846 257390 262769 273124 282394 259767 274381 208855 271147 224700 244901 270924 240079 262658 273682 278915 276055 232037 246221 262087 243782 278097 269242 234385 256720 248394 267992 246463 265147 250038 232883 235552 268531 275305 276053 251031 236509 246980 228320 244603 251623 273480 256283 255378 265886 274822 238093 273619 265791 284784 
200486 189762 209188 210329 205111 199993 195191 191952 214268 225944 196153 194651 196820 214498 204817 197361 204940 224679 217879 206555 218361 194266 192931 212021 186374 232472 198824 195379 206284 207033 191639 211194 199796 191580 218164 220296 195880 217790 196481 224885 205489 196865 210057 241954 205128 211970 238652 189077 203180 198370 233895 204210 200645 223656 212980 194505 236268 174618 199329 186532 213271 232182 186043 214859 221121 216953 225191 205080 191943 215472 198866 223767 221306 225626 208362 199008 210164 199204 212477 221235 197462 207536 219163 216903 242551 215843 188304 221930 184393 195240 201384 218384 190550 199246 217903 222888 194217 215767 224247 229437 
250347 224375 275447 261955 230631 271705 219987 271537 279773 274100 251974 251700 249528 279946 253260 253226 260930 259315 268801 272642 275940 268166 265551 261564 262847 285292 239474 274127 267942 256271 241348 263034 262875 266725 263689 273213 260547 279245 264778 288362 273106 243432 258301 283106 272476 282602 285802 243299 280507 263353 304319 252957 233001 271196 287862 263637 289408 228355 250737 231032 247462 266004 246596 269706 274765 278821 258061 248191 230347 266080 246318 281851 285962 249361 253061 256319 278923 251867 263563 273393 251749 260405 272067 258461 270549 228839 248633 253142 236944 237983 265017 268533 254173 266682 286171 275065 253775 272627 282694 298716 

