231486 253587 254892 233029 228650 239700 240015 211845 243322 208895 219238 219841 245358 236529 221773 245423 257922 253921 257188 219846 233063 233184 247762 249998 209190 234406 229401 209622 253012 225350 254797 264460 226453 241608 219370 243956 242720 243460 243836 251383 226908 240974 247110 216360 213333 239068 231589 233731 233254 222775 222010 210647 237095 231251 232610 213345 225691 244717 248012 242687 239360 224851 250844 210709 226659 210962 228192 233302 235818 234788 220391 246827 222357 214097 241987 252872 252757 213055 228487 238580 238307 215214 202238 225372 272546 237558 248833 239444 245856 205588 246837 230549 227124 223840 226237 238079 253532 260922 231792 218310 
260793 270893 258610 264198 230296 269850 254624 232541 260178 229352 257517 215495 260392 259534 249334 265258 270317 255889 275341 237193 257763 244598 257365 249586 226700 246720 234305 234438 274946 261004 278090 279875 232919 243768 246719 279818 263376 260035 265154 266228 239159 246937 262598 249865 232055 253978 240355 263270 229959 257252 229127 224002 262259 243698 254340 246476 252213 263782 277203 260355 265783 247378 283057 217224 255797 205418 256156 243173 251711 251257 266103 274998 231271 230353 248864 254405 257444 223815 246087 256334 254367 242655 228771 240597 275516 278904 275434 257049 284422 229348 265063 249082 238189 239559 239489 263948 268764 287149 252872 235176 
258047 270242 270115 262014 245689 289085 259120 228470 258637 242716 262036 245108 261827 249782 234421 261160 275061 264715 276595 233502 249827 262766 247656 249155 238755 241960 261001 234911 266248 281120 284646 285614 241219 245872 233846 273697 266233 265760 259868 272341 224532 259177 271106 237974 225779 260779 240746 262993 243151 233675 236139 227505 267615 234740 258189 241533 260324 270416 273621 249894 249574 237278 288053 242148 242610 239476 272981 249985 261210 238792 255218 243998 239322 257468 252536 272671 274316 228533 244237 269211 256136 232468 221466 223438 291892 260811 288445 257796 272685 229709 255600 258735 241173 227070 252079 268906 276176 299472 243435 253097 
242364 263017 269657 265342 243766 260270 245788 214567 263101 227461 239890 212013 243499 241598 221729 248170 256754 247770 270502 244418 252793 240073 258743 243999 225773 228259 236038 225871 255943 252703 264925 268913 227361 236170 244238 258997 255623 254908 253895 246020 221059 238903 247334 224133 225282 249728 235367 246974 228032 233996 228304 213474 242174 240429 242544 216556 250032 245528 254068 239447 249653 223442 266562 224981 247970 220348 250062 226876 239512 229226 222691 239931 214763 237963 244882 245251 237170 211873 231529 255579 239072 214922 221802 225572 257405 245436 270859 235646 263829 221034 252502 231828 226150 213210 243123 244209 261930 283837 237154 224762 
238445 262185 238702 225483 207655 242496 235384 192987 228195 203687 229844 216431 238108 223953 212601 239279 235096 235750 249660 224189 234388 220698 243404 237097 205838 204184 215442 198740 240802 221400 262502 257612 212051 222338 221273 233743 241914 246008 224721 226812 203666 221194 227554 207971 216569 224173 221118 236261 224940 220941 214934 199408 243111 213414 229932 210938 233130 220263 235533 216228 222705 223838 244546 185854 219154 204584 223058 224398 222883 209906 206736 216492 201408 211108 214598 225816 229402 203031 215648 240800 213707 189438 209167 210330 242996 227745 265715 228891 238597 210602 228126 212394 218611 210497 220167 243938 252124 258321 223919 204943 
255984 281869 257045 260269 243270 267396 255950 222891 270117 243122 257043 230286 259742 244613 234809 253014 291193 242885 268273 248366 253354 237524 254061 256737 236777 266490 243378 218189 277135 269648 276317 273988 246860 249949 230334 259029 263895 262545 258613 261571 231176 257104 262683 264204 242443 256559 251963 246193 239858 239640 245138 231553 246662 256704 270622 248982 252858 271564 270848 263811 256706 240429 277105 237381 261200 236076 247857 262948 243968 248049 243015 239313 224218 240921 259459 260655 253331 233923 235196 272098 254402 223046 236208 240373 283727 257613 271708 247110 267622 232269 264862 246788 245386 213210 247979 277223 270156 281819 260810 247077 
258231 275097 249696 248380 232698 270736 228402 216138 263675 219357 246890 229672 251709 238481 212198 248920 264238 237087 247648 238310 243213 218760 236076 245511 219968 234236 236738 205166 255790 248984 262644 279223 224612 220406 236297 243855 246811 253545 245530 246040 212193 239616 261278 237525 208413 233973 235868 235468 225706 231499 238850 211300 262673 229857 268416 245330 251993 240353 250472 244673 243442 239347 254510 199776 226396 199742 237328 238513 236279 239883 236296 234869 211702 238323 262588 255915 237158 216320 249719 253901 240116 238392 223876 243066 268268 246931 263611 247387 273252 226430 253815 243648 234718 199644 242665 251663 240629 292577 260129 237700 
212149 229288 237548 217454 217651 233558 215676 212433 250827 202128 215830 199607 213556 214009 217016 204204 230173 209617 223663 196852 215600 208493 229273 215774 204511 213421 189154 202091 218931 220416 215652 232865 189574 195985 220136 215255 226829 223743 229782 230929 198037 207009 217942 193181 203703 211876 206045 201469 201511 190257 195692 183317 219736 213602 223619 210379 215396 221089 231831 213359 229942 196672 240013 193948 213865 180689 223273 196601 204060 208157 216734 223223 190050 202811 216194 224454 212499 178694 201636 227854 219980 202312 203611 204181 229995 221897 238359 214046 242322 191977 230703 188595 200784 178450 201601 229041 223737 247375 220594 201940 
255446 274553 261544 257387 237509 263349 256358 231398 266508 240275 243344 239969 251835 252358 244036 250436 271465 247638 269833 235248 250682 248500 257154 257358 236707 261504 228640 216337 264216 250744 273839 287115 246228 249203 249829 260118 249598 273720 269937 271057 235191 248397 271875 241269 223051 253313 247809 240771 238377 250999 246955 235494 260891 246445 262275 234094 257303 256971 267660 255695 260694 257244 243159 228370 246220 226401 253088 249508 255117 245492 251649 251846 244305 233473 268162 281002 271175 217902 240826 271843 257095 235826 227261 227799 294886 284765 267996 252819 255431 225020 258285 242634 236421 213067 231881 265015 262023 289073 266809 234894 
210982 246366 219358 226687 217330 238848 223054 207758 241444 234065 222385 200591 227337 229216 189436 229355 235848 231091 246431 225760 223358 222309 221366 218603 199432 217660 209531 192773 225952 230473 239607 247898 216085 207411 221750 222669 246922 231884 224664 240783 209594 226847 246772 215357 214323 228952 231914 218998 232422 214496 201639 188079 233127 218916 220177 213092 226783 216780 230166 227683 221708 213950 248488 184186 213870 191110 236491 232402 206927 226591 198885 217788 206988 209578 234184 235219 232031 206878 219827 223804 236159 192433 191910 205053 246634 226571 233225 227643 237369 194681 230691 204688 206002 204325 199975 223403 231775 251838 225210 216383 
259958 256056 256761 242881 231472 258317 234606 205988 272532 253060 249534 224027 255964 243668 217551 235289 249267 247246 264994 239767 231964 216776 228690 223382 230450 246670 243748 213382 255273 259747 253137 267080 230000 237576 267041 263783 268913 257238 237972 250633 204967 218130 255396 225979 213841 246005 225591 248386 231298 218228 236413 224229 257956 239609 247679 230559 246853 237491 253519 235549 259009 243791 263376 216859 232158 223432 241052 247614 237868 245069 245449 233750 223093 230959 253718 260483 237370 213324 234301 252477 246755 214416 233143 214317 273169 237571 261768 236607 255642 233224 245497 249000 240166 226883 229957 246650 251241 283009 240271 228618 
240826 267557 251728 244543 230801 253565 237916 220169 249459 233661 241617 238986 258850 261299 239049 254654 280692 252001 269362 220233 241295 242286 251745 250290 246793 259021 241742 220925 266099 256846 271117 274215 241488 235798 226947 255925 250362 257861 253778 260561 226826 240010 245116 234547 233344 247010 239509 232009 239102 230583 228854 221095 251556 238488 259311 247599 246842 245682 266085 257428 268516 245516 261509 224865 244872 219821 248716 245023 237856 230865 235601 246442 234758 226660 236303 266573 248927 223602 241102 252271 246518 234532 221454 233367 271259 263783 251064 247560 261625 216343 242030 234375 232028 214267 236346 255741 261276 282410 236409 238643 
210657 245940 238207 210075 201566 240084 204004 183216 224930 205277 204620 196957 239460 218738 212500 230266 244263 213167 237706 221513 213940 209014 221016 202684 200270 214936 197346 192654 238774 236753 225415 232931 195075 204411 206826 245115 214625 231844 242169 225950 201244 220166 242249 198146 191992 219202 205620 214513 203397 208744 201432 208727 221604 205193 214943 204631 215586 225170 222322 225147 226698 200511 216241 194475 223943 195961 225465 201554 196468 215489 212750 208889 191471 199245 213481 227229 226542 195566 213914 212307 225350 199774 195683 214784 229061 215212 232738 222796 241705 195156 236845 209872 198123 192247 219073 213645 217436 253473 225737 214667 
258231 251230 261053 237372 238231 244870 248687 212826 251049 226263 241939 213319 244503 238306 228991 230677 278559 251874 261939 229211 265581 252206 246306 251382 233403 229228 217078 203890 253273 255196 269309 256139 231343 239055 246871 263866 266730 258121 255929 252571 218015 231087 251681 234383 221242 240882 246895 242632 239258 226782 225968 225816 258006 236835 245784 235343 246748 256141 253292 246993 246625 236330 259356 230658 244847 205622 254753 234084 235233 240378 236391 244576 223241 232422 259097 241109 273143 219922 225983 269002 259373 209214 219633 230314 288004 251305 275738 250454 260970 224966 274171 224202 231332 218595 221759 252434 268217 291669 256269 224289 
275479 274278 288609 252507 243107 279648 261571 239112 304174 236550 278757 245098 269476 278760 249129 276333 294637 272969 291866 239299 267952 262778 266453 262172 241702 264827 258954 237741 284256 275568 294019 290278 257726 245447 255883 288203 282915 289006 281149 273518 239773 269455 284459 241773 240794 263220 274774 280921 246306 258053 244974 227678 276148 260667 258415 258591 266534 256549 290339 261469 261620 245193 279114 222305 258554 241694 258672 255382 257974 261336 250479 257992 231209 240704 285372 265005 269118 239080 261388 269864 264799 249952 232339 263706 284710 270693 281770 258381 294312 247611 287397 256004 241423 238818 267430 284042 261898 301562 267166 261233 
226735 245414 236568 220512 228314 229699 232992 186014 246840 218309 225464 200973 227803 229638 194249 237155 226683 219693 249933 216048 213485 217665 235474 222796 206990 202256 223602 217683 230575 226718 241972 241177 209920 208102 228273 243141 249539 235603 230269 241979 220182 220916 227673 213496 207141 233657 227767 217402 215737 223092 203123 202387 252831 227260 228760 209671 227567 240230 241488 233771 240749 223268 236194 197130 231226 222106 241075 220191 224381 220620 210013 233040 219361 212389 236577 229832 227601 203517 225552 231784 220681 194612 200240 209195 248976 249115 249315 228393 238356 212163 245395 219264 214234 217664 217875 243461 230787 269206 216894 227778 
235710 231503 226400 230037 203096 258560 237062 200632 223245 199145 233393 192631 222981 220333 197386 236528 230888 232771 235772 225026 232368 219632 240020 227999 212835 221601 208160 185548 232368 232621 250415 240777 208261 221000 221535 232428 233620 235961 236239 240924 198176 220091 243490 194194 202021 226126 210388 220300 227502 218846 210796 215092 240829 226285 212310 215524 222309 230089 241385 232973 224651 212028 231662 197423 212781 190434 217657 229057 220185 211735 216098 219142 199102 210589 226884 234699 222639 208339 215262 248873 215521 197013 181165 216488 251771 232257 232709 231733 243565 208628 242373 204311 218338 201843 207160 238890 221729 259171 225827 222854 
254592 262149 266265 229419 233932 259829 257772 219252 261419 228406 256690 208436 258626 255659 215050 231366 271164 264873 270308 211274 250649 237932 239064 244206 247288 240087 244653 218454 269060 256034 261154 264845 238095 226972 229747 264194 271468 255555 244064 246429 213145 220031 265332 231564 208195 247055 235685 249992 230164 246679 241393 217477 268203 232959 235173 251612 242425 250144 262928 244916 262808 237637 278399 228615 239731 222008 241809 222476 229598 238939 239565 240799 219510 234256 247681 246488 254046 227319 248224 260397 267267 210780 229458 238412 269274 263217 270990 253730 254545 241592 256637 242384 239909 218492 232310 262408 249200 291239 244130 238335 
258928 266888 248640 248464 241367 259772 255141 216821 283156 244651 252575 240481 244230 237051 217704 247195 273815 254562 259559 238214 253170 237168 234775 226512 236649 251041 231803 210692 257959 256147 265361 283164 243071 239902 238795 276585 270563 254123 262802 252926 226972 252138 267801 245130 230244 263119 242288 242530 249263 224272 238738 226215 276395 242914 266049 239077 258708 247985 268623 241168 266659 245196 272356 223059 252432 226043 255682 245597 240228 248402 248591 246664 231003 220921 259140 260686 259974 216330 240725 249785 251468 235144 234679 231198 267668 254495 276945 259700 261234 243649 247713 238140 230062 235936 235132 255580 262781 288511 262983 247156 
252212 253501 256488 232001 228059 264474 235557 210007 254852 225088 228134 222643 244551 252390 208035 249280 249153 248388 276986 241244 242478 235138 243225 238501 228483 234518 217664 209978 249565 245569 259526 263196 226194 229771 230630 254791 262520 257547 249780 253230 225033 230134 255943 222718 231604 245799 246573 230458 232427 232359 222214 212215 254919 237491 246886 237332 251579 235877 248292 242405 255158 236797 250412 222682 237616 221807 258091 238849 221754 241949 233096 242924 219933 225216 253708 243458 235912 214481 233322 245879 240007 222759 223503 219861 269189 251636 277852 241192 260525 217990 251558 230753 240994 226623 242872 264976 238266 280132 241516 236155 
250428 266776 247100 251943 230517 261355 248492 217871 257816 227810 246207 229590 247700 240929 217094 272520 258129 234807 247502 238846 248160 227665 258965 247122 209501 238485 236559 207165 249569 244868 270003 267552 234513 238008 238138 256437 266033 247647 257239 247967 224067 241610 257900 242125 232248 246440 239396 250687 225737 256389 227804 210784 256333 237347 263036 229221 251269 264599 252383 247786 246241 231500 261211 216196 247839 217590 261682 243967 224029 245480 238088 234891 222672 229299 260843 244210 253018 220484 235412 247945 249582 223177 217647 232851 270605 240911 260436 259362 251541 228945 259610 235838 237247 205643 249133 255479 238999 279710 261947 238516 
247148 262255 253306 244099 238225 265027 245864 223899 242560 224493 239753 210928 251219 242350 215672 254682 262284 247411 254137 226155 228122 228917 254851 233362 223823 231465 225469 207921 248065 265726 256365 255790 228080 231568 243976 247606 250020 245469 240246 263637 223551 241609 257427 215861 220930 246825 227731 236647 242229 232803 220779 206896 268175 232062 252477 240124 233754 237880 254130 241579 244725 216978 265960 210280 224723 202492 245893 232085 232159 219369 234918 227961 213884 234180 246040 254806 228334 214069 253432 253827 240888 220811 219389 226663 254099 239223 252821 262793 255088 214705 263337 235563 234572 217785 217231 243915 252804 281919 231618 236672 
263493 270377 266019 251993 238645 272626 250499 219518 265961 227971 232293 222809 286327 258760 219394 255558 269482 262928 276328 252837 256047 251178 259191 269550 236179 244943 235451 215360 258383 263411 275150 279129 243792 235942 241097 264926 264999 278309 259656 260859 243213 241512 264502 232650 217989 261255 259772 248287 246641 237438 241129 233932 270833 252171 254614 259651 263353 245000 261365 254419 263374 243033 254845 220308 253717 200965 247319 254106 240727 246581 229776 249176 221275 245707 257184 254188 274120 228638 242693 271157 260709 228192 224220 254557 279710 259332 275106 246609 282485 232147 270606 238928 231964 229185 236121 265601 256673 303623 253642 239401 
258970 279482 257362 261850 249158 267429 273346 226413 276989 247134 272259 214951 250984 269912 235075 251274 273274 252383 286612 248172 253979 242842 245512 259618 238133 270517 231839 225366 281489 275703 286704 273992 229765 246523 254449 253485 261561 269121 260685 268656 233083 244030 255719 246627 254126 261833 251594 239345 244472 255870 245237 218332 270901 252120 264901 253840 268903 259415 267325 256137 277893 237784 276797 234551 251624 220376 258275 253246 251859 254777 235877 264364 228548 236066 268182 272402 255614 227400 248598 276619 251071 231710 227096 232306 290858 266298 271253 271330 271361 222500 260162 260962 247752 232915 243744 279223 263912 290506 261740 253352 
264468 286312 256874 257629 259470 270047 275426 237215 297947 261122 256204 245444 267454 256962 238132 264187 292477 258729 284973 239128 273274 252774 263644 252650 248757 260824 255639 238910 288290 268326 293016 289748 247219 258448 267655 290155 269212 267123 289867 283917 238209 255636 266769 239170 237313 274736 263598 246719 259803 255405 240312 247098 250595 263425 264813 257620 252963 269904 267538 266601 279833 240034 283512 218515 266691 216476 262541 251140 263247 253670 242766 259366 239546 262033 265904 272842 276950 237487 254064 262466 251259 232403 233658 235896 287560 268682 276493 265419 280587 230792 283441 260060 250078 220832 263626 268069 278779 300655 267898 255075 
260446 292415 258066 257556 238632 291843 269197 246457 284161 247807 268250 225247 261272 262303 239728 258665 285594 258417 268253 248997 255151 252511 268213 260441 245530 262696 252112 230694 274626 277360 282202 293993 246140 268906 252094 278975 281296 259300 262910 268925 226820 258719 285361 247640 241394 270332 247648 257238 252594 248991 239638 227614 275715 246263 263176 251901 251525 273096 285060 252854 264088 248637 286210 231789 258809 212635 279807 270113 264157 252003 260371 252236 238883 235673 265593 274597 276708 225619 249150 272258 274720 248257 235905 244726 293692 268007 280589 266952 282558 242470 271211 253552 240865 231439 233819 268137 281510 298233 270933 242952 
261136 284569 279638 277642 253998 287652 263918 229172 290216 255636 276087 248800 274628 260912 234591 278837 301524 282805 295038 255843 272754 273729 262664 268617 236921 262106 265965 242384 278996 287679 293780 302138 247489 258310 254457 272878 272484 276553 275250 275376 239881 271740 286021 256404 238051 261958 261203 266523 257898 266834 249586 245979 274783 271947 282943 276809 263942 282524 278855 276396 267689 255509 295129 238036 279657 227604 267360 263340 259535 265934 264213 256837 238370 255811 283286 271317 280156 239108 268723 279555 259450 257568 245278 265828 296361 289051 278397 270116 298631 245224 281943 261014 243526 247310 257984 282304 271252 313862 263007 246737 
262424 286334 275693 273066 250291 283758 257349 248138 279730 247129 261336 240601 271497 276185 234972 260364 282713 259122 272811 253385 258766 233584 275465 257823 250597 278220 247496 233387 280874 272450 276778 289826 240653 250691 265739 271058 278111 278001 280904 266640 229051 252077 274023 240849 245262 261202 254029 254613 261629 241201 258260 240772 267767 263723 276876 258134 269548 255426 273330 277086 272965 247597 283521 228300 247057 230050 261190 252208 241395 248939 244734 256125 226794 257628 263298 286419 254496 242987 249719 265780 256600 237043 235652 245661 293138 264256 298379 268360 287604 217370 271096 255591 270742 238672 252843 270512 263467 306435 270979 253367 
263506 269770 257681 251538 233257 252764 250825 226057 290253 231037 242832 238316 249123 257995 217548 250292 279076 249176 279615 234226 242389 231364 249538 238636 225160 235266 233348 224995 268477 263648 262602 276255 241321 233074 256407 271307 258108 265183 271035 264629 227245 252526 267806 233149 218307 259340 235020 243727 238987 236927 226597 222736 259820 246169 252087 231484 223031 251259 260300 241160 246950 244099 274871 220860 237599 228147 251451 255153 259939 225756 242328 249600 222092 245437 253298 276086 240376 221614 256935 258219 235876 228274 213745 231507 274086 261831 270777 246986 276002 238152 259108 238290 235400 216211 225769 262938 251565 284801 240216 243685 
252712 283350 268766 258682 243342 282160 256629 227357 294257 246222 240206 232578 258283 274215 219073 250807 276466 255156 289663 236145 257543 245740 263021 253562 228908 240591 215372 231532 251054 262400 260514 273769 248361 250347 258352 272257 275311 289302 275849 263828 228732 247015 270661 233628 238406 259587 255721 256675 250767 237967 241882 248794 251441 264086 256824 237797 236207 246149 260549 253043 262642 234570 264072 237337 252153 234069 263889 244197 248953 245478 226583 259429 225406 250143 273009 273289 263300 222023 246935 264975 260367 218892 227504 223038 280825 256322 274088 242412 269823 227240 270518 250500 240201 230736 254226 264792 246566 290733 262953 249199 
255468 263944 258358 265294 249707 287009 261492 220827 283945 248452 251919 227053 273579 240317 233691 248861 275030 257713 275992 242508 266886 247436 255647 259325 231417 249149 251223 222876 273030 270644 287910 272760 241532 236553 256563 263375 293575 263379 259457 273776 215901 231403 268932 234501 232850 247703 245157 251469 254103 243539 233115 227205 257919 246154 269133 239568 258028 257450 276263 239754 255512 232963 279995 227757 243940 223856 245307 240340 238902 241935 241384 231515 209820 261722 263240 260273 247580 235958 250751 267448 249401 232398 250045 230546 269115 247271 276576 253761 268125 232714 271458 235290 247633 230417 250336 254976 250094 296653 262080 245635 
214272 258029 228328 237854 217388 257731 251076 212359 239258 229520 229842 202052 241095 234280 229609 232481 241420 224317 254474 231925 225944 224477 237866 236568 214377 233416 204687 203871 227856 237855 251090 252110 220631 221081 226876 246268 261071 243904 250720 263823 206856 238600 256783 226051 227216 221788 234903 227223 226468 221520 206401 208033 241248 226532 236606 207550 234207 224764 252445 230933 243435 232310 242450 198410 219762 203245 234007 218941 211039 212062 221460 238672 211695 216105 237602 237938 234043 229374 224278 240917 238838 209586 208929 207902 251277 230033 251478 247121 238552 206705 227956 221666 217312 197082 215728 236137 242717 258405 245706 228030 
262484 288737 264995 263104 251527 264932 254827 216610 277312 254626 259894 243859 270085 263418 215279 263786 292842 260608 299486 245117 266236 233777 249084 257637 238900 248591 251948 225544 272265 269719 279282 288418 235570 247736 242731 267298 269275 262110 264999 266061 237371 263317 266178 253085 226295 268232 252009 259397 251720 249603 228463 229848 268124 249565 277403 255354 253227 261205 273715 253433 260140 241237 284322 235553 251760 232389 279927 258230 262894 255918 246952 257302 237873 249616 271504 280043 257824 227823 256037 274497 276655 227146 229645 234411 291746 264399 269911 274069 287096 233747 269422 243149 240867 219393 244921 272801 259334 296477 264613 254627 
245569 278694 257894 254666 254463 257657 246471 236046 270178 251761 249017 226219 272832 266546 234935 253271 281513 252669 268157 249198 234436 248249 247359 241965 243602 268530 257759 226031 272947 274070 268626 265373 239375 228990 256959 283628 265667 259313 272119 277515 227458 254212 260719 242649 233590 255404 252557 244634 236041 244102 227542 231785 262292 261715 253365 253776 252345 272782 254235 272013 266447 246342 267919 231557 264665 232652 254291 259386 243846 232319 238374 244612 232093 251526 247985 276367 260826 236819 252926 267319 253805 228928 227975 243499 287909 255939 276786 238284 271720 233994 269259 232756 226498 225395 233155 262610 257261 291224 256079 250033 
228654 252652 241668 235398 234911 252820 230884 214483 259877 217132 232570 201645 231432 225944 210626 233014 256085 226114 258831 216181 220129 230046 241957 231747 213241 220272 211821 205328 249913 243485 257572 244407 221936 235167 230635 246106 254439 253528 239196 244239 200886 224760 246962 205928 218615 234955 220174 219454 218247 225717 213236 213646 224893 227253 239343 224598 224597 228718 228197 219786 243936 210111 240136 207790 227432 198414 226279 227361 233833 199829 199411 222935 209697 219283 235371 225394 241199 206139 230352 219263 221023 220705 194524 215944 254144 221081 254301 218858 233499 210019 238587 219103 221638 219228 218376 240711 240442 254483 237179 235361 
260943 271939 258425 246015 238404 256353 249402 208248 265891 231191 251522 223949 261934 250679 220965 263207 260098 260982 277730 247388 257508 233099 261338 246874 218564 234150 249104 231420 266738 253688 281182 274108 226850 250676 255445 262362 261175 267687 256915 257528 229339 240110 258910 230020 222910 248109 236509 240482 235739 245768 226350 231603 258343 248947 265687 230016 238703 245271 256715 250033 251361 249350 276636 218226 249707 234330 258988 256287 244192 242622 244945 251193 226044 238655 263343 272396 234677 230123 245656 253143 240718 220771 230455 225723 276093 269676 261883 261488 267147 234087 254574 240776 248802 232434 242758 265704 252760 293435 241944 231690 
262452 272830 258657 268815 229949 270623 262015 226497 267957 234770 264209 230423 238352 242874 210772 266332 272473 256011 272299 240547 259010 241320 256834 251472 244988 245800 242806 220489 276446 266090 287819 283172 247515 258891 243079 253102 274907 257587 264708 254348 227135 244375 260937 232093 230335 263354 241492 261892 254100 251901 245230 229071 278282 250011 263667 236346 251865 271123 277984 249718 247179 226567 274814 225042 255427 223098 264163 254983 259849 239623 237114 241933 236101 230416 245433 262514 266936 222467 250152 263602 244796 228586 216428 240772 282378 254800 286952 266345 258953 214176 261151 247904 240228 234281 239971 265452 261485 298768 248932 231954 
208921 232675 203965 222998 197081 252825 214078 195852 231830 199637 222133 177891 215510 211029 204491 214957 232334 216510 249804 213748 198585 210873 225009 206239 212486 202969 195704 193840 209671 214288 225573 238984 193702 206190 205574 203763 220014 224653 212339 218672 194843 207644 235546 187595 209846 214962 207694 220046 208135 198012 204551 193120 225908 205342 219967 205568 218945 194811 221310 203037 211953 191699 227393 183265 197664 179566 216234 218093 201210 199330 185604 219018 177334 201531 211283 220535 202960 186580 197179 215557 216328 212846 194773 198737 214228 213201 230239 206414 226865 195650 214440 198712 203831 190043 208456 224269 223941 239884 215716 208884 
250060 286359 262636 257314 229720 265027 249972 199480 268781 222794 239037 231089 266769 260723 213736 256580 257014 256389 260718 223273 258595 221526 247533 250323 230727 238598 236985 209838 256105 252575 289590 269675 246549 247961 242610 249161 269983 262988 260205 259618 220096 248280 266558 227208 210183 249562 235772 248918 246023 242002 242321 227342 271552 226091 271024 244947 245891 241001 266401 248542 245937 250883 258772 204780 235799 229158 240367 245327 240659 243625 236006 237833 224996 234720 257276 259327 233314 219573 241796 273729 252168 218490 222444 221237 267841 247780 278920 264572 262347 211989 261327 241304 239324 221784 227252 263631 250043 290368 256506 241007 
250087 280746 264390 277630 234050 263375 240299 222594 276893 233057 243660 236572 246558 243818 231293 254165 283043 254262 272892 234350 256348 245298 235855 251711 244336 252808 233529 227316 282183 253694 273690 266845 241859 242672 237367 269372 257634 272109 269980 265327 234768 254560 261023 228834 228065 257372 240885 255372 246821 241315 240751 231806 260642 248964 261404 261737 249210 258201 281861 268933 266110 231116 269301 231495 241521 233519 252179 256168 249708 247840 241279 244831 227198 245727 262515 262057 259822 221997 235071 257320 249286 224656 220559 235171 294710 246318 269676 252707 257619 228078 264429 249016 236260 215556 237756 259631 256736 297203 244859 232030 
276518 295624 281015 276539 252419 278672 266879 241570 294088 249968 274126 238141 269355 276634 234776 262032 286711 283241 284819 257417 268816 266913 272087 259780 265566 261975 267692 249168 291630 276364 282893 306386 247627 259364 262572 287661 280804 292031 266576 278742 224211 250534 273569 256547 245594 277359 252419 272505 261724 256136 266841 238177 280951 273238 256780 262676 279241 270373 275368 269016 284495 254316 291103 246707 261388 242831 283463 270373 261962 256046 246988 268038 240403 250471 282440 282258 280589 247205 260502 281488 275128 248446 239245 261295 311668 281448 285798 275842 284832 257378 277147 266658 246209 244011 252391 274705 287626 313128 269735 248498 
260212 277820 262319 252625 245579 261319 252771 229306 277985 242175 253902 247779 271366 274422 231248 262305 295038 274869 285055 229067 254700 238522 275632 256543 249269 262828 254590 235195 259093 261829 271771 287357 243721 257204 258428 272175 273979 256271 253460 260359 230602 232671 271440 230235 230858 266121 248915 258591 256700 251522 250616 220731 266259 232718 265668 239744 260500 266347 279571 261535 274190 231092 279637 239823 253353 220536 269889 244088 254791 242463 255410 258158 226849 247089 263799 279858 250767 226441 258915 268583 262028 239003 224681 243299 286594 267527 262082 260061 277789 235256 259924 247975 264648 229424 248553 253847 264511 287514 260962 263820 
255322 272723 267935 253945 244609 263078 245892 215129 282537 245670 242758 226365 264167 252304 224530 242823 280032 255875 277129 244718 246875 243520 256074 242421 245028 245389 237156 223157 252168 257206 277600 283320 242071 244272 252030 263424 258433 281882 260701 260974 229513 235919 267434 246514 231700 272620 236667 257238 234149 241138 236651 238527 264228 240952 252506 257500 245996 256599 273016 251477 261026 236440 276081 219372 257575 218854 249212 251529 243193 240754 233745 249895 231774 242272 251802 267193 245952 221244 241705 263505 256512 230920 233970 247261 269735 263701 271184 253507 269269 233340 269939 247259 234633 224328 245905 263325 264471 301009 245827 242097 
258277 271667 259853 254408 227356 275369 264425 220230 279924 251646 258286 208558 260024 239568 227181 239541 269834 243969 275089 239935 251321 245313 250566 232008 230041 252386 227411 225389 259348 257420 266616 281592 240224 258716 247234 258982 265000 260565 258158 252912 222489 242966 267096 233967 234558 257960 242375 250346 245378 235618 234616 242740 258956 244226 252621 233395 252062 241291 267487 247992 250944 239462 263241 226574 263269 205562 254061 248402 249782 242823 244737 246656 221282 229820 260651 252650 256255 215384 221514 256836 253932 232870 229918 223334 268990 249979 268780 254640 274635 233836 262722 252322 231231 216808 239453 244061 270529 288720 261212 236570 
228726 243674 246580 222178 229925 225910 230882 211888 242188 225684 226715 221547 236728 246322 215399 236173 257289 239613 258584 233614 223882 227693 219969 222283 226216 240379 222165 186704 231014 250990 249253 249147 214081 243802 223640 253347 245936 226837 251703 255058 225584 223036 239344 230074 207069 240288 230503 215387 224364 215896 222712 217685 234354 245621 228925 222191 209633 240205 237647 246256 245529 224612 248372 211003 238385 198024 250668 239537 222150 225236 223136 226107 210054 231946 250631 250889 230899 190961 232712 236089 228712 215118 208580 214886 257527 238553 248957 226294 234279 212317 232643 226076 216708 211947 218976 234700 234423 255878 226042 238514 
260737 271959 260782 270045 264578 266384 265689 234086 278001 248185 254322 237650 280073 261044 245820 277207 281494 270873 284725 253774 253867 259213 277001 261131 240522 266602 260508 241785 282464 282846 278628 287991 240591 244615 263068 264834 283743 258606 267163 292885 243373 252158 274144 238452 249373 270547 254858 252824 258773 270410 246310 236588 273698 264571 271775 252044 255536 283240 278900 261279 268214 246642 287867 228541 263120 240932 272821 270602 261397 244856 257639 263915 242544 249038 257615 270703 260577 231233 266879 267460 256593 256789 245865 257541 294438 278987 283154 263835 275736 238949 265137 251528 255906 240253 250207 272463 261058 304223 268645 257739 
274440 271973 289118 259939 240595 267340 254126 246540 299408 244426 260007 238025 260986 262203 219746 258317 278159 256750 282861 242650 249400 239348 274857 264584 242780 247820 247657 219448 270428 269177 264213 283897 240282 260497 266793 269255 271600 269279 277358 254480 249339 245909 260950 232602 234522 267681 252894 250171 247695 239420 258209 234918 272330 268030 272166 234148 256466 270944 261273 261017 262294 242476 259154 242524 250128 226856 261672 243440 249619 244558 241659 257738 218328 254408 272479 280772 257382 218076 256132 280464 251157 226170 231434 248284 286980 267215 283763 247767 262131 249543 279365 247780 251685 230042 244387 269842 265275 295839 255544 250873 
240104 252297 265446 240713 236073 260642 253037 220737 265377 213291 239256 234679 239477 243457 224544 246353 280421 231364 268285 238764 256470 229747 254733 242532 222116 252928 225132 207069 257449 239682 265743 274927 226779 229104 242042 257547 248668 250787 250665 234999 227448 220567 250621 233382 213013 246314 238985 229744 240847 245855 235852 216799 254297 235396 241725 228261 243178 248289 268439 263085 246077 225993 249318 216051 250603 202475 252704 231740 220772 230404 225977 244427 210888 240954 251064 268196 249588 208905 247968 247594 241811 221104 216456 244132 275435 252494 257546 250112 262836 227626 251133 228501 229135 208384 235223 250343 231015 282547 258129 246783 
253860 277541 255659 259606 248407 285595 248154 234648 276580 248845 257272 223584 262895 256493 233420 248678 286869 249655 285621 239977 253334 237058 256106 263137 235091 245497 267773 221291 267843 270453 291269 289368 239140 244792 254651 275820 267523 272929 260583 271883 222460 263087 278452 255815 227932 265324 245987 260900 251512 250978 233835 241081 258119 246070 262950 243849 246216 270089 272625 255744 262718 236075 268050 214823 251735 218247 257065 253233 249344 244171 245708 265074 238325 264050 251891 284678 269163 222235 265574 260533 252050 238340 219563 229773 289208 272808 274513 254839 275429 231783 262172 255726 240976 225185 248974 269963 269205 294499 266552 247998 
249915 262131 260232 245291 235359 257020 254999 204089 258972 228121 244774 216040 262601 254107 218907 249138 279703 250216 258621 233159 235588 238593 240936 235833 221162 232541 226883 224928 249895 252052 258531 269022 239890 225440 228461 245242 238798 248934 242749 241882 218252 251010 257618 236990 217736 272928 224594 247408 242664 227104 223173 218721 254901 226214 263836 231147 249278 247575 261375 234909 240467 219467 262042 220049 240577 216240 249608 238358 234398 247290 224634 228063 211241 239046 268348 253118 235080 204957 227673 261200 245548 220575 221402 228014 276436 250567 263631 244246 269417 229214 248816 246470 242855 212575 218681 256049 240966 288327 251173 253192 
263175 267344 259876 245562 234872 274760 259901 223173 284498 239191 253089 224961 256679 249835 247116 235538 269411 244920 267088 227930 261377 233461 259728 242504 233775 254969 228689 224921 272892 259180 277107 266421 245381 241497 244805 270360 269258 269218 267106 272427 218732 230403 258531 220510 219707 243974 257562 238690 238537 239744 230474 244254 259577 244023 247749 229321 248208 250455 281070 250588 262465 241870 262413 224916 237406 227329 273952 239331 242210 225166 253346 249929 232257 230415 254416 263480 260001 231040 250349 253201 246602 225117 231282 227022 276686 255909 268544 243820 265942 223387 270353 231750 227655 212989 237166 257005 260862 285044 254976 243651 
245920 269792 247889 247537 243486 259665 229847 222715 269530 220288 238240 221219 239184 249182 221587 243779 261393 248047 268936 224768 240017 222028 244055 242421 220957 235076 229695 201371 238900 245274 260220 259540 206958 235210 250816 251722 265462 254386 247258 245587 229011 229077 250818 229573 234371 238361 233025 228991 223558 235970 232395 200964 265284 230991 252532 226206 236309 245768 254374 239794 249343 218651 258097 223597 224745 226446 238673 230712 237812 231383 240354 257328 206374 232884 259914 269687 229502 212241 240379 252463 228912 228977 215367 229223 269269 234259 250598 244673 259522 212951 244399 226653 236180 228913 248015 267245 253496 272893 241306 238805 
239136 253570 244978 244951 231108 246026 233053 217755 243465 216155 240791 211654 249212 255515 227467 239578 259744 245196 254419 205531 225881 252213 231076 242567 224744 235993 231458 200891 247528 250215 265384 254228 234385 227295 229934 239226 252108 244482 240110 249929 211340 245834 248902 219060 224352 239378 231427 249623 241598 228361 226127 199683 243317 234655 245983 236177 230609 252741 250435 235737 234722 227255 258201 220975 243994 208523 223403 247532 235233 231654 224345 228126 212291 227776 238968 238135 234822 204564 223731 249658 231162 220811 215375 218084 269876 236218 262278 221305 267139 213653 243550 239250 238165 213562 233646 246975 246922 268952 253540 224275 
248677 282311 259145 266874 248014 297028 249068 240884 271431 237562 257687 232556 254152 248898 260984 258935 295455 246358 282129 248632 256600 266015 271546 268737 230654 264629 229952 227001 267592 259875 295094 295745 246158 254027 254517 267873 268561 271357 259463 272639 232905 246744 280976 254726 241924 245586 254004 262774 238437 259679 236858 227593 266999 244739 270010 238002 264176 262574 282887 254167 262797 267037 262695 228192 252338 213345 253904 245341 245062 247436 246531 255925 233873 242055 261006 274818 258113 237170 251858 266046 250250 249593 232285 230563 288972 262273 279725 242624 287420 224496 274624 247182 236701 221561 271475 264776 267344 292148 261761 246952 
267523 264161 263801 257169 241004 273347 262558 239628 264328 236964 268831 216973 261357 256948 246984 261480 269500 283774 281354 260362 259051 264032 250023 266422 243930 269923 224864 234158 278543 265820 293662 299463 243848 243422 252041 278355 267498 279379 270067 275706 235142 245282 273112 247691 246546 263670 259478 255582 262327 254313 245851 236964 278883 246757 248534 257240 265968 252434 291988 275750 268785 245561 286757 225326 266847 219331 259387 245061 239937 252648 257224 269065 229504 249975 257703 266487 264617 248829 256515 265305 260695 232174 226822 260035 286260 274924 291628 266897 272586 226039 269294 261335 245135 243401 248309 260300 278712 319233 247933 247399 
242167 253345 258094 251222 222993 260320 230613 222026 274013 240875 246683 215400 229988 234890 227572 239224 271841 231439 275400 240034 241199 241489 247746 239478 236565 244018 223371 229292 255483 268242 254349 278500 218951 234232 230286 256588 241974 253229 269309 253480 219530 243594 253390 233347 218501 245961 227200 239983 234426 227828 228131 236422 232034 253295 256896 241128 236475 247114 263143 251565 256419 227057 257361 224375 252005 202408 249107 235791 232857 238594 228045 251245 212086 239789 257269 254917 246856 206574 243102 249105 237877 225319 223053 228632 267783 260431 263686 228610 265235 223709 257902 240855 218427 216742 228735 239396 246115 289033 243500 226959 
259384 282426 262834 272674 234236 274968 256626 229557 280364 233263 263492 243866 263413 250771 230217 268039 270986 261762 284272 241476 261692 264053 269319 264461 241550 250453 240054 224581 279471 261632 269729 284065 242237 237775 246379 272474 277867 274427 260506 277476 231079 246391 269347 249159 241964 264379 268655 249027 240481 243095 245632 221668 263422 260581 275714 249565 270654 254992 263108 246463 253558 250260 274703 215969 241358 222838 249374 258334 251832 232183 246941 261437 219188 229500 270211 254684 257501 247426 236026 261039 255191 231893 241325 239628 291499 269543 271605 251533 273161 234760 266848 247272 251386 221249 254096 277065 261570 286119 269929 257208 
263068 275500 284466 260654 240582 276823 272265 227271 286585 250371 270085 226795 250357 251076 242528 251656 287723 263345 290001 251553 254568 248297 260170 258328 235736 253474 238585 231886 286270 280853 287836 286546 232100 273280 253346 270658 269177 265700 266035 254934 232029 243881 258465 239372 235418 244750 230610 257819 255965 247867 254026 238798 274923 259927 266022 258132 268983 260848 262222 260825 277027 254410 266428 238833 263057 211229 257345 239951 253177 256323 238990 261133 235437 253861 271834 266609 257998 226348 247443 279942 251382 231560 222596 250029 288356 265943 296231 266730 276010 232504 283133 258371 241014 235890 262170 277354 271650 297876 253052 255045 
251761 255269 249109 226503 237516 247708 258207 210812 270550 241446 239968 217786 248269 239143 214532 254675 269661 253269 265126 243003 237111 253901 229816 237910 209666 229995 226491 218634 273176 261656 267807 258148 237407 231244 232182 258052 254538 264791 251495 264302 225221 238226 254086 237464 226629 250952 240637 231910 237551 234034 221805 205942 257718 226380 257912 231430 237459 250189 249263 230679 245715 241041 265927 222436 246660 234673 239526 240251 240984 248114 228422 241052 226013 232004 249425 248402 240737 221857 233954 255598 241037 220822 234155 231042 273154 267396 269234 238808 238484 227744 256159 237298 233143 217120 232567 260198 250423 274395 247796 248415 
257290 274624 252074 258951 243144 270699 229715 231152 265734 241350 258385 233708 269354 253924 227317 257277 267744 263295 280268 256888 253344 244127 265717 262362 230402 261422 235441 217203 271184 272105 262734 293125 223543 264474 240937 247505 268682 263383 256384 264287 239382 252019 261144 250842 251997 259176 234998 251510 250834 239502 250293 230602 253590 256837 263691 247345 241659 258459 255755 256648 265829 240295 279648 227265 251664 217568 263232 263191 250116 254114 252222 253686 216102 244891 241025 267340 257604 230276 241458 265776 250727 228749 229797 235442 277880 262564 284696 254109 274177 230870 266677 254025 239761 234290 251357 280962 267567 292575 249105 245757 
245234 270132 254555 260486 242267 274286 252909 227445 261176 233385 248248 232940 261753 254305 230300 268128 265520 251065 253338 243612 247228 237596 266539 249999 223124 254283 242050 215688 273004 266389 272137 273534 244005 238513 250287 262034 260190 258385 269650 262767 226806 244983 257188 237245 242852 247907 242996 245177 237861 251319 241145 216799 246148 244999 254529 247468 240729 271596 254179 265524 258363 247622 281234 231163 238700 229481 252017 251874 234899 253498 242039 247465 223853 246381 250352 266673 257810 212061 247462 266359 258482 232349 217386 241729 272656 264998 262343 251173 265981 229739 268718 246681 242986 220872 236251 259421 245874 294861 253338 237323 
257514 282225 270584 255573 250027 276226 274217 226657 283687 242359 277018 231218 248464 245116 240716 254458 279606 260691 267921 248925 269260 240981 247573 247523 233221 256571 252985 227787 269744 269071 282746 281298 235579 249357 248372 269507 264244 266297 283935 271151 222767 239490 269804 251605 230490 257208 243427 246238 249864 232196 238611 238452 270986 249903 251650 253452 255068 262196 282375 271761 259645 246430 289795 240260 257679 227774 268797 247004 253795 250011 255981 258972 236562 244614 272547 275133 254979 224887 232896 274341 258417 221342 227054 243584 294623 266190 273323 267680 279302 241829 269391 252667 235176 229749 250149 268216 272261 307358 246601 250265 
294127 312928 292447 292914 267856 305091 272475 250101 303327 260809 277003 250198 283587 272410 254560 272330 301298 281408 307797 261602 283797 271017 278764 269967 268582 265880 259393 244127 303291 292223 303875 300838 263228 277363 277589 289062 297081 297542 297871 279874 247880 271177 295420 255350 241246 269356 279900 268602 270552 248570 278036 260920 288394 264977 295279 264613 293808 277547 290212 282445 291722 255952 290199 266408 271529 249170 275985 270791 265970 273730 274547 280658 237208 275965 289248 290271 285801 265779 254294 288747 281817 244612 255460 251089 314674 273755 303011 269585 299884 236767 305405 271968 282701 247077 276681 289120 301809 329567 294448 267339 
275805 263775 278906 260863 233433 259806 252016 222430 272684 243776 254642 232696 253001 242637 225570 247886 272637 267245 279493 247840 270268 260350 258901 248486 236097 239600 233131 236871 295523 268359 292114 276459 247372 242081 251477 260170 260847 271221 281750 273442 226397 245924 264588 230484 214846 243118 250081 257722 250677 243349 252361 246495 257156 246821 259527 247406 265914 260759 270871 263611 259346 240362 272084 225845 249284 215094 248657 243874 243646 259392 253384 262478 237282 255574 258368 256593 256647 229837 239424 266952 247099 229454 215791 254011 283184 277052 281589 252201 264899 215338 279637 246705 236223 231831 239687 262331 259371 302564 248615 235134 
237634 274859 244466 239692 239130 257041 245671 221057 259699 240886 249381 221540 263648 260483 211757 246821 260583 238844 264163 249535 246074 235435 238808 223500 226866 244459 246604 212162 255825 266621 286868 260653 232382 228043 241154 258009 265610 252243 260495 265964 225146 248937 256184 241507 235769 251650 261921 233780 236002 232117 214413 214725 260756 242472 257101 240571 244067 243578 239082 245981 246963 230768 271082 205920 226957 228714 252870 241032 235455 242449 239261 253856 220563 240538 263638 262262 225874 227618 244240 253222 248085 222229 218803 219138 261908 262345 261872 250544 267090 211924 245631 234059 225944 205027 240591 260011 246745 276428 260203 250608 
296667 309467 302849 297615 276331 310380 274915 265386 328845 275599 290124 257693 290673 290019 249959 286963 312565 286969 320741 281531 295888 269851 291919 284156 283691 284262 275957 254318 307277 306511 311550 306619 265720 274917 282815 295617 311184 290930 295685 305703 243640 281828 290595 260318 277520 289554 277343 275302 268663 281165 258130 259499 278302 285468 301224 278560 285403 283353 315921 281965 306704 255416 314018 256636 297389 240197 302506 277629 282820 271285 269767 279130 253577 281406 305398 294459 273694 250982 278770 296647 286103 262324 270747 277023 317612 286055 304747 285303 296052 259436 299808 278244 269817 256681 266609 299244 288514 330736 284730 285119 
217253 236982 237504 236866 215701 234473 245146 213183 242373 241986 233195 204828 232950 224534 209801 217746 263597 232561 243424 208139 220077 216161 230755 229157 206237 236581 227020 204547 237873 247114 241931 253490 209953 223604 213778 236762 234602 211572 232284 232107 209736 221762 236649 219892 220199 227512 211313 234153 223344 210495 205180 201744 224204 224040 245898 219842 224220 248326 240406 233921 239183 193989 248796 202809 203920 184284 220891 212928 216376 232347 219548 220437 202796 239838 243253 237375 222083 197539 215281 239196 225145 217192 210085 212033 254273 226108 227702 237894 238802 195042 238095 219269 223877 198916 214733 232049 226410 244484 219721 221161 
288262 279786 289408 272126 240350 284016 273193 234449 277379 240136 262282 233957 247174 266635 246290 270781 274046 257022 285245 250483 267011 251939 269679 264045 271249 262452 255587 232819 284933 262404 312214 296073 249078 256845 258265 281059 283597 276629 270667 276699 240277 257920 259664 244650 240103 261656 261296 260506 246667 266157 260773 251605 273970 267994 262500 252030 275987 271670 298540 271094 283197 250413 265373 227278 260589 239254 272224 266189 276669 246192 248320 271509 250036 252372 277676 268925 275574 233041 262408 291566 250825 242023 235968 250484 308477 278190 288338 269912 271914 238039 265950 255612 246738 236246 252635 285733 285549 304887 265304 245290 
233511 249223 239535 240599 220695 248894 223498 192248 253826 217680 223588 205471 236000 216555 208034 246825 228193 232553 262854 227409 221512 202413 220379 217524 205962 214753 215559 209043 237236 246946 225319 249652 206349 202189 226111 234716 230028 246975 263117 250371 209767 220708 232416 199888 204829 233137 226138 206221 218353 213496 202404 210025 236353 230286 235254 223278 236101 211186 231095 218735 235603 215519 231433 193010 211603 212052 232245 226366 222739 216710 212744 229354 202477 226380 235081 231984 218465 198654 228924 231128 212983 214879 218439 212975 248479 227065 251911 220430 248858 200884 242675 216160 209130 196194 235673 233719 224868 271003 227510 212483 
261003 289541 284003 291330 269286 281427 263006 246417 287754 260220 259082 241237 275991 269872 230661 265748 293491 268412 281401 255494 262435 259566 260043 252921 250515 269747 262341 230627 268254 276020 288067 284103 251573 264723 254721 260891 290468 273844 279519 273636 237940 264610 270401 264874 245425 279806 249545 258294 249710 252543 244840 244707 268349 279728 273903 251298 253080 279713 276861 265366 274164 252764 295564 262504 268992 250615 281484 269160 268629 254482 252529 256258 244294 259910 290765 283038 274980 231505 246938 276339 269010 246250 235293 242637 313271 256969 281285 268540 270410 249300 267131 269772 255394 240330 257485 277766 273104 301600 259950 246230 
259151 288356 262980 261808 249341 280604 265949 234706 282305 267421 264466 252599 283743 259203 244464 253386 280408 256779 297582 251334 272394 261855 269473 268571 234818 264228 244919 221451 279588 283717 292481 290365 253351 266828 263327 281314 279269 287961 281291 289359 238726 256737 273394 261262 251123 249940 264098 269449 268108 269917 249628 248833 265854 281702 265775 248748 260791 278400 268540 267338 275255 273593 275676 236975 277871 214931 263850 248155 262448 250246 274592 267673 257685 243313 272020 268220 277803 234664 257228 277583 270735 240359 235688 261021 298281 301355 292555 277521 277932 251659 281891 263123 256692 231827 251387 278134 283541 300113 270714 250859 
235454 271596 263956 241587 237910 249764 243151 209852 268079 234016 245017 236768 278539 265417 222650 250755 277292 263409 253340 227748 249283 242448 246295 250906 231170 254101 248114 227221 260362 252098 272348 280934 226212 230639 235048 261326 240087 250766 253848 248583 220071 243730 256474 231405 225770 251999 230227 252849 234408 233980 234290 212778 241697 244745 258710 243216 244134 254382 246395 243341 261261 233130 260236 217302 257318 210179 244382 233907 232779 243036 234974 227368 217197 237630 264612 263171 253338 223197 229519 264035 252726 225670 213645 242108 275847 250043 259635 250680 276666 229150 259723 250075 235859 219917 236948 256719 247163 274693 243342 233114 
255823 287537 278981 270535 248214 289347 268833 235791 289473 255533 262549 244647 261417 256210 250671 261076 282413 262082 294286 260535 274943 254946 264859 283265 249377 271760 243585 244783 273865 284921 286985 308069 264031 262927 252079 284222 273055 294480 269896 283794 242078 251181 273148 249378 251665 262126 262444 258727 262381 244961 254101 241253 261764 249821 267209 267090 267725 263278 297368 279903 292079 244107 271821 228451 268981 220080 267742 262773 246456 255832 257671 266781 247103 256195 262403 278369 263928 234495 260771 286712 275184 228377 245860 245911 296935 279201 279693 276022 269531 241438 278096 271678 241861 222870 252856 274872 282177 302091 260456 260423 
215754 269669 217384 231981 227888 247106 232783 214957 252859 218506 231456 202768 233887 232547 200097 231225 259490 231014 234853 227298 227290 218648 213054 213147 207713 228408 221748 205518 241469 232040 237596 250262 206489 215858 215646 237291 235369 240195 236316 239572 207032 224950 244697 222601 214603 232418 231349 231292 213779 202216 221723 188234 244107 229382 225492 225132 210435 239325 238624 228304 236005 199280 251141 194973 218857 199653 219200 223310 231418 222409 206726 222990 201828 210967 233739 246690 223571 205347 228094 230437 224578 219424 191958 223408 250186 223565 241330 224966 250818 207020 233099 219395 213092 199462 221532 240565 227506 248630 225397 229940 
239266 273576 251082 252033 227871 263854 241094 225835 281016 235244 245520 226350 251267 251699 222971 254077 264505 244609 265213 249131 248573 252029 243153 240350 226009 243322 240122 212413 268241 252952 271798 264899 224710 258133 221520 260785 266462 252485 261590 254854 232221 244369 265531 238852 214391 246571 232368 239612 247455 230982 242060 207269 243410 238473 253096 234993 247812 255630 265744 244331 245528 230422 272063 223088 258580 200538 267464 248118 235206 230550 237840 253169 221133 242215 258653 257867 243526 226394 230489 254942 258654 223192 212602 236585 286267 263368 264021 240827 252499 221109 258943 241770 239001 223715 225112 253309 255298 287991 257512 246480 
250108 275487 255195 268987 248880 278472 269746 224583 272263 233994 261444 231964 262448 243692 229840 249984 282819 266206 277779 260817 253999 258253 257426 275382 244497 256503 249247 232352 271129 276015 282259 297243 241496 247072 239757 264996 253512 266396 248261 260256 225084 236077 266608 240913 247195 269162 242264 260729 252366 252889 243121 228923 269220 254107 268558 258315 263021 285716 276265 246821 271304 219016 268843 234649 276579 213787 257658 252178 241485 242652 239004 235932 239325 235074 254914 275588 258556 235530 253924 255172 246440 235571 230258 255761 292928 256137 274248 272140 269544 233735 259303 271177 249136 226173 258793 269148 264874 299008 250872 248677 
242098 249502 243199 242093 228991 242965 242001 216175 263112 235294 240923 218494 244655 242482 225692 232935 250829 231657 256794 236753 237419 217422 219108 236435 227624 246750 226594 209739 258200 257376 251474 259413 222758 241521 246783 256372 239299 250433 262458 268652 229044 230395 243591 219091 230060 220534 239930 228924 235101 217815 228856 239005 256721 248345 245874 238754 230363 239936 263753 267764 251027 230211 248309 214114 224244 210526 237959 242474 230494 240754 238257 239376 218309 236212 259904 261172 231234 210373 240023 249407 225589 233839 214004 225906 266396 237669 255035 254097 252646 216115 250433 248350 217260 211351 229554 244597 241163 280560 233393 232477 
269002 280791 282467 251505 249455 273610 248001 248950 275516 256251 266320 243263 270043 264352 238420 274349 275839 261357 290791 257469 263827 239860 280691 261057 236607 263046 263061 222438 269789 265663 273868 298245 223526 258363 255221 268422 282841 266362 273339 256997 242552 250643 270271 249909 252826 257212 256336 263629 247516 246944 245590 230954 268991 261241 261946 241806 252895 259132 269144 276048 277941 249911 291208 235385 258247 228708 288717 248780 237111 257995 242426 275905 234526 253619 259389 274577 265094 235853 254389 250056 237707 247189 237322 249997 285284 261548 293526 257976 292702 226069 264816 259608 266184 246456 271945 278399 261246 312619 255643 240969 
266688 279486 274538 251758 245671 273576 269766 225256 290936 254608 270504 237933 265612 250621 243723 250265 295103 262516 295192 258825 261932 264736 260947 282688 247079 250185 241423 235505 268280 279281 286823 289732 252417 255335 262235 270206 280262 274646 253027 268637 243894 233786 287266 244905 251568 259437 275648 272826 253201 250128 250103 234109 283675 237899 275500 259697 264339 282203 286405 264489 272397 240514 270037 219277 271568 216555 254257 249795 264590 258065 240733 252200 241941 259474 265243 265298 254935 233096 257996 280674 256473 234787 257605 254446 286654 280652 285562 255686 288074 229650 275222 255374 254743 232473 251533 271138 274513 303391 264872 262110 
244875 267137 251858 245210 248538 264610 266029 206138 285024 243410 249207 231474 266512 252125 218242 237049 277040 262005 274455 242712 241565 235242 254699 251311 223844 254367 239438 233006 250577 255378 278472 293451 233815 242350 239927 251585 265950 264091 255243 240851 225300 229165 254476 234210 230675 262212 232854 252220 258890 237632 235451 231233 265769 238972 262084 247971 244610 239469 271809 245468 253212 240199 282661 220538 249953 219913 243970 242348 263096 246143 229622 256866 233191 243260 263063 256419 240069 223196 235628 261928 256462 239427 226471 245966 274543 260174 272107 263677 280519 227546 251085 244150 250011 232708 239221 261046 265166 303490 241756 251817 
283366 298415 272847 287906 259641 305284 276956 240699 292008 275861 281154 247907 286567 287357 246257 268479 303604 266928 304042 267783 268427 247640 268896 271229 252884 260213 256777 249236 282660 285032 295287 316861 248162 251458 273053 270429 285361 283650 267823 275355 238300 262739 278995 260594 255201 286734 259996 279704 285921 268557 253787 249079 279245 270779 281047 248634 278179 279150 304209 268876 275212 253602 290599 241101 257073 244259 289687 266743 281171 269583 255179 260274 257434 270419 278308 295227 260920 241207 259831 298539 273013 247580 258792 256468 315811 287790 302899 274155 294424 258029 294686 269726 270614 241568 273659 284499 275125 323495 283263 254803 
239343 263583 241490 262229 233767 252856 245349 200631 264198 243208 244158 226549 252733 226093 220914 227356 264901 248222 264581 235267 245227 242808 231977 244766 233312 237221 220868 217414 247441 255390 258373 280639 231791 224754 241922 248438 242962 256201 259856 247048 232657 227724 250548 230573 236725 245689 244465 245042 249262 229304 229996 226414 258571 235705 264756 240213 247029 253090 263769 260264 252014 231125 247338 226379 251459 210775 250873 248075 243867 236848 230158 243891 222076 245325 270066 256777 242760 227210 219625 258364 250440 230092 236715 243885 277322 257308 247252 258706 278932 217699 258155 252353 232505 215487 233209 243428 255179 299466 245208 237247 
261087 274360 266711 246922 233167 263286 251665 206753 288449 245760 257214 219982 259723 252244 225218 260990 264261 247970 284336 251240 246764 238626 248751 244898 237236 239898 242673 235196 268007 284202 274187 286206 245001 241963 257495 264948 262272 264337 256484 267654 231774 242310 268563 227152 229506 262024 255799 250518 249530 241238 224915 232958 276553 222701 260524 246154 250144 256432 285017 252118 256841 232138 258869 209962 262037 223429 278779 256401 244199 252176 254900 248577 229882 237975 243279 255539 246769 217187 249087 261313 242204 216167 236261 243131 286985 274501 282904 244500 277126 223824 282425 257435 238973 228875 241197 262066 260011 319555 253598 249018 
245126 254289 224972 236105 214645 241498 224999 201682 255939 223520 232542 209401 260940 250278 220526 246925 253689 238199 251181 224444 237443 227581 239981 232450 234774 235719 222212 205227 252844 253952 275823 251580 226798 228366 233183 252308 239666 242773 258256 263464 213183 243722 245470 233982 234310 242887 242373 240776 231086 241410 222562 224639 238004 234152 244833 231383 228894 239091 252995 239391 241324 228558 266309 204676 238895 207270 236653 231387 230863 240399 246006 246343 206120 211794 248693 240220 233525 208987 219514 240944 237481 220625 222550 216785 249559 264122 256152 233529 255893 204638 250625 235963 227261 211786 220943 239088 267274 268953 238000 216249 
256292 286519 256445 259997 240156 261187 257675 221391 265766 243712 266067 244459 250110 248413 233530 251876 275800 255180 286040 268030 255697 249834 243616 250085 250363 256905 238467 214340 286951 264276 278066 290538 237192 240460 256315 270095 263245 268127 258262 262160 223676 238311 249345 246895 239506 247283 249898 244932 240987 248741 248878 230224 248376 270203 257322 245019 255063 249773 252278 254774 268323 230322 262672 208792 254803 214668 254493 256193 237943 245395 219949 246669 226273 236206 282040 272805 269087 238630 255902 253628 251473 229170 228134 257230 292919 255706 263648 257992 255139 224847 258955 256147 228328 222740 227976 265257 252365 281967 266554 240791 
249361 270464 262667 241042 244714 266438 247974 216166 270774 239541 264442 240384 259254 247342 233636 254167 273959 249261 273882 235595 241360 239456 240561 252256 220702 245455 239773 217584 246758 274085 281296 278648 235058 252927 237129 252178 267963 262247 252926 267786 232515 255896 266291 243634 224094 249351 240326 254511 248003 223026 237769 216006 271884 222640 259160 235490 251419 260746 274300 244615 241068 248626 268380 228498 230685 218514 248837 238372 259763 247646 239703 259344 237251 229353 261170 261569 241500 207885 238515 270212 244856 248459 229813 229806 273882 267510 279671 240846 270571 217891 272057 246586 241554 238016 239765 260383 268220 291262 256088 259123 
283078 291661 307023 285626 271313 289860 289833 251277 319848 268647 282680 263607 280262 293561 254275 283692 303299 286641 310332 256004 289168 270546 275622 277891 274354 278298 267232 246604 299426 292938 312325 299326 273776 278186 287804 293853 294230 292282 300689 288539 250238 285686 300331 255735 248611 274573 268376 273769 273345 274718 259777 267052 289901 262467 288691 277691 271695 267063 306400 289761 277340 285677 314373 253732 267225 261539 289812 262704 272481 266949 262793 274968 254913 275837 283650 290593 287066 249367 281361 295780 274929 259756 256288 265754 304145 284418 312007 287599 291701 248890 289904 267781 263811 248422 267872 291539 289906 347401 279071 262769 
264012 241259 254556 241272 228397 256879 242908 223539 250107 243047 252479 221742 249704 244191 221696 249110 253092 245810 269371 224297 254354 230790 252392 237415 227055 245110 252786 216862 243940 253606 260491 272769 234785 255656 237712 241508 253785 253625 251351 261404 225404 239660 248359 231517 218081 241614 235555 233314 228988 229931 231859 225475 239925 243380 242251 237890 243289 246884 253715 240665 242938 224235 273139 216643 226359 209131 258893 229037 235735 233878 239075 236912 220740 239097 246768 257998 243115 211489 234185 256854 226136 226203 217360 220788 256926 262573 268979 238500 252979 212121 263117 237846 236150 221939 228821 260067 254741 268046 241588 230868 
246617 289632 279242 253128 251177 293742 262624 233680 291045 240775 256157 248062 271930 250364 239852 266523 282202 260808 281925 254236 264030 255725 291053 258223 222434 259620 244220 227274 264363 255852 292806 279228 256008 274897 259139 274535 289623 284746 284118 277021 237199 259235 282167 249186 249611 253053 259690 258073 244808 245968 247262 249501 264285 259013 264676 227965 259084 256868 266185 258470 256099 263044 283529 227619 256650 235755 252918 248096 251551 238970 253651 274130 231619 254389 267873 268708 262610 234330 240913 276702 260220 236894 220558 245678 288679 270236 294608 262276 269683 238340 263253 238524 250621 232208 254829 289482 272489 292541 261697 257985 
237695 234452 239239 242870 235870 245613 249941 198411 255731 230177 254139 213523 244331 242120 213024 253916 240380 256071 257741 229274 243367 222016 227186 237129 223594 237157 242515 230560 245125 246193 266541 254422 211847 232202 236271 253411 243130 233197 251175 270963 205350 251575 241223 212589 215954 232156 237975 219291 218615 222860 229025 228055 244095 239242 232614 224415 251402 228762 255632 243834 257251 225382 262107 198279 219691 212907 238394 222909 222070 231963 220334 234530 202950 237951 249952 244781 233690 222575 226421 239249 222868 217796 211137 220974 255051 239691 257452 245721 246595 209802 232337 237780 231683 215073 242820 242609 253524 279317 229600 222290 
241165 258720 249114 240538 204395 250979 249951 199728 245709 239405 236665 212097 232457 237144 209101 242337 246905 228023 244257 219597 229195 218804 233141 228468 213560 225065 220733 209862 251133 231100 256206 262144 225774 205257 232737 237414 229802 249034 247010 232564 204336 220666 242993 223951 213079 237239 217399 240163 226230 240679 212939 220310 235284 215784 247576 225153 211273 244928 245720 243720 233595 231913 254968 198173 217753 220534 224535 226276 244689 233519 224679 233579 215605 219399 244729 248152 227441 209978 226041 241454 231066 201688 215805 215040 259750 242700 236365 237880 244323 218990 229054 220830 229682 199162 220971 231152 236415 262856 249919 226753 
271768 261994 257597 252504 223180 253569 256081 217439 264472 228390 247261 213324 242565 249580 212934 244700 268715 269937 284980 223916 245317 244606 252916 256778 253830 237680 230524 219733 269606 252162 274239 274832 223744 248065 239110 271882 266439 257409 269189 257523 225764 246456 271390 215266 221003 253140 234781 263883 252415 244133 258065 228023 269032 250816 246125 253413 256011 268796 272820 258006 278094 222282 256593 230704 259292 193672 243664 249909 239308 238135 234461 262129 230058 230973 251956 247928 262346 229357 247143 251109 243026 242487 213943 261980 277289 260239 262481 265166 271327 225685 266124 254952 249619 238271 240842 258094 256344 297715 243909 236148 
235917 252780 245755 229977 242205 249354 233605 210432 263308 235057 235553 219081 254412 243033 218008 243620 268788 246683 266344 234269 242182 233066 227501 240781 213125 239428 232565 209030 258227 250072 266735 249865 239093 223137 246653 271012 253653 255977 242371 263320 219296 249226 260901 220576 229279 239799 235769 243309 243989 230643 225525 218563 251894 238483 233400 223320 234997 253530 248627 246764 247165 227786 262834 202881 246586 222053 219601 241976 232327 240534 236990 234160 218706 238273 242556 276024 238615 202200 249018 262018 233130 201631 213672 226266 271289 250305 262943 230206 267630 220843 254042 231120 232342 216586 227048 250595 242878 268724 244920 238754 
227151 272678 245627 250989 226060 258199 228686 224255 259531 217077 233212 225667 242265 246156 226005 260219 262445 235439 265055 215457 238051 238841 262568 257180 219958 228340 219211 202979 241989 244303 263546 263483 238731 238965 237428 246622 255515 252205 248786 267013 217603 255159 267960 225890 235922 237520 240662 253729 235178 237842 223755 206128 239760 227377 244045 221875 227893 245992 259340 247626 246336 222406 253820 189857 251721 191491 230477 233084 224793 225651 229568 255941 223716 224553 243238 242208 236042 201608 238624 263528 241719 229730 193251 236925 263875 253191 250920 240634 258000 201835 265591 235710 230291 226027 218749 255066 252208 261550 245475 239646 
249387 270323 269378 262197 249563 291874 261896 242471 291443 259881 240782 242447 272027 254570 239444 252086 277572 231980 284942 250702 250744 250796 257391 260346 237595 262499 242210 235960 272747 261437 292542 296190 239647 243928 261402 268344 275792 272447 267421 275350 225063 248704 273860 257508 232705 267193 246312 242728 257927 253677 236342 233693 238352 245876 254958 237282 249044 257850 276193 251355 273545 253728 271696 220825 250776 221668 254007 248121 259258 237826 244145 262985 239389 266580 249990 273261 254162 237492 249628 272838 253622 236632 224862 217782 288581 270956 285118 258586 270196 239260 260999 263414 257381 216903 266265 262597 272039 299369 265116 251235 
244397 232977 240029 232045 216651 237210 216603 205974 252492 222086 224603 207110 232728 226997 206148 226562 245723 229886 252952 208772 222378 226757 224662 219737 231360 238948 217392 191389 245145 244583 248433 248945 217618 213115 218281 245780 232910 239791 245834 243197 199851 241327 238181 219851 214318 225159 211702 234870 216370 220011 215805 220634 226871 236239 226331 227005 233911 224010 241991 231912 239310 233848 249021 210151 226284 204221 213669 234569 212095 229445 229067 227326 200700 231271 237780 222248 227601 199489 212095 248477 226922 207618 199553 222470 260022 227740 250646 221443 244754 219583 243513 223952 224743 197834 212444 248674 238452 267810 220602 225970 
259649 270553 264722 240895 223127 263108 252380 215008 266400 244347 246388 227015 258975 253145 225141 271003 266565 242689 261247 242217 251503 232213 266714 246442 219913 256959 225979 230006 262451 252337 265931 277108 240863 245512 258239 275686 265042 260767 259225 264331 215417 249362 256046 244717 236705 254934 251433 243307 256858 231584 239224 235285 259295 237906 265496 222553 252362 248429 279854 264346 252636 250731 261236 229657 259734 235917 248349 250782 241786 241309 262559 259294 228978 232767 256048 261900 250811 225729 244909 279517 247496 223688 222528 232268 288400 264163 278385 246892 271742 210260 260969 243230 247070 238379 238949 248112 276532 304361 261359 238081 
247050 248132 243776 229669 230823 237106 263635 215670 255909 232709 247823 218084 243742 256420 212366 235234 263544 239358 259126 223542 245301 232763 237831 234401 223869 247876 231335 219396 250346 250599 277359 255320 228850 229567 233639 269586 267805 237696 253060 257873 217542 224624 245769 229806 218357 259513 239237 242343 229284 241688 225832 207816 244759 243477 230055 227716 237173 251579 253662 244168 265250 226458 264691 214135 248070 208043 255089 226261 253229 227985 227509 242967 232187 233109 254278 243651 244013 210136 240697 245209 245841 227349 213841 226057 270250 260044 264507 251315 243224 234473 251549 229531 226430 210705 228590 242421 242423 266533 251964 239428 
231331 252845 250772 234890 226916 242956 233438 218334 236393 230957 233938 208330 239610 239650 219684 242169 254972 222029 256696 227387 221601 224536 225741 233391 218163 235930 220374 201423 241970 252190 251108 255001 207605 224378 232514 251903 248631 243845 230703 250899 208598 240926 242333 232893 216375 230599 219678 225289 226380 220558 220875 206641 238722 233257 232647 227580 242456 220711 236544 234753 240703 230755 249760 208985 228877 187419 241803 228411 212597 219753 217180 220447 208011 207068 236413 237866 244434 204897 220627 234000 229381 211077 209712 214248 264644 231041 270862 228746 229124 221743 241085 234599 219740 211886 225430 224484 251226 256597 249985 216170 
261844 281223 261788 257211 256893 259180 240881 227405 276062 248301 259883 233444 264155 267770 230749 261148 286046 255542 286534 240388 251410 246325 234204 240281 247812 251318 250379 219903 277508 273368 292814 280440 245031 250676 261387 281511 274615 269469 269152 276887 221007 251288 256167 231036 229905 257953 249323 255237 249874 246944 241776 224976 267393 253032 247503 247708 243814 254598 264783 250416 265937 238617 270291 225950 258828 238584 259288 260583 256035 253946 247682 249682 243673 238131 261122 273530 254183 218696 253689 258630 256947 230827 225466 235756 286216 255414 277033 253027 271751 226092 274343 256258 239491 230964 240707 265109 276338 292934 256169 235641 

