12 28 36 89 82 23 96 2 89 79 1 49 28 46 15 72 18 91 25 24 17 39 84 91 61 81 53 23 58 3 0 18 4 19 82 58 10 74 84 27 25 2 77 30 59 56 58 37 15 74 79 48 38 9 30 78 74 85 47 29 42 71 38 46 95 43 20 12 2 12 26 58 6 65 79 23 14 73 45 66 54 17 87 70 58 16 49 72 76 92 24 10 36 91 99 30 32 72 86 28 
85 35 9 24 39 71 61 96 15 7 39 96 59 46 35 82 38 38 75 4 30 6 67 0 38 64 8 91 48 15 26 5 87 97 75 61 8 19 9 76 70 16 25 98 63 48 20 27 69 34 90 15 77 91 70 85 74 72 41 25 45 74 15 36 92 29 18 44 13 11 16 79 85 74 39 57 45 75 2 74 31 8 99 84 3 84 23 13 96 13 94 99 45 86 68 1 17 79 83 21 
95 46 10 51 94 71 4 60 97 83 49 82 4 83 58 96 6 79 91 53 86 1 19 58 44 88 2 3 69 43 74 85 41 88 86 85 60 45 98 4 19 56 97 72 97 33 11 14 30 78 38 32 86 2 15 17 80 46 41 75 21 1 74 68 16 1 82 76 40 51 47 61 28 78 17 16 10 9 89 39 25 7 0 4 35 23 7 1 43 62 73 0 36 49 61 73 95 81 32 65 
85 56 36 74 79 65 86 45 5 83 42 79 61 64 17 74 66 96 3 41 29 3 25 91 10 31 57 13 66 56 77 27 43 82 33 28 45 33 48 15 40 40 4 17 13 8 96 44 38 61 67 42 12 96 95 47 63 39 11 7 97 87 29 88 87 96 26 50 4 30 19 7 2 46 0 77 2 66 51 2 39 46 11 52 14 43 81 61 80 81 87 16 97 32 31 32 20 46 59 5 
18 36 82 25 3 50 5 89 95 32 60 64 21 23 6 90 34 39 56 48 72 49 72 76 21 84 5 5 6 0 23 32 23 64 63 28 88 52 49 90 36 29 43 32 29 84 6 49 81 12 24 50 44 84 72 26 37 68 65 4 5 70 3 16 70 56 48 69 24 33 46 95 50 81 22 37 2 33 85 96 10 22 60 60 30 4 77 82 58 38 36 19 38 56 99 41 83 26 34 24 
79 23 66 86 35 44 20 61 9 26 72 76 53 97 14 68 28 51 68 33 71 84 78 66 52 35 99 38 70 80 85 91 78 68 63 59 38 38 64 84 77 99 46 68 22 93 64 86 94 43 9 79 80 60 51 17 91 69 43 43 80 28 33 61 8 26 45 79 16 19 19 72 66 73 9 97 74 38 63 13 46 50 52 20 30 20 22 67 60 67 90 98 7 77 17 48 53 11 42 22 
71 39 17 14 92 14 15 26 40 52 35 46 98 54 1 2 12 15 93 0 26 58 57 88 26 98 42 89 58 13 1 35 82 83 30 61 40 7 69 28 1 60 4 65 26 25 79 80 94 28 2 29 50 80 76 72 86 33 20 15 62 42 21 74 41 33 29 82 81 85 67 79 79 48 29 45 64 78 31 8 93 13 22 54 86 27 99 47 85 49 63 43 29 21 91 69 53 74 60 76 
19 94 21 98 76 69 12 18 46 77 89 22 64 17 32 66 20 69 2 52 62 50 87 84 24 54 51 58 29 55 65 29 87 36 63 78 40 44 51 37 95 70 69 63 79 88 14 14 31 64 8 69 70 4 44 71 70 65 28 49 29 54 97 17 44 86 80 54 93 23 51 18 68 85 6 79 18 6 18 37 92 47 31 82 72 15 57 63 83 90 36 95 26 21 40 9 78 76 45 99 
73 24 51 28 12 2 94 57 10 83 66 32 38 5 37 89 44 79 51 9 79 49 73 55 67 99 81 65 69 13 82 60 28 29 65 96 71 81 7 94 58 99 12 86 97 40 79 55 70 96 90 13 63 10 28 62 12 99 82 32 98 95 39 94 80 52 71 37 17 30 74 57 79 31 84 44 98 71 93 91 19 98 70 6 6 57 73 56 66 99 69 51 68 61 12 97 35 76 87 96 
83 77 79 27 31 21 80 42 24 98 6 46 30 82 95 41 72 90 32 16 80 74 75 85 80 3 20 4 76 45 31 37 32 94 90 20 56 10 99 71 23 1 63 11 91 42 32 61 18 26 53 31 46 32 68 23 29 61 69 28 28 39 59 83 84 6 30 59 2 7 76 48 3 12 29 16 3 7 94 71 67 59 67 96 72 13 84 9 71 23 49 84 30 34 33 14 92 51 9 45 
99 50 84 80 37 80 54 65 9 70 21 94 32 39 59 48 43 89 98 46 90 30 5 33 30 74 80 67 35 83 85 17 53 13 67 64 56 31 74 39 97 58 97 79 55 92 69 63 86 32 87 26 67 32 0 6 24 67 99 6 85 4 11 87 48 98 37 55 52 78 51 58 68 94 38 2 78 64 53 56 10 46 67 34 41 66 88 76 17 21 59 14 47 36 50 45 14 43 41 34 
50 81 60 45 65 4 63 58 97 49 91 87 66 67 86 78 16 85 35 58 60 44 0 68 16 77 28 85 93 51 64 68 29 85 96 37 12 75 98 3 74 21 46 54 50 63 64 21 21 87 34 5 82 72 61 68 16 81 51 7 36 53 31 18 69 44 12 73 78 30 33 82 31 7 36 94 70 35 93 52 83 58 61 13 21 78 56 37 36 11 12 88 8 87 96 36 75 68 44 38 
74 23 1 31 51 78 99 89 47 81 96 19 86 60 12 49 32 32 31 91 23 83 59 80 16 16 55 29 82 79 79 51 24 41 65 78 15 92 92 59 44 34 38 57 47 43 39 26 8 3 71 67 17 93 92 70 48 4 74 30 18 83 31 45 64 68 63 69 62 88 90 32 37 27 19 94 9 33 41 23 27 60 64 97 58 20 67 58 36 83 19 26 40 67 58 56 75 56 1 51 
92 50 59 39 15 86 39 47 40 80 75 69 72 2 34 64 11 63 19 82 89 49 60 66 35 35 13 95 48 53 20 18 1 50 81 92 9 41 6 60 77 7 85 91 75 28 41 49 71 95 13 87 94 63 39 54 79 3 96 47 52 43 32 62 50 72 25 40 95 55 91 64 43 94 99 30 44 4 48 15 91 9 25 28 52 51 96 17 17 74 63 3 70 7 53 61 90 85 15 7 
62 19 11 16 62 65 65 98 68 93 88 91 22 17 23 31 6 74 49 71 83 98 90 32 26 23 67 52 34 3 95 56 77 59 10 63 18 28 18 50 11 59 33 25 8 39 59 28 12 56 44 97 76 74 36 5 60 72 29 98 24 27 57 24 84 34 76 10 56 39 48 11 15 29 87 88 89 52 4 64 2 90 3 91 53 83 18 39 53 99 96 48 98 2 52 90 71 0 61 85 
47 38 93 48 38 65 62 12 66 42 52 19 57 62 48 44 4 55 36 54 32 78 64 13 88 94 81 75 75 13 56 7 96 45 50 6 43 94 33 18 2 14 13 16 32 98 36 5 8 35 78 77 1 55 97 23 52 12 68 70 7 61 23 52 61 33 98 32 43 72 53 50 53 89 20 20 95 16 98 45 77 19 52 80 13 36 27 38 80 21 85 45 92 64 92 53 37 52 7 51 
92 28 39 11 72 70 57 34 27 70 0 25 16 84 85 73 95 63 25 3 20 96 28 69 28 43 96 70 41 3 27 90 60 80 12 26 38 4 95 35 50 79 76 1 56 88 22 5 19 7 33 58 50 60 12 28 66 80 71 82 87 7 35 22 23 85 99 47 27 97 59 10 35 95 31 80 93 40 67 35 37 8 25 30 76 59 70 78 95 28 92 30 82 58 23 27 40 99 27 45 
75 60 94 84 27 65 5 30 84 65 36 28 78 2 82 40 98 48 22 46 53 3 68 42 98 10 3 88 43 43 59 20 47 61 62 57 88 75 46 77 12 2 5 91 17 24 51 63 78 99 12 37 19 54 12 5 0 89 43 66 48 99 32 93 35 11 79 4 85 72 66 2 21 38 65 2 71 80 22 0 6 68 64 94 53 27 6 63 46 77 62 92 12 89 50 44 93 8 87 38 
35 68 48 12 20 79 30 81 39 1 49 42 1 91 25 70 60 36 34 17 59 37 65 43 70 27 85 76 71 31 4 14 97 11 81 36 44 44 98 26 93 56 89 38 8 88 29 89 87 60 22 27 52 77 12 66 70 99 16 82 44 73 76 29 7 78 89 29 21 69 54 2 89 7 74 28 1 95 62 86 62 74 92 8 71 25 15 50 4 16 89 81 53 76 65 18 17 47 32 1 
44 70 38 20 24 55 0 7 50 28 29 98 89 92 74 33 55 57 6 91 77 62 54 46 28 33 20 26 20 59 6 88 31 15 41 61 41 28 35 28 55 87 58 8 21 21 66 65 37 97 68 92 37 80 64 45 67 84 44 68 87 58 10 16 33 20 9 84 61 23 86 70 3 89 60 69 82 69 69 61 44 85 43 30 42 84 75 33 58 53 59 73 70 17 14 34 87 49 72 19 
14 66 58 34 18 96 1 76 46 44 86 96 68 9 85 56 34 17 46 90 19 13 7 37 98 10 92 49 35 14 15 70 14 19 31 79 80 89 99 34 31 82 95 75 57 9 7 63 92 91 43 22 28 82 17 67 42 7 85 26 40 79 42 50 49 8 17 22 66 97 27 82 0 91 70 58 28 69 72 14 13 78 60 54 61 34 37 76 54 46 72 20 62 56 44 79 17 23 36 35 
15 98 41 41 58 7 92 60 52 30 66 86 99 54 2 41 84 83 35 51 99 33 3 9 58 38 67 48 64 22 71 49 23 18 88 35 91 98 45 90 65 38 91 90 72 60 73 56 63 35 98 89 48 67 60 97 75 67 37 62 13 95 16 20 55 0 98 27 97 68 49 11 32 62 72 15 92 66 49 70 90 5 36 89 89 16 68 77 25 69 7 24 65 97 29 26 97 67 21 90 
84 50 27 48 44 87 85 89 66 45 41 37 47 93 75 28 19 15 51 33 81 18 81 19 67 48 39 68 36 29 30 3 3 10 41 44 21 75 26 47 78 34 31 73 52 10 28 90 44 62 37 40 10 36 78 2 7 68 14 9 13 73 13 55 86 13 17 72 12 76 79 98 92 99 1 15 48 58 31 98 55 56 22 31 40 61 80 70 90 41 21 63 38 71 50 5 41 24 88 24 
24 17 11 61 49 78 8 27 72 48 67 85 81 93 41 93 64 15 77 27 94 19 33 74 78 11 0 54 25 37 58 19 65 46 15 25 68 37 39 96 55 8 14 86 32 69 31 75 65 1 90 16 14 18 95 71 62 29 85 14 0 18 98 66 64 54 63 21 13 42 92 31 57 82 62 50 63 13 0 12 55 71 51 90 15 54 49 46 49 9 3 64 81 26 50 28 84 87 19 22 
61 24 61 67 34 63 92 60 6 51 24 33 79 93 16 8 15 75 11 10 91 19 79 28 17 53 60 66 13 36 99 8 30 14 16 29 71 93 36 13 6 76 83 58 3 15 29 35 73 62 99 67 68 44 56 72 78 26 41 23 67 9 2 98 55 42 55 33 43 29 14 9 50 48 60 62 26 5 81 46 93 57 35 79 57 46 96 97 75 71 13 40 59 30 86 53 9 35 54 18 
26 11 97 55 7 56 9 10 41 75 89 22 24 41 45 64 93 74 13 86 97 75 96 44 28 3 89 40 50 89 23 81 85 96 10 67 87 90 52 93 34 25 89 83 93 91 87 30 76 93 45 88 11 30 13 20 43 17 8 68 9 96 72 77 83 86 33 2 16 40 45 92 20 31 33 92 72 81 25 10 31 45 78 98 97 56 62 80 98 10 22 52 31 16 87 82 44 35 30 56 
26 24 22 46 11 58 29 85 78 53 29 27 81 28 88 50 11 73 69 55 19 99 33 17 38 37 50 34 21 13 21 0 63 64 46 84 44 80 4 39 38 50 34 30 74 16 69 17 22 2 3 70 58 21 27 58 65 19 50 59 61 70 42 11 21 47 52 57 18 90 71 38 60 7 47 23 55 3 4 14 45 93 67 40 93 90 13 48 89 83 46 37 36 41 16 77 99 21 45 78 
61 65 66 74 61 66 77 1 95 64 92 97 69 31 67 6 2 76 15 31 68 15 68 45 19 42 56 89 46 69 33 79 98 59 73 77 3 30 40 49 30 87 86 96 96 33 81 27 89 25 81 58 69 4 10 14 73 68 94 11 53 77 60 19 76 14 0 54 61 67 16 46 20 48 30 48 44 77 54 92 48 3 11 58 40 35 9 34 58 69 10 88 92 24 10 47 43 85 6 19 
20 49 24 25 22 98 47 64 37 48 34 45 9 20 56 94 38 26 69 46 26 40 44 32 75 58 62 2 72 75 37 24 10 40 90 10 55 11 87 94 45 91 9 53 92 74 89 11 66 95 30 24 62 93 83 98 31 23 41 13 98 6 91 99 74 8 68 16 32 7 48 30 18 85 67 40 79 8 38 20 72 57 36 28 9 56 72 83 63 68 35 36 17 77 21 9 97 85 23 47 
60 84 83 73 16 73 99 60 80 82 79 78 13 59 34 42 4 38 7 22 88 31 72 14 21 8 99 0 77 4 86 4 75 27 32 63 9 1 66 82 2 4 12 49 28 51 73 73 82 97 72 60 65 93 16 15 63 63 84 52 24 91 59 3 41 72 55 47 83 76 37 5 46 66 20 68 65 44 41 21 71 74 67 13 34 26 30 0 90 94 54 25 26 11 12 91 51 31 64 46 
29 6 41 83 3 76 77 12 16 18 26 75 91 25 15 8 79 39 87 17 79 65 39 14 81 25 55 69 56 37 90 87 24 31 53 60 33 54 73 32 22 81 56 51 63 91 26 41 29 38 91 41 65 20 60 91 67 27 98 29 8 36 86 75 15 91 80 41 52 72 53 89 62 13 58 84 98 58 94 54 55 29 86 69 48 91 17 69 72 75 54 85 80 90 56 18 66 90 65 50 
41 19 80 46 1 86 65 3 4 96 0 92 77 14 16 56 20 23 37 68 30 27 74 48 79 77 60 35 17 32 21 70 39 61 40 76 42 76 81 59 82 23 79 78 56 99 65 15 6 42 98 79 51 9 12 12 37 91 74 14 21 53 68 78 50 51 35 94 69 23 42 97 95 77 21 38 34 19 16 82 85 90 94 71 95 76 58 66 15 39 97 56 41 89 90 37 3 90 22 89 
46 99 24 48 3 5 32 8 66 6 58 16 37 25 10 51 24 48 5 89 36 48 79 33 49 73 10 36 57 92 13 53 78 9 38 37 59 6 5 97 77 95 83 69 35 57 50 36 56 80 17 18 48 24 26 24 2 3 90 22 0 59 68 57 16 55 66 80 41 30 24 88 81 20 51 15 10 72 69 13 46 26 26 44 32 90 59 82 63 81 24 64 45 69 7 10 92 75 58 80 
64 8 53 39 61 44 61 87 94 44 45 79 63 37 67 52 27 50 57 3 40 69 45 90 35 52 61 95 47 67 3 33 93 84 80 47 50 63 47 40 44 28 4 74 86 65 82 17 69 92 82 86 54 97 57 51 74 55 91 69 32 69 57 61 30 54 44 18 59 42 11 88 43 23 99 5 75 58 9 36 18 20 52 75 72 59 95 55 63 70 69 31 11 43 47 5 34 94 38 64 
40 75 30 35 39 19 30 93 66 33 97 1 35 50 36 51 2 53 5 36 60 41 27 86 29 23 71 36 62 32 10 5 93 87 44 74 72 15 53 97 8 4 26 55 71 50 90 6 1 70 97 83 24 60 77 14 37 72 95 76 28 77 92 0 63 74 69 93 79 95 76 14 92 16 47 3 74 5 90 35 0 1 52 11 36 35 22 34 67 54 88 41 46 51 4 17 5 93 52 99 
91 23 26 87 90 18 50 40 85 45 32 79 79 72 22 22 74 22 52 75 63 97 58 72 88 95 50 65 19 34 82 92 1 15 20 97 51 84 57 51 75 51 31 13 59 74 26 80 45 61 5 36 14 93 12 33 21 66 21 60 18 86 47 30 96 67 58 64 2 27 65 43 77 20 56 26 42 63 26 70 18 40 78 26 51 38 32 43 41 98 98 57 25 42 39 26 56 60 28 83 
15 56 2 17 81 98 27 41 7 91 12 68 87 63 82 60 87 88 64 47 4 81 77 21 72 85 22 87 93 20 38 58 39 46 3 29 77 79 56 63 43 14 17 41 78 15 55 31 77 3 97 48 30 81 46 19 76 70 91 39 44 56 47 66 37 36 74 94 49 73 67 96 88 85 73 13 43 30 15 66 21 39 83 39 0 20 72 0 24 83 20 70 44 65 36 23 81 0 17 16 
71 74 43 23 85 22 84 34 28 93 35 70 63 84 14 35 22 61 16 47 88 7 43 25 85 85 73 88 24 9 45 24 85 21 85 65 94 74 90 74 75 37 11 23 96 27 53 45 30 55 23 53 13 94 69 36 92 42 10 94 25 67 38 38 90 6 13 21 20 26 66 97 56 76 55 76 87 86 97 1 58 0 87 86 93 91 42 94 80 74 87 45 28 78 44 34 83 32 35 92 
74 24 93 88 65 76 99 22 16 82 47 22 97 43 24 17 31 80 45 16 29 71 95 88 49 42 50 78 19 25 11 89 16 18 19 94 32 48 62 60 8 68 41 56 36 80 76 62 40 76 60 73 80 36 84 75 21 95 78 97 82 20 89 65 19 86 64 81 44 88 17 99 98 91 19 73 22 55 29 11 82 24 9 98 0 56 16 71 51 69 86 37 20 69 32 12 62 10 84 74 
50 39 92 54 66 2 59 98 99 64 29 57 60 34 49 74 53 65 12 8 60 64 71 38 74 8 61 61 73 96 2 23 25 31 63 78 73 15 39 18 7 15 2 39 90 19 72 82 63 50 44 97 10 76 29 30 79 22 84 20 57 58 15 68 77 3 62 71 22 45 12 7 11 69 1 31 1 19 9 58 51 75 35 87 79 37 31 66 0 9 93 3 65 3 87 72 7 79 76 32 
61 71 62 29 6 96 57 85 64 47 94 57 96 24 99 34 55 76 47 25 27 18 99 63 89 7 86 24 73 35 75 73 50 71 81 9 17 89 64 94 96 5 61 0 43 61 66 69 37 51 51 40 82 82 36 31 37 42 84 36 34 91 17 48 94 24 93 27 90 53 28 90 91 2 83 90 59 67 53 64 33 60 88 6 49 11 54 41 26 80 20 75 7 88 79 78 76 38 93 54 
43 74 46 44 91 11 72 28 12 36 68 32 67 25 38 37 66 3 26 69 19 29 40 1 6 76 60 98 25 89 83 51 80 58 30 5 48 3 4 33 94 13 30 57 39 8 53 5 7 68 76 68 89 89 90 0 38 60 10 14 44 86 29 69 3 87 84 24 88 77 94 54 94 58 21 2 94 64 84 11 40 0 15 94 55 64 87 77 3 57 99 38 17 99 72 53 10 67 95 98 
21 39 64 90 27 84 67 64 56 80 24 75 55 73 77 78 45 90 50 99 2 1 52 59 8 69 51 34 92 44 5 62 66 24 64 71 73 45 89 54 23 82 65 40 78 49 76 93 3 68 5 51 90 42 77 73 90 68 80 37 70 20 72 93 20 96 23 78 69 51 87 53 9 89 3 79 24 31 85 86 82 96 10 84 55 78 6 15 82 65 37 78 23 42 13 39 90 22 1 21 
18 88 84 16 73 53 38 83 38 43 60 10 77 40 95 0 46 23 55 26 44 62 43 28 95 6 28 91 32 0 93 0 80 66 26 40 48 94 6 37 63 25 45 24 0 62 58 23 38 39 23 25 21 61 18 48 23 60 68 14 10 61 37 2 80 36 7 97 17 96 78 48 63 61 3 33 4 96 67 42 3 40 71 69 64 96 18 93 5 32 75 11 33 34 67 8 37 2 8 62 
68 7 31 81 71 55 52 77 88 0 64 97 5 53 71 21 69 33 70 72 4 98 75 31 56 13 60 22 95 15 33 56 73 11 77 60 9 27 26 71 60 4 23 87 73 86 87 22 81 3 40 88 73 18 81 93 12 59 56 39 30 45 38 70 81 56 64 96 31 9 50 7 13 67 22 37 63 67 35 84 19 69 26 98 62 68 93 22 12 64 70 75 79 39 63 37 51 55 43 26 
17 85 63 82 41 49 75 58 89 36 46 26 47 29 65 17 50 73 63 53 76 89 20 75 5 65 71 96 51 86 4 13 10 88 99 0 27 73 35 23 33 49 14 76 77 78 97 86 9 71 62 96 40 88 56 39 69 36 75 64 34 95 69 74 46 64 4 73 24 97 21 60 98 46 41 36 62 76 30 1 40 51 83 64 49 86 35 90 22 50 11 29 59 24 99 84 57 42 48 19 
34 76 27 88 20 15 92 79 37 15 43 17 6 18 38 15 90 72 17 41 48 52 99 50 62 83 94 44 36 71 17 1 36 66 11 83 96 93 46 24 11 23 53 79 63 58 59 45 35 65 30 99 23 70 47 31 64 14 86 10 38 9 87 17 87 88 38 46 49 98 73 25 75 56 12 54 32 41 30 25 60 20 5 25 52 49 82 85 92 23 78 29 11 2 20 7 21 92 40 1 
32 99 23 78 61 71 76 3 24 18 23 0 26 55 80 7 2 79 85 92 50 85 11 5 68 73 31 89 21 31 57 95 23 81 5 56 81 90 1 9 15 88 61 54 1 89 25 52 65 37 88 79 91 35 30 4 79 66 19 16 8 89 24 69 0 74 11 71 60 34 50 45 42 1 89 14 63 70 13 97 34 48 79 11 10 79 44 39 15 68 5 19 88 83 23 19 67 96 57 6 
65 24 53 79 36 56 39 80 6 82 91 33 24 83 98 60 83 88 72 93 33 21 65 67 40 27 28 96 18 9 7 58 44 78 80 62 21 33 59 25 1 4 73 40 47 29 68 73 58 94 33 28 27 80 91 7 24 3 92 12 83 27 80 22 54 14 0 75 53 60 53 97 29 55 9 60 12 28 7 70 4 33 82 4 12 81 62 21 45 89 99 36 49 45 49 43 30 50 53 21 
81 17 12 19 81 8 53 87 17 95 9 12 92 73 44 38 37 44 79 1 50 99 4 92 97 7 74 0 20 36 50 61 48 96 45 52 97 12 63 77 29 2 95 67 11 42 83 66 9 37 63 80 67 76 69 63 6 41 67 50 85 50 41 78 27 9 48 99 93 75 64 75 37 33 37 46 24 9 63 19 28 45 83 34 32 63 84 22 80 87 92 89 92 10 4 49 48 80 5 5 
62 41 87 81 95 52 94 30 7 68 52 49 62 34 70 74 66 70 50 0 19 37 68 52 25 95 96 37 10 18 84 54 43 19 66 54 18 11 76 43 48 48 21 38 0 85 99 89 93 72 35 18 20 63 1 83 77 81 5 35 66 9 40 69 52 15 35 78 47 6 49 83 80 46 11 84 97 30 37 6 87 9 43 20 70 57 13 68 18 80 90 87 2 62 51 50 54 71 35 95 
84 85 98 21 46 52 34 79 1 82 69 30 66 85 81 77 90 55 17 64 67 36 49 32 29 98 75 71 20 89 42 34 32 76 59 3 2 28 38 8 89 3 67 37 25 40 94 13 91 77 76 6 49 89 44 99 55 51 97 77 34 75 0 50 48 91 23 82 81 96 71 42 32 71 23 42 4 78 63 13 13 28 8 64 38 15 80 3 17 43 16 23 61 99 92 89 54 91 68 17 
94 50 88 14 62 13 81 37 56 99 1 53 60 90 51 86 17 54 29 25 42 73 22 70 40 63 3 87 1 50 24 9 97 45 47 12 8 4 4 55 44 76 67 60 61 64 26 93 14 11 31 28 90 92 53 21 91 2 22 5 65 30 8 33 26 1 6 79 25 70 46 68 77 71 48 27 75 67 13 49 38 24 65 37 81 66 74 50 11 16 39 59 19 33 56 38 26 6 62 20 
29 50 9 87 5 53 35 66 22 97 40 85 40 62 12 68 96 10 29 9 74 69 82 92 98 21 91 11 88 47 14 94 32 68 18 1 94 55 61 11 51 36 23 82 48 30 56 92 10 88 86 19 3 61 17 69 30 60 91 85 81 42 0 18 43 60 80 69 56 71 90 93 69 11 65 19 39 26 85 70 28 44 33 48 27 88 10 45 40 76 50 96 52 42 90 0 29 82 97 28 
73 35 26 94 84 70 55 57 64 20 23 57 49 10 41 99 24 46 99 1 10 36 17 87 25 32 93 39 19 70 15 18 47 5 5 91 92 4 69 91 87 11 98 30 65 26 71 85 81 63 58 40 91 92 96 11 36 58 89 55 4 8 71 90 90 11 38 83 22 59 35 30 85 94 5 56 0 20 4 26 30 67 27 91 52 80 7 27 2 69 26 65 4 96 89 33 52 80 34 59 
61 26 37 18 77 3 77 60 3 68 69 80 84 50 24 6 35 48 26 68 14 77 56 37 31 86 77 78 3 36 45 66 62 13 74 74 95 1 86 25 53 95 89 18 62 5 64 92 67 96 48 73 77 31 98 98 30 42 31 62 86 38 19 9 68 44 4 26 84 48 4 57 55 71 35 46 1 54 98 18 9 4 54 91 5 5 45 69 4 13 34 64 26 76 80 83 19 91 65 76 
62 72 75 53 75 53 30 81 43 55 83 7 79 4 12 77 28 45 25 90 49 61 87 5 22 5 15 41 83 75 86 65 32 65 74 99 79 46 23 10 14 62 79 72 64 8 78 93 50 93 34 59 94 32 78 8 86 49 22 59 57 98 14 76 3 55 55 43 23 36 42 65 14 65 14 52 1 77 56 40 53 91 8 3 26 52 83 10 42 93 63 36 96 49 19 31 65 98 32 84 
57 25 75 84 21 14 87 44 0 53 9 96 67 77 82 68 61 67 30 51 59 55 71 65 88 29 51 62 85 50 97 51 31 32 57 45 61 63 99 32 24 65 82 13 31 61 30 59 44 68 98 78 84 56 50 93 46 52 19 38 75 67 40 24 84 56 82 64 37 31 91 95 69 54 11 46 30 78 62 3 46 30 24 16 42 12 7 93 45 88 15 7 92 38 24 46 21 47 92 2 
62 66 0 65 92 42 48 96 59 68 91 21 67 43 28 24 67 40 84 92 21 83 55 84 3 49 12 81 37 4 52 27 95 84 41 35 8 71 33 3 26 99 32 88 72 14 50 43 9 54 27 47 7 35 35 98 57 18 73 50 28 39 77 10 72 33 93 53 97 60 26 10 16 39 39 73 47 31 50 80 28 36 53 66 62 90 10 48 76 31 43 1 47 48 73 67 41 61 75 26 
31 16 70 73 59 24 34 67 47 30 8 24 90 64 13 52 6 78 85 43 30 6 98 69 40 11 62 88 63 12 72 83 15 57 34 53 97 18 11 51 49 31 91 63 49 20 65 62 56 42 20 94 34 57 45 47 90 20 22 98 9 66 76 12 45 86 70 86 18 89 95 97 63 70 52 0 96 11 32 47 55 10 59 94 81 66 2 54 62 19 47 72 28 67 47 56 43 87 14 79 
17 1 53 36 24 63 31 71 4 16 41 12 43 54 2 71 38 48 15 99 94 0 54 16 46 23 49 51 63 92 61 49 6 83 88 21 28 79 52 94 20 45 61 88 84 2 32 60 57 15 73 46 13 71 78 82 38 11 13 90 20 53 21 87 5 97 35 63 68 96 62 54 8 37 56 96 11 26 23 5 63 79 64 86 7 21 77 95 17 69 77 57 23 98 24 90 79 72 4 31 
99 15 95 14 41 0 65 15 43 14 97 60 95 15 15 31 29 56 57 55 49 7 79 23 74 75 91 62 39 69 5 48 34 81 33 44 2 6 98 14 33 6 67 14 33 38 56 86 90 30 47 33 5 59 96 21 75 80 58 50 41 46 86 67 83 56 49 52 51 59 29 53 27 23 96 2 41 53 17 79 98 45 31 78 37 67 71 6 50 26 48 7 18 61 97 60 52 86 35 23 
32 31 39 47 0 63 2 94 92 1 67 97 22 23 41 9 41 65 90 55 22 3 7 92 81 5 25 90 41 29 34 81 30 58 80 73 17 15 23 6 33 90 14 13 57 62 32 87 90 23 35 8 39 56 97 38 86 33 93 45 40 63 80 57 72 41 72 26 80 12 80 91 96 24 30 31 63 48 46 15 40 8 63 88 13 10 35 88 70 35 62 38 75 11 55 91 70 14 3 31 
12 36 85 45 54 76 94 38 93 12 77 2 17 20 30 48 17 40 25 23 7 98 28 73 29 81 64 97 41 42 0 99 65 53 2 3 90 48 56 50 94 70 6 32 99 59 0 95 18 65 23 66 60 74 91 42 15 28 63 93 16 26 92 35 24 41 79 42 37 77 30 72 42 18 65 28 73 89 1 93 12 95 72 14 62 83 18 27 72 58 64 39 39 28 79 31 27 34 51 77 
65 96 73 68 41 36 41 55 36 74 68 36 55 81 1 71 59 41 50 39 0 90 62 40 63 46 97 74 17 75 75 33 64 7 40 21 92 20 76 16 31 42 6 34 0 58 26 12 78 32 96 8 63 28 75 35 87 74 17 4 55 24 95 9 97 76 61 12 18 78 28 60 14 57 55 23 59 16 15 26 88 4 34 22 86 25 73 41 87 42 49 55 39 25 71 10 73 66 30 40 
12 6 78 70 81 43 91 0 74 86 92 36 35 6 12 31 88 79 9 82 20 41 3 48 88 38 19 48 11 77 49 98 21 76 90 43 81 96 62 17 47 20 97 75 49 84 16 68 18 75 63 21 85 31 28 34 87 35 6 10 11 68 20 34 57 48 52 10 65 73 15 49 77 82 25 18 66 83 32 64 14 77 94 31 58 36 76 47 15 8 90 88 82 5 15 87 92 95 67 16 
69 96 40 28 89 20 25 78 32 16 54 68 82 34 19 55 31 12 35 83 76 29 9 88 47 47 80 21 63 71 96 41 38 59 23 12 69 30 97 10 45 25 8 23 22 8 7 46 37 51 60 63 74 18 92 79 70 86 58 58 29 82 83 8 95 80 25 82 67 61 97 11 9 20 91 63 24 45 12 32 55 5 81 95 70 15 86 16 63 82 32 7 82 46 60 14 40 17 73 45 
95 71 65 49 6 75 70 76 10 39 11 12 42 62 60 46 55 69 61 85 15 60 87 7 43 1 79 30 22 52 69 59 20 5 60 67 66 32 51 11 32 68 95 26 1 42 98 73 81 50 99 18 61 42 47 47 55 29 12 33 96 7 11 80 78 24 63 50 61 30 72 72 32 90 82 59 76 29 98 59 29 75 45 84 46 49 99 14 62 32 46 43 98 33 40 85 29 66 10 89 
9 73 42 22 48 15 70 63 95 7 2 9 74 45 23 31 24 5 77 46 32 93 62 19 76 14 96 6 30 93 17 49 72 64 77 46 83 30 48 37 59 61 16 18 20 38 81 42 1 95 7 75 98 76 24 93 23 30 91 70 64 39 60 70 25 9 57 55 30 43 24 50 15 37 89 75 32 88 51 78 21 5 94 22 52 61 48 6 75 29 73 90 11 30 31 31 53 75 69 14 
48 10 90 46 91 17 69 56 1 6 20 38 74 21 74 3 48 44 70 74 78 27 25 41 75 69 9 52 87 62 3 82 53 99 93 76 24 79 8 28 15 56 25 63 66 57 87 17 68 37 81 84 94 36 68 52 29 7 59 62 67 38 17 76 26 30 34 0 61 5 30 51 91 13 94 68 9 99 77 93 55 68 58 33 94 32 58 10 32 50 1 97 13 36 72 0 73 39 98 83 
30 38 90 6 40 71 71 10 61 62 91 14 49 45 29 88 94 95 91 92 13 13 75 96 58 18 68 49 32 10 58 33 36 85 54 69 66 41 56 49 28 89 46 57 15 28 78 62 55 33 95 70 87 96 68 44 77 81 72 80 99 43 73 29 62 92 84 36 69 11 32 56 57 30 94 54 16 25 41 39 80 55 37 99 38 83 98 64 58 22 90 0 1 19 58 60 36 66 48 93 
46 57 73 75 9 96 27 28 41 25 5 42 90 35 18 32 6 70 91 89 34 67 96 14 22 36 40 21 98 47 52 55 84 99 1 24 87 31 69 23 40 98 16 71 43 79 15 40 96 38 68 55 80 45 99 13 46 76 76 81 97 7 3 20 4 10 29 28 43 11 15 81 27 2 64 99 81 25 33 56 75 49 65 41 52 49 83 46 82 97 2 83 64 18 44 53 16 76 20 86 
1 12 66 27 42 71 34 74 55 79 19 67 0 48 73 0 19 34 63 21 69 13 10 45 72 84 56 33 62 34 92 72 38 74 58 16 19 27 25 47 62 75 56 54 61 95 70 59 24 27 93 1 71 50 44 56 40 73 23 68 78 1 15 98 1 38 27 53 56 0 95 15 41 51 27 85 8 35 86 51 55 82 63 74 85 18 35 50 96 22 65 60 27 11 46 85 55 42 49 41 
45 44 82 46 12 74 21 19 85 22 70 19 17 22 34 86 97 40 37 31 16 29 37 95 0 82 29 97 70 91 36 38 72 90 15 83 40 44 98 8 62 34 94 44 53 67 2 38 94 23 16 46 21 63 1 85 20 8 60 1 68 22 3 56 51 54 74 42 32 61 50 93 77 57 46 81 87 37 31 61 85 93 33 48 74 21 19 35 32 75 55 74 9 37 99 36 57 31 27 80 
8 53 76 42 58 33 69 27 55 16 60 33 44 17 95 32 51 1 56 4 46 41 49 31 35 37 80 6 31 35 26 29 68 88 78 74 27 81 60 54 6 56 27 66 74 19 68 99 73 65 48 13 2 56 67 65 0 91 2 53 68 29 46 60 53 58 90 38 70 5 67 5 95 41 6 89 4 67 34 25 71 44 34 2 30 11 17 39 68 62 60 54 64 22 45 86 86 95 21 38 
34 20 26 32 95 51 10 94 57 13 62 25 57 29 24 70 92 50 27 94 45 17 84 9 7 40 37 26 32 23 47 33 60 32 93 61 16 2 55 92 53 58 44 56 84 50 60 74 75 33 13 74 89 86 40 44 46 92 86 41 1 2 16 43 83 56 76 58 56 74 24 87 40 84 20 49 86 98 59 61 32 32 42 34 95 0 97 42 60 2 82 31 83 93 43 77 35 56 2 63 
51 12 75 41 27 56 54 41 42 97 5 36 38 39 72 98 8 51 31 41 21 43 60 39 78 50 49 35 8 49 20 57 16 94 62 4 49 90 93 11 73 39 86 95 69 26 41 4 15 35 81 6 98 5 47 45 65 99 54 40 23 97 66 95 43 98 14 52 6 83 74 80 81 44 25 21 57 81 78 25 84 12 61 24 86 57 88 43 0 26 54 41 95 45 92 6 40 98 95 86 
91 45 85 71 45 0 51 90 35 41 62 12 91 74 21 39 9 56 15 90 83 21 9 10 69 89 6 26 23 4 40 61 59 6 34 53 54 63 28 40 90 24 31 87 25 77 46 21 52 33 12 61 62 34 51 73 79 6 35 98 53 55 19 58 58 41 49 2 78 85 88 24 42 99 35 78 21 45 56 96 62 75 50 34 62 87 15 85 63 22 60 39 38 90 70 49 33 9 77 97 
63 50 35 61 40 51 83 94 92 3 79 12 47 16 55 25 83 31 74 56 45 10 49 8 92 83 38 29 23 20 87 95 1 11 77 52 23 78 35 11 92 1 74 46 44 71 69 63 7 14 68 87 83 31 86 70 49 37 3 51 28 29 99 91 95 14 21 64 63 62 3 80 91 96 7 93 84 72 57 80 92 20 77 69 27 56 79 65 12 88 81 58 44 76 21 22 25 44 80 47 
25 33 55 62 69 5 44 79 59 98 70 15 9 29 44 83 89 72 20 4 70 4 24 51 28 17 45 67 51 14 6 13 0 73 74 24 16 14 58 45 57 47 10 84 39 21 59 4 43 85 56 75 86 53 87 54 63 88 19 11 10 2 83 31 76 9 1 39 2 73 20 97 27 62 36 77 8 12 72 93 91 14 84 39 32 35 63 14 30 41 74 10 84 90 99 25 38 85 96 22 
75 96 44 63 12 39 55 19 55 42 8 73 28 63 92 0 64 82 48 39 4 12 99 67 0 53 13 78 60 61 71 30 93 69 8 91 85 55 32 17 61 59 27 53 47 80 84 97 79 26 6 58 53 53 66 18 63 2 54 63 17 13 22 91 26 35 29 92 45 64 15 13 88 4 24 37 35 65 51 15 88 96 72 59 41 28 35 81 23 47 86 11 6 97 36 8 57 10 28 62 
20 11 39 23 7 19 69 48 36 70 75 77 75 54 52 17 61 22 49 73 75 27 45 43 25 89 19 57 47 70 26 94 34 84 62 8 2 77 28 38 62 23 82 48 77 30 52 69 32 29 10 61 24 18 35 71 61 77 93 60 31 59 50 68 36 24 58 32 70 87 10 81 50 40 61 32 1 14 17 75 70 98 68 42 89 24 95 62 35 65 3 38 61 89 62 51 73 49 56 2 
82 51 55 7 31 81 80 40 3 68 95 13 52 58 28 63 30 17 71 12 57 73 48 26 97 68 96 76 85 97 4 31 90 43 43 36 66 26 30 61 84 82 70 62 81 51 50 74 23 1 77 2 69 6 10 62 44 68 18 58 9 54 38 6 91 30 21 17 41 36 25 18 55 82 93 84 57 7 9 64 85 45 94 8 7 46 95 94 21 65 1 42 72 54 9 88 24 83 11 17 
42 85 91 15 72 23 57 32 9 33 7 0 47 51 46 61 1 62 24 43 89 31 88 27 2 48 95 80 77 36 31 97 13 99 13 26 4 24 54 21 24 88 90 86 50 52 52 18 9 3 9 37 22 3 89 38 84 36 22 91 78 88 74 41 56 84 95 65 94 43 48 84 54 78 99 4 80 48 41 55 51 99 46 79 71 83 18 55 32 29 71 5 4 39 36 92 77 98 93 88 
2 31 71 16 76 94 90 3 35 40 42 79 9 0 51 10 33 77 28 17 57 61 42 77 42 21 44 47 36 11 50 92 96 40 59 34 64 72 7 50 91 54 21 14 93 1 27 49 82 83 39 20 28 43 22 8 25 62 4 61 23 13 27 81 57 54 51 13 53 68 45 75 2 24 46 13 7 14 95 85 4 71 75 18 11 71 17 33 92 94 82 83 56 39 8 66 76 57 88 50 
40 50 90 22 66 77 23 52 81 66 67 17 30 3 96 52 1 89 21 33 67 77 87 16 82 73 29 31 90 66 18 69 15 70 76 40 95 40 94 30 13 35 3 50 69 49 65 61 19 90 47 27 14 71 63 21 10 51 78 38 46 91 21 49 97 96 60 53 75 75 5 36 22 80 19 32 75 36 83 99 79 48 27 76 46 5 21 50 75 57 63 17 36 81 49 27 34 45 18 24 
8 73 2 17 61 73 82 46 80 60 86 50 63 88 81 47 18 33 47 46 41 55 79 76 0 16 89 30 35 47 45 58 37 58 38 46 72 6 82 88 26 84 14 87 43 82 80 81 62 16 59 74 68 93 7 96 19 73 34 11 3 51 91 66 19 54 32 83 30 83 93 91 35 70 43 74 85 55 49 30 91 75 46 93 9 67 83 64 88 62 76 77 71 54 90 69 21 17 46 47 
36 29 8 67 74 9 84 98 19 9 68 13 28 0 68 16 47 93 27 9 43 93 15 97 97 66 31 59 55 3 2 14 52 10 42 96 20 94 54 4 69 98 69 95 9 45 53 14 91 96 47 3 37 72 83 59 35 17 90 3 77 96 1 53 69 47 97 1 95 15 73 27 53 56 36 79 11 29 0 84 79 86 2 53 29 77 51 10 5 49 26 9 92 52 75 20 39 9 59 78 
33 97 61 60 53 5 41 46 61 3 79 46 13 24 41 12 27 43 92 22 13 56 89 58 79 87 60 30 11 78 1 0 14 60 10 86 9 8 39 11 59 89 92 75 85 19 96 3 15 78 83 24 1 45 45 74 94 54 31 56 24 88 51 79 61 60 15 46 23 49 43 35 54 34 16 39 17 25 87 91 22 18 38 36 36 40 15 84 42 99 30 93 50 21 21 98 42 18 74 72 
29 59 17 18 37 54 95 32 63 52 22 84 55 66 69 34 79 13 7 93 38 7 3 62 54 7 11 17 1 84 21 51 50 52 77 67 44 97 76 99 67 87 25 93 35 24 34 16 21 19 81 13 39 91 99 7 27 92 8 6 67 12 93 63 43 91 95 31 91 43 77 15 67 65 43 6 57 28 19 45 78 96 16 95 83 98 70 27 57 38 49 71 7 16 66 46 55 88 58 29 
71 40 52 41 33 76 9 84 61 8 49 31 98 64 45 95 52 39 39 51 29 24 62 24 1 82 47 57 62 3 11 26 55 64 58 0 96 55 7 63 3 97 88 50 22 89 25 14 73 92 32 26 49 10 91 22 9 57 54 51 72 12 18 89 60 59 55 70 81 50 77 50 48 27 0 64 53 24 90 28 19 68 43 93 28 68 68 97 68 53 33 34 50 8 59 99 44 70 6 51 
71 97 42 62 3 62 21 58 88 33 68 80 5 74 37 47 95 26 12 48 94 17 5 70 91 97 6 36 81 35 77 37 50 12 84 90 57 63 54 47 17 68 73 95 59 20 14 45 48 56 61 87 45 63 94 20 51 36 78 95 23 31 6 9 58 23 65 99 8 24 40 28 30 58 35 64 22 45 14 30 74 14 5 67 27 34 91 60 47 66 21 4 28 31 30 77 68 14 70 93 
2 75 59 64 75 49 7 28 8 89 76 39 93 4 57 12 23 38 62 97 26 37 93 40 6 5 61 37 11 77 3 15 59 38 23 69 26 39 93 58 84 56 45 32 18 15 12 54 94 19 1 24 28 23 11 15 41 59 75 77 12 61 55 21 13 7 16 15 89 2 53 43 19 50 2 92 20 13 24 0 10 17 13 92 22 74 42 16 59 96 55 44 61 56 4 5 42 4 25 3 
32 68 31 3 35 40 97 60 40 51 95 30 25 73 70 14 71 92 76 72 6 83 87 6 8 7 12 96 69 55 8 53 45 12 58 73 27 28 14 99 36 98 14 65 67 25 12 21 67 28 51 51 98 90 25 56 97 39 64 9 95 11 91 8 54 57 84 90 3 15 47 2 2 0 93 33 75 10 86 70 63 45 64 28 33 84 94 82 66 90 64 86 67 96 3 41 42 45 47 1 
84 34 86 44 94 59 28 37 1 33 37 45 6 61 27 87 85 29 21 87 17 18 32 87 73 94 75 43 54 99 4 59 33 15 28 98 22 85 35 85 41 96 86 81 40 39 8 85 77 57 72 40 46 62 79 41 86 57 81 31 29 23 66 91 26 23 73 92 0 12 17 63 4 1 18 43 34 91 27 22 6 32 13 96 75 9 2 84 48 37 23 48 3 5 63 66 52 23 57 41 
95 83 95 61 9 46 92 82 22 13 91 33 46 82 50 68 90 61 49 95 21 18 78 23 73 13 9 60 74 42 16 22 44 58 13 75 20 33 67 11 30 81 26 99 88 3 21 59 70 5 56 58 73 12 58 48 93 99 77 88 36 75 61 66 70 81 67 46 46 93 6 29 14 55 10 39 29 55 70 66 92 9 79 67 87 71 11 2 53 99 23 74 95 48 37 66 97 12 37 85 
5 21 78 29 89 12 11 46 15 67 11 5 91 21 58 51 55 72 89 54 33 93 87 16 50 20 25 33 10 91 58 14 0 83 19 58 35 6 15 24 1 25 27 87 63 41 88 57 13 29 11 99 8 50 1 15 77 83 42 40 83 74 88 90 4 6 33 25 56 46 93 44 19 58 37 45 0 49 86 27 46 51 38 22 46 48 44 54 0 93 43 14 94 1 65 19 7 18 32 26 
89 21 4 90 50 87 30 34 27 77 84 17 13 19 30 98 15 53 53 83 20 74 55 8 75 60 50 73 40 11 59 80 61 1 61 20 49 34 66 71 55 38 38 56 18 71 83 28 40 7 16 62 16 78 33 98 89 55 26 68 84 77 0 68 96 40 60 27 84 21 41 91 28 58 88 48 14 85 33 68 76 40 9 92 13 61 46 51 92 71 59 94 57 8 37 57 47 72 89 18 
68 99 18 27 19 14 61 36 28 0 15 65 39 62 60 49 10 75 58 60 72 10 35 82 30 60 27 40 61 83 15 2 60 55 34 62 27 67 38 69 64 55 39 23 73 99 80 44 23 72 41 36 10 89 31 70 80 90 61 0 78 8 0 66 92 7 62 41 81 91 52 74 43 56 43 40 51 58 74 2 8 37 66 20 45 41 3 35 65 16 1 46 3 58 86 36 48 6 40 32 
67 76 88 48 59 42 44 65 73 62 95 86 2 16 11 75 81 80 67 96 84 95 77 74 99 71 70 44 53 32 80 26 39 96 89 63 55 45 58 45 1 53 48 65 20 95 54 54 51 72 23 13 85 44 58 7 58 22 36 32 10 1 0 4 40 73 14 34 80 37 68 46 25 50 64 50 54 84 80 69 14 28 86 20 61 81 48 90 36 11 55 13 0 93 46 5 47 10 6 13 

