54 30 43 59 19 28 72 27 18 47 4 59 81 80 31 33 37 57 37 53 92 93 7 39 97 33 60 47 84 75 29 69 48 56 93 5 12 98 72 88 66 68 86 20 74 38 79 91 43 36 52 39 25 89 77 10 50 75 13 69 58 64 25 59 81 68 56 49 8 70 14 31 78 81 48 80 68 92 11 39 63 39 9 34 38 59 52 4 55 99 80 70 70 66 76 85 95 93 72 94 
15 21 37 29 87 44 72 39 20 58 44 55 46 12 62 91 66 20 50 64 37 99 19 14 27 83 23 16 80 59 48 40 34 1 35 66 35 47 83 91 85 0 8 95 51 29 76 18 9 66 69 43 63 30 53 86 98 4 62 60 99 90 66 40 92 19 18 97 16 44 73 13 79 62 59 56 50 0 79 14 92 78 34 69 77 44 9 62 77 1 5 33 1 14 40 6 49 92 51 19 
98 25 38 12 10 9 39 74 60 35 39 35 70 17 17 41 71 98 84 9 22 90 55 89 4 87 23 73 22 59 85 3 91 8 9 50 51 79 7 56 76 72 27 98 59 58 82 99 46 10 78 19 53 44 98 63 79 2 3 34 90 67 94 94 21 79 88 11 1 70 78 23 38 86 48 39 4 28 8 28 17 97 95 6 48 9 40 89 67 77 72 73 97 86 32 75 23 89 81 76 
88 20 17 30 62 80 14 53 44 1 64 48 41 11 74 8 85 19 42 80 30 1 57 29 80 31 81 75 78 22 61 77 37 23 80 78 13 92 37 61 11 36 70 22 52 69 61 89 0 24 52 55 99 63 24 34 34 66 67 26 45 94 39 37 95 81 70 39 31 93 1 38 1 37 34 87 68 17 98 70 23 86 65 38 54 13 7 77 19 6 74 35 60 85 65 41 42 52 49 92 
34 83 90 85 71 92 48 55 81 73 2 58 48 20 39 67 56 5 43 70 23 13 76 51 39 75 89 60 19 7 95 89 20 98 27 61 40 5 27 9 25 79 93 59 63 85 44 12 4 53 71 84 95 98 59 93 7 12 97 91 61 97 41 95 96 2 37 79 21 64 37 41 86 17 26 62 50 95 5 89 82 75 73 44 78 58 69 94 3 72 47 89 96 60 7 10 82 64 84 47 
21 69 64 52 23 30 27 17 19 9 70 87 79 18 91 69 13 99 0 53 8 67 99 63 52 79 29 9 11 78 64 92 8 4 81 14 73 61 90 64 9 35 34 69 1 29 79 68 31 14 37 15 84 73 83 17 46 86 35 77 90 77 81 71 46 37 48 42 55 88 80 66 21 97 51 5 63 90 19 73 92 11 79 99 38 99 66 42 93 65 0 1 76 21 70 59 64 49 8 57 
61 82 65 12 49 3 59 4 90 44 3 39 88 47 52 63 51 83 15 23 2 48 25 82 99 39 8 25 45 70 31 54 64 87 17 46 84 41 15 52 56 3 25 46 36 60 30 4 85 35 39 31 44 79 94 56 37 25 71 28 73 81 31 2 51 71 75 39 43 52 99 73 8 75 12 67 15 3 6 96 15 57 78 31 83 23 43 2 46 5 75 17 57 11 49 44 14 10 84 47 
72 18 39 35 75 36 63 30 65 49 32 19 57 55 80 46 47 90 64 40 24 69 36 68 68 70 9 97 61 4 92 24 78 44 86 8 95 62 15 18 55 48 8 28 75 99 92 89 57 41 0 64 85 43 73 8 38 20 90 53 13 25 15 75 65 82 14 75 55 57 72 76 16 2 53 16 10 91 99 27 96 53 16 39 84 14 79 93 64 68 22 43 97 74 73 35 94 33 41 22 
12 62 41 4 4 62 45 87 82 98 58 22 76 48 60 76 90 6 79 37 65 73 23 40 89 17 90 21 60 11 48 46 44 47 4 57 76 92 42 48 85 88 90 23 34 36 72 21 46 71 34 73 61 9 30 55 42 55 25 84 47 50 63 46 34 49 39 19 42 75 25 83 65 93 94 40 73 71 72 98 12 96 79 64 29 99 67 77 87 53 39 58 72 29 69 34 78 5 31 27 
81 41 30 17 5 77 65 5 21 95 3 36 89 99 85 92 75 47 46 65 0 41 68 3 10 43 36 60 53 81 36 45 62 69 40 46 6 4 70 5 35 59 31 7 91 68 87 97 2 73 26 56 2 49 12 72 65 42 86 14 42 79 42 24 19 55 33 77 11 70 14 89 34 67 34 54 77 81 30 12 39 81 29 90 24 39 11 41 70 49 28 60 9 30 77 9 11 75 31 87 
72 35 5 29 62 2 49 29 16 55 26 61 44 23 21 18 10 41 72 41 51 76 58 71 99 33 72 67 95 90 15 31 57 63 51 48 63 70 0 58 22 6 55 55 68 31 59 28 49 78 8 97 67 15 91 94 31 86 92 91 17 74 53 2 43 10 0 2 6 18 58 6 22 46 37 98 27 58 86 86 40 78 67 20 31 74 29 15 37 52 9 97 91 52 28 0 85 37 67 64 
22 78 56 16 20 88 59 52 30 66 64 61 27 65 1 83 57 41 58 59 25 59 27 56 25 96 14 68 83 34 74 70 36 98 39 66 33 42 78 34 12 4 75 68 35 62 30 82 16 24 55 64 20 67 58 32 49 63 69 86 18 23 75 43 3 11 9 12 52 54 90 87 74 69 21 25 94 91 77 0 44 11 80 70 85 36 45 47 29 23 6 80 77 26 63 28 3 91 54 83 
85 30 59 77 6 39 24 56 54 44 72 81 38 70 49 93 33 58 5 78 89 30 21 43 28 65 65 0 80 3 80 15 81 48 85 60 30 44 92 98 71 3 45 26 53 90 93 55 19 57 90 28 11 18 2 50 20 26 83 52 7 23 50 19 35 46 3 85 97 90 87 23 12 89 61 27 78 37 34 55 43 25 88 22 77 41 17 42 76 95 51 40 83 12 75 44 51 66 23 56 
84 7 56 14 25 54 91 63 55 29 46 63 85 82 59 11 31 98 25 74 96 23 6 71 68 8 24 81 18 43 87 0 30 34 66 60 34 82 9 75 30 64 22 92 2 17 63 69 71 37 3 68 97 26 24 14 19 5 49 31 95 17 40 6 35 63 6 24 44 58 57 91 7 92 74 25 93 16 31 60 99 89 83 28 69 20 49 60 87 41 89 97 90 24 33 49 28 30 48 75 
66 60 49 98 12 43 69 22 74 33 64 73 38 4 81 59 51 53 97 57 84 38 38 28 23 32 52 62 32 27 87 24 28 38 99 40 11 31 61 85 2 50 34 20 13 77 32 9 88 5 15 47 83 67 42 44 23 41 19 5 31 22 69 24 67 70 59 18 87 51 88 20 12 53 81 72 35 52 30 33 42 24 60 24 19 48 66 4 33 19 59 25 5 3 28 66 98 70 55 60 
93 79 75 75 52 24 48 54 84 57 49 28 84 18 88 8 88 17 30 45 38 30 68 26 31 70 49 84 81 49 41 45 36 42 70 7 83 45 85 53 96 69 86 30 62 67 27 80 50 21 6 10 36 6 78 41 8 75 40 15 89 14 83 14 56 50 68 43 72 95 70 42 40 78 89 13 5 79 5 8 90 98 18 80 5 12 89 90 69 50 25 41 5 11 75 98 22 94 23 89 
35 22 60 21 75 25 62 32 52 31 89 15 55 63 45 46 65 6 40 48 4 11 52 18 21 79 22 18 24 47 5 18 0 70 11 45 93 2 92 77 52 29 17 85 22 45 84 5 46 53 40 20 35 23 16 41 45 26 91 86 24 31 75 52 4 51 14 63 43 46 56 81 99 79 59 28 94 26 87 65 62 46 65 29 78 64 6 11 62 24 60 37 70 83 73 15 98 73 67 78 
72 11 51 47 3 19 92 37 3 67 58 33 1 43 63 24 39 32 58 72 67 45 71 31 9 59 67 7 75 12 0 50 20 3 87 92 79 55 95 39 9 80 89 65 61 70 18 49 92 69 0 75 1 57 5 85 49 27 72 98 74 76 50 69 24 4 36 35 92 89 50 8 1 26 55 55 88 18 49 31 5 5 40 76 47 32 46 39 90 72 94 71 79 5 21 73 11 84 52 5 
81 91 75 16 94 47 21 68 6 6 82 59 0 79 9 9 69 39 14 60 65 28 87 12 18 3 89 30 41 94 41 69 66 28 59 56 0 68 71 15 81 60 7 12 71 50 61 43 43 76 64 69 65 77 96 18 0 11 65 97 67 97 32 4 12 68 26 80 92 30 41 74 59 67 57 59 33 92 98 61 22 76 90 77 42 85 17 56 76 31 31 57 4 11 5 62 26 7 72 95 
69 56 87 37 99 43 95 27 99 28 76 80 37 40 22 57 13 98 33 2 74 64 37 48 60 31 28 62 28 13 93 66 95 17 84 33 2 44 59 33 8 30 41 31 96 30 25 69 53 15 14 10 3 79 72 31 40 37 53 72 50 14 56 16 27 35 98 66 15 18 87 84 60 50 56 80 20 44 3 96 66 11 82 66 50 11 23 28 42 25 87 98 37 74 66 58 15 45 75 47 
30 17 57 13 87 92 68 35 8 76 91 15 84 16 46 2 43 91 88 15 28 3 91 49 40 21 63 63 74 99 52 60 15 21 43 76 14 8 18 81 4 20 3 25 36 73 2 27 95 17 61 60 18 67 77 80 28 47 59 60 77 33 85 67 55 47 97 52 92 66 58 74 29 39 45 15 77 6 97 16 89 88 12 86 31 58 77 85 75 80 98 33 62 63 13 97 73 5 37 78 
2 47 0 9 49 89 70 32 24 59 69 59 93 31 7 45 75 66 11 64 39 13 63 57 24 53 33 93 41 44 49 49 19 85 71 27 43 62 26 49 88 52 36 81 15 44 86 42 26 96 18 58 88 68 43 33 92 87 94 69 8 41 27 82 47 25 89 39 0 14 69 25 41 93 7 84 44 86 95 41 17 41 56 51 65 35 59 84 84 93 94 45 1 70 29 52 18 68 20 62 
22 69 90 49 19 3 78 44 79 85 76 61 43 35 71 98 94 36 68 59 51 83 57 86 92 45 87 28 57 88 21 60 52 15 82 61 19 84 29 8 33 97 15 83 28 0 28 64 43 25 69 61 66 53 89 92 66 36 3 97 55 83 32 96 83 72 10 64 96 57 59 1 93 83 94 74 93 70 11 16 24 88 25 87 71 48 85 6 82 21 12 77 24 27 81 78 81 92 40 79 
71 22 58 87 27 29 2 27 49 31 91 3 62 47 39 57 29 26 56 49 80 71 21 69 44 82 83 91 28 27 8 57 90 32 64 1 79 60 66 25 4 50 93 40 61 17 16 14 4 61 71 8 45 58 7 35 88 87 7 55 16 61 56 35 95 17 38 91 42 96 80 9 63 74 62 56 31 14 64 90 17 11 50 84 40 17 50 31 56 34 5 65 80 79 58 44 90 95 92 7 
15 58 74 11 56 5 60 83 34 90 27 46 87 82 32 48 5 22 98 96 42 94 85 94 0 59 95 69 5 61 93 10 78 64 17 86 10 86 71 60 73 57 53 30 90 96 11 49 92 4 38 35 36 57 7 85 4 19 83 90 34 94 95 99 24 68 45 78 10 49 1 4 61 63 25 13 3 59 97 7 66 67 60 36 25 58 50 55 61 69 6 6 64 24 36 15 88 84 2 93 
42 38 36 2 92 88 32 28 24 54 91 13 66 75 22 82 86 85 84 32 53 23 88 10 12 62 41 41 50 62 28 56 45 81 90 83 73 8 30 27 20 53 13 40 49 97 85 77 61 7 91 47 43 24 20 49 89 68 90 31 3 85 38 86 96 54 57 18 49 3 47 21 12 4 99 27 9 27 48 86 21 6 80 73 32 83 63 0 31 18 14 13 18 64 49 25 57 82 18 48 
18 13 79 78 90 43 77 59 93 62 13 97 95 83 43 57 74 42 18 90 6 68 99 60 75 49 13 69 58 39 12 60 15 83 57 59 65 50 22 91 50 35 18 17 41 86 91 88 60 8 82 76 11 58 15 80 2 83 22 11 23 14 93 11 60 51 86 80 14 57 67 56 18 68 5 19 14 80 26 61 31 57 30 69 33 12 87 92 4 10 32 63 35 48 3 1 14 59 38 80 
7 44 64 90 36 26 16 59 94 11 30 45 38 25 1 70 25 34 27 21 64 74 74 96 6 27 3 1 16 9 57 92 79 7 49 8 28 66 0 20 26 41 8 83 9 52 38 75 66 44 99 66 75 15 81 39 44 89 77 92 18 75 19 35 19 59 14 26 95 47 40 42 81 48 88 92 84 42 90 31 96 79 86 0 44 77 21 43 18 84 25 61 49 91 76 58 17 58 2 6 
80 92 58 90 91 26 45 64 84 63 73 47 51 21 94 71 87 65 98 85 90 82 34 37 52 95 11 29 56 81 10 49 7 59 8 20 17 17 45 30 36 52 75 54 96 8 77 98 0 17 56 64 19 34 82 88 43 86 45 7 80 53 90 62 44 67 19 7 82 79 38 95 85 7 51 9 22 86 80 45 24 38 38 37 26 35 91 57 54 0 38 77 30 80 42 94 36 72 19 56 
2 87 29 6 81 97 95 23 81 89 99 46 10 33 26 88 57 71 46 92 94 33 50 14 5 88 26 68 74 26 76 94 57 61 74 84 22 51 1 1 22 95 17 10 86 36 70 52 55 37 79 86 51 85 44 82 1 12 81 46 95 81 57 70 52 41 85 20 52 35 38 3 56 70 4 56 97 49 59 93 25 13 9 3 19 52 58 7 74 7 41 0 10 21 36 59 90 47 89 19 
57 79 6 80 19 57 82 5 26 6 49 33 66 27 78 46 12 98 26 99 45 79 84 40 79 30 55 94 0 15 40 89 3 78 44 40 43 52 60 92 37 73 35 45 70 23 12 64 49 83 89 30 58 43 47 51 70 88 59 63 73 65 4 45 34 91 62 85 57 62 66 87 75 80 47 68 93 61 56 40 30 67 59 61 55 35 86 60 68 79 96 45 29 61 6 43 36 48 38 68 
48 49 83 2 91 93 83 56 52 49 78 71 32 79 80 44 6 71 8 64 96 15 85 45 80 23 53 49 79 72 85 72 69 20 13 58 17 75 48 93 26 12 29 89 78 9 35 22 42 51 11 6 59 9 48 90 3 16 11 0 38 23 23 67 95 31 42 83 98 86 82 20 20 88 15 37 0 46 13 59 88 55 5 32 39 71 7 33 69 18 26 75 70 89 39 81 34 55 47 76 
20 54 60 65 0 34 94 95 11 83 34 49 98 47 63 30 98 47 91 13 74 94 68 92 10 94 91 67 54 46 88 14 18 39 28 83 64 55 79 20 2 6 58 37 54 39 69 97 40 75 32 67 47 57 23 11 70 26 5 69 84 73 13 12 1 33 68 87 36 1 2 44 5 37 81 62 0 28 30 69 47 1 61 15 7 34 35 33 6 5 46 86 15 92 21 27 27 28 33 44 
66 46 79 2 1 63 34 54 7 20 76 21 17 64 52 72 38 68 98 34 87 51 14 75 99 36 2 23 27 12 43 47 36 37 50 7 49 35 87 97 7 13 53 38 21 35 75 10 85 85 27 25 60 48 13 19 17 55 94 3 49 42 26 79 53 9 38 11 81 71 78 36 96 77 94 43 44 88 75 59 51 28 21 98 17 81 83 23 44 15 58 79 82 4 41 49 22 12 88 5 
82 90 80 7 63 6 19 5 49 94 32 0 40 84 69 15 27 64 31 50 16 98 6 37 29 87 53 53 6 77 96 89 7 4 5 97 59 38 67 59 8 21 94 16 77 95 11 14 37 82 6 53 98 70 5 70 66 44 31 14 97 84 14 72 28 97 68 59 28 95 0 22 41 37 48 37 88 16 6 3 8 48 56 76 17 42 9 45 22 89 76 45 84 29 46 2 25 49 87 28 
78 48 60 46 13 78 16 55 24 15 4 3 42 40 33 86 93 41 88 67 64 44 99 81 81 24 11 98 27 4 80 5 78 16 16 58 31 76 24 51 30 48 3 5 21 40 93 11 43 81 35 87 40 88 43 83 67 97 90 57 69 10 40 41 24 37 20 27 16 63 33 33 48 47 88 42 8 23 95 64 10 21 98 27 75 4 19 2 79 56 11 50 36 75 27 49 6 58 76 96 
63 39 75 28 81 33 67 54 72 33 32 53 66 69 72 47 40 6 80 15 51 93 90 86 86 76 68 97 46 83 76 14 52 65 85 24 25 36 0 20 64 45 72 10 11 17 11 20 83 41 10 17 10 85 31 17 61 55 33 44 23 24 31 4 67 3 37 67 73 73 63 97 44 69 15 53 74 37 85 22 65 85 1 1 12 18 53 66 9 85 56 39 14 81 74 31 9 51 1 22 
12 40 23 12 53 44 97 29 78 53 87 36 56 18 45 79 10 33 34 34 92 7 10 57 53 34 89 67 89 31 90 84 91 18 33 2 73 42 61 40 8 69 93 23 7 80 69 90 15 51 0 92 52 59 39 27 10 80 80 91 27 73 52 35 84 69 97 43 3 67 85 79 74 6 35 14 11 83 7 27 67 74 36 20 5 79 87 40 77 93 39 19 92 99 3 15 65 39 39 18 
80 59 79 29 54 98 96 50 74 67 29 9 3 56 41 8 81 70 69 73 73 70 73 16 27 35 30 21 65 19 7 51 58 19 64 98 16 98 82 43 47 4 4 13 86 64 37 82 54 67 71 98 50 20 15 46 56 36 58 9 13 84 60 75 0 81 91 52 55 39 47 48 58 34 75 6 40 13 98 10 44 72 15 38 84 1 49 53 79 89 11 22 64 96 88 30 46 46 18 77 
31 71 36 93 16 62 88 77 18 73 85 69 13 84 58 13 84 87 11 15 77 52 21 33 34 26 25 59 17 82 3 89 96 60 45 16 4 90 89 42 3 23 46 43 71 3 28 96 81 32 57 59 6 40 88 97 36 98 28 51 12 86 44 89 34 85 89 22 19 88 31 72 35 27 13 55 5 93 56 23 71 46 62 11 68 41 12 3 77 48 8 34 3 88 71 72 86 9 74 66 
67 90 66 32 86 97 42 1 12 18 12 45 46 12 24 43 77 39 0 55 25 64 63 75 15 54 88 91 24 46 86 1 70 98 86 37 89 97 4 91 70 74 62 79 23 1 25 1 92 50 61 20 8 50 7 82 43 43 1 18 78 87 2 62 91 42 18 68 3 35 92 98 66 89 83 61 49 67 66 34 81 23 7 86 19 58 13 40 99 18 84 88 46 12 18 19 39 56 92 92 
85 71 54 13 33 91 51 86 65 9 3 36 61 72 86 34 77 20 33 37 40 5 51 90 47 77 13 84 1 71 74 34 49 49 22 94 81 5 45 70 74 43 11 7 91 10 49 0 63 20 47 4 29 63 80 71 66 58 93 46 9 47 1 41 10 58 16 9 65 89 83 58 8 37 20 19 8 17 86 11 83 90 15 14 78 16 92 36 14 11 44 97 40 48 13 22 37 4 71 67 
53 68 83 18 23 3 76 55 26 70 19 88 11 47 52 42 43 88 38 13 31 76 7 40 81 33 86 73 0 44 85 16 58 67 2 69 76 74 80 67 7 47 77 70 43 49 95 77 93 35 80 21 17 73 10 48 32 64 31 81 94 15 32 79 67 36 32 96 14 60 88 52 59 58 24 26 73 46 64 78 7 45 8 36 69 6 1 72 37 33 33 91 75 71 45 53 84 1 69 3 
82 22 71 14 60 42 28 44 55 96 3 78 74 38 55 60 46 96 79 1 53 62 8 6 64 46 76 9 54 81 44 84 82 40 27 60 8 6 24 39 73 45 4 53 97 34 53 14 64 41 34 31 47 8 12 51 40 27 28 24 68 91 95 94 16 71 66 11 10 92 53 48 69 84 82 82 88 17 74 17 40 95 36 1 95 27 5 9 11 77 26 17 94 21 56 75 12 57 25 22 
15 71 60 34 85 20 6 90 71 40 89 38 13 56 14 55 58 76 46 89 81 50 83 49 80 50 4 96 24 56 20 94 54 79 22 18 52 79 96 72 19 49 76 8 87 38 48 47 35 5 69 87 79 41 61 84 19 30 50 80 70 6 26 30 67 20 22 39 67 0 92 65 11 61 13 45 95 39 37 34 7 35 72 26 68 98 8 97 14 73 76 44 98 65 5 79 39 61 15 34 
53 3 22 12 7 25 17 29 28 73 67 19 64 83 28 19 65 17 66 69 14 95 64 59 78 68 31 61 0 73 88 94 26 60 98 66 76 52 40 93 42 35 76 7 76 99 9 69 89 10 21 23 10 40 4 22 80 35 41 3 93 85 66 0 2 55 87 19 1 21 69 97 18 69 25 81 91 69 94 1 80 37 51 52 6 88 18 88 67 2 51 74 71 98 13 24 54 92 42 70 
42 78 66 56 67 66 26 95 99 4 28 2 78 74 86 95 54 15 99 2 32 52 1 49 64 44 93 97 85 55 3 60 72 98 57 43 61 72 42 45 6 20 64 13 52 13 7 61 47 66 42 64 26 87 83 45 83 51 74 40 60 77 62 0 6 56 7 89 0 10 27 68 59 60 20 65 93 30 17 33 56 79 85 1 29 22 8 17 80 16 95 60 2 4 98 15 40 94 52 15 
81 52 51 44 87 74 84 84 94 46 6 72 65 63 94 29 85 22 73 66 24 33 61 30 99 37 45 64 10 87 96 33 91 55 7 20 93 37 18 79 1 67 16 10 39 59 42 22 31 65 98 96 22 96 20 73 99 21 85 84 5 39 78 78 83 57 71 89 93 25 49 24 32 15 40 18 13 37 5 78 66 48 87 50 98 63 52 38 47 18 59 18 16 22 43 42 35 43 75 18 
47 46 44 15 91 92 62 77 75 3 63 17 83 83 96 48 53 60 5 0 46 74 23 83 88 40 8 78 89 85 2 80 64 45 72 67 48 52 50 6 86 60 63 20 68 31 36 19 30 77 2 57 28 47 56 71 35 30 50 26 81 0 90 87 59 24 37 25 65 93 23 70 89 75 90 54 7 98 4 95 85 72 65 94 21 47 92 13 24 58 28 49 73 22 29 62 61 56 14 57 
2 69 59 68 0 18 69 16 12 13 84 20 87 64 20 93 82 33 77 14 28 25 65 72 91 1 28 65 76 81 49 18 77 11 48 77 20 88 54 22 85 81 12 4 14 41 32 54 95 45 84 53 33 32 16 39 23 99 51 66 90 68 56 88 72 99 7 13 88 17 73 11 96 93 12 42 25 23 32 72 70 70 37 19 38 77 82 21 15 34 81 6 67 19 52 76 30 65 68 67 
92 37 28 52 73 52 59 60 21 62 90 64 81 82 80 71 83 58 59 78 77 1 88 72 13 36 93 10 56 89 18 4 96 12 81 32 74 80 83 30 16 42 12 38 63 68 8 46 93 69 51 95 81 11 26 85 82 85 67 41 13 31 31 95 77 70 74 0 49 48 66 29 69 47 7 25 13 96 7 84 95 8 30 48 25 58 40 12 38 0 38 82 97 3 33 53 90 7 77 23 
13 72 77 77 49 57 19 13 53 87 11 68 37 1 71 36 71 21 22 55 55 80 65 0 60 97 5 29 68 83 34 98 7 56 4 65 2 88 64 51 6 7 77 54 3 10 51 48 6 56 23 30 55 52 17 52 23 89 11 52 85 91 95 45 66 80 90 26 58 21 62 75 49 37 12 75 30 26 54 31 15 39 45 22 69 82 98 90 61 3 71 58 67 89 39 3 54 80 97 0 
53 66 64 12 60 45 82 67 62 41 64 58 76 26 42 59 42 97 80 17 14 12 56 18 14 2 21 73 31 0 71 2 1 36 63 47 42 12 1 10 53 43 1 88 28 57 87 76 93 93 7 97 83 70 59 48 36 19 30 46 86 40 81 20 64 8 87 24 59 0 71 54 73 24 56 43 40 52 44 46 22 94 54 87 31 51 60 73 23 62 58 71 98 44 15 15 82 56 32 6 
72 55 46 62 65 36 91 64 74 16 93 20 41 60 42 63 82 5 55 57 79 85 32 83 12 40 12 59 69 90 34 85 0 71 34 32 54 35 68 85 53 67 65 87 39 15 20 92 21 38 64 67 46 43 22 79 98 41 2 27 55 49 28 42 95 26 65 4 42 73 56 98 65 74 18 11 83 83 9 71 95 64 91 52 18 51 26 47 90 69 63 36 80 40 56 81 2 10 54 32 
75 34 23 50 23 54 90 63 86 53 4 48 44 53 59 28 31 63 85 62 84 2 96 77 26 69 60 65 24 1 32 65 13 71 76 46 34 5 42 87 2 43 64 62 73 20 13 54 63 30 71 24 66 62 21 83 91 39 85 79 61 54 88 70 90 98 24 17 2 45 86 5 69 10 20 13 13 97 17 30 8 32 64 26 22 23 77 93 14 18 82 66 77 41 30 48 88 65 84 48 
60 69 89 38 99 39 41 22 56 28 55 65 1 85 44 84 32 7 26 20 16 78 5 27 29 86 18 78 67 18 66 19 67 24 37 25 14 80 31 69 22 13 31 7 59 69 94 70 34 84 10 52 92 83 8 21 0 57 63 78 29 71 58 29 75 72 36 35 88 19 30 89 28 28 0 7 40 96 3 78 30 41 98 48 86 69 16 61 71 42 34 40 92 2 50 3 69 24 11 87 
33 71 81 11 85 1 39 66 51 78 95 67 51 46 74 13 14 0 25 87 17 41 51 97 48 57 1 92 59 40 74 67 7 15 66 18 30 8 44 83 5 59 62 11 22 19 10 86 45 41 67 30 38 6 86 89 67 11 70 69 84 28 24 39 48 69 35 19 62 41 99 71 64 16 68 78 62 56 66 52 86 54 78 75 66 69 31 95 35 39 22 29 9 80 47 72 3 44 73 14 
45 8 40 46 67 55 12 97 83 9 17 66 57 36 93 33 26 15 66 72 79 51 61 29 32 68 13 46 69 52 36 90 99 66 86 67 30 85 32 84 97 74 64 61 27 16 21 41 73 38 54 79 72 54 22 80 40 16 15 8 13 69 51 95 77 85 51 98 50 47 66 10 73 99 91 41 3 84 43 90 87 20 84 89 97 52 83 83 53 28 61 19 87 7 16 34 58 55 25 81 
98 43 55 8 10 80 34 85 9 70 0 29 13 87 92 42 18 17 50 34 16 24 19 10 19 74 25 35 82 10 25 61 94 47 14 34 37 62 53 45 78 96 15 98 54 21 70 57 39 54 72 80 36 41 36 22 46 10 51 50 18 72 86 93 67 94 57 31 4 71 23 14 21 88 39 96 10 12 30 22 49 65 1 98 50 29 86 3 87 55 98 21 29 39 62 70 56 19 2 3 
97 48 9 96 94 33 95 75 10 6 35 6 43 83 21 83 52 90 23 72 71 50 6 15 39 65 95 63 49 24 6 43 28 90 59 94 66 55 44 17 73 58 39 45 62 44 23 60 72 6 24 57 36 97 22 90 36 13 78 46 42 44 25 3 67 31 13 61 16 5 82 55 51 7 76 54 92 81 1 8 94 75 21 95 36 33 60 26 1 67 27 3 12 75 87 58 84 33 59 85 
0 5 9 52 25 47 3 18 99 24 17 96 64 43 93 30 67 63 70 96 10 87 6 92 10 17 24 5 7 31 4 93 22 74 92 90 97 13 99 33 59 7 36 52 96 44 14 41 35 85 73 64 33 88 71 42 37 66 3 67 58 12 82 25 27 28 40 9 6 25 94 65 22 24 94 27 57 53 38 57 62 69 60 45 4 33 93 27 0 18 61 93 23 82 39 26 42 52 94 42 
13 55 70 25 58 37 30 30 16 98 6 74 44 45 93 88 14 63 1 59 55 1 38 50 17 24 12 12 36 92 32 13 76 87 64 27 43 8 54 60 32 90 82 31 55 47 66 24 19 7 40 58 34 11 78 35 13 74 21 10 23 65 34 65 14 22 32 96 63 31 8 74 93 87 45 72 85 38 81 14 4 37 75 15 82 5 29 0 46 48 9 53 98 83 22 38 7 74 50 95 
20 97 9 51 84 96 1 54 97 14 8 38 44 81 93 66 86 9 38 20 16 10 6 49 62 59 82 58 0 12 14 29 25 30 9 64 15 9 68 1 36 3 51 3 16 76 33 20 82 12 27 28 47 44 90 77 33 3 72 10 60 81 39 9 67 22 28 8 28 99 55 16 89 33 88 5 50 12 54 93 47 75 50 47 60 78 98 57 70 93 54 5 19 79 26 88 13 61 21 0 
23 84 90 40 56 96 97 2 44 26 33 72 4 49 0 26 38 92 50 22 45 39 57 73 6 83 99 93 75 35 54 52 63 69 21 56 13 52 96 67 90 7 2 22 21 21 72 36 90 47 85 72 43 47 80 6 8 58 98 57 45 64 53 63 72 6 47 53 85 25 67 39 70 54 81 14 47 49 0 6 86 21 1 18 91 59 65 49 5 43 51 56 24 36 87 58 34 0 58 63 
71 39 35 75 66 86 5 25 69 79 18 55 96 39 76 77 29 81 82 10 46 33 5 37 59 67 59 84 66 97 24 89 84 14 55 94 86 37 67 74 91 1 31 28 12 10 43 40 41 52 8 16 66 2 29 89 74 10 75 82 7 99 74 7 14 75 25 2 32 90 12 54 94 62 47 25 56 57 22 40 24 8 55 20 33 73 11 7 6 79 13 11 61 20 20 74 96 4 7 63 
38 9 2 65 69 46 78 5 14 87 20 48 17 85 75 97 76 54 23 64 2 24 50 96 61 58 61 14 7 23 38 34 27 41 53 46 20 33 36 81 98 22 63 45 73 87 19 16 86 97 61 35 22 91 2 77 66 60 87 26 9 50 86 27 88 16 39 13 95 3 8 28 46 65 97 19 23 46 77 69 79 42 69 5 71 62 25 57 28 85 32 19 68 35 27 77 36 45 46 88 
55 4 11 75 96 3 55 29 75 62 39 35 3 73 14 2 28 47 3 60 31 47 25 41 35 60 5 13 15 57 20 32 3 12 73 42 75 6 21 44 13 35 70 54 99 26 17 57 89 92 31 72 20 5 10 79 99 75 31 19 97 58 23 84 56 72 18 8 44 89 35 7 6 29 66 91 34 85 50 42 91 72 3 62 66 67 86 97 66 91 58 1 47 77 36 18 72 26 10 41 
54 88 89 67 61 41 62 98 9 50 5 39 85 31 17 97 38 25 71 32 16 24 70 62 96 86 30 86 93 51 16 34 53 51 26 15 98 33 32 86 46 38 29 69 99 40 41 63 27 19 71 28 43 17 91 88 96 9 95 13 3 52 37 3 49 74 79 48 18 98 14 24 35 75 88 95 38 77 81 4 25 37 43 68 85 48 81 96 36 19 69 31 60 3 82 55 47 73 32 37 
64 33 21 35 56 46 64 19 84 13 76 93 16 51 31 45 25 60 35 53 59 34 85 47 74 10 56 87 46 45 57 96 25 28 65 40 51 44 98 81 72 52 69 86 81 82 99 58 92 30 18 23 5 28 55 74 29 43 74 22 38 96 10 42 99 9 65 75 26 47 82 70 3 99 77 34 59 32 66 12 88 64 66 92 79 83 15 31 87 72 19 5 12 91 2 69 0 99 75 39 
49 49 59 74 67 56 48 14 87 18 2 91 35 67 19 34 8 69 52 15 22 0 74 40 19 39 30 13 83 53 49 53 10 25 95 24 91 56 2 53 59 9 29 46 25 47 17 49 84 69 76 93 21 26 28 18 68 62 10 13 85 29 16 96 67 34 72 61 83 3 30 76 5 87 24 5 33 8 72 30 96 83 45 10 49 52 5 91 65 38 14 86 81 78 72 37 71 50 63 96 
64 94 58 62 41 50 19 73 43 55 31 56 23 90 8 46 77 77 1 1 12 53 30 20 31 56 17 35 67 60 92 50 65 63 16 48 17 13 93 90 19 86 47 1 73 24 97 28 29 33 79 13 4 81 1 78 3 79 18 43 94 72 67 18 94 72 1 93 75 71 20 75 2 7 72 58 86 28 67 85 2 48 41 50 98 9 57 64 78 99 17 0 20 70 19 1 40 19 17 19 
86 38 86 85 43 16 98 17 27 66 92 56 38 18 57 25 13 72 80 23 47 32 20 39 9 26 98 6 34 66 35 63 83 73 68 84 42 47 84 18 23 46 62 54 27 7 0 9 61 24 71 7 47 94 8 48 18 24 74 19 52 40 33 27 61 52 94 11 39 63 96 33 95 65 26 30 1 76 14 28 83 32 54 7 25 34 61 74 34 64 4 61 19 0 53 35 40 3 79 46 
91 96 64 17 94 93 16 13 3 47 47 70 50 12 36 24 9 62 98 22 70 99 27 62 30 40 44 99 4 98 93 74 94 41 61 86 96 91 52 70 21 81 46 9 26 64 15 66 67 59 41 83 68 23 77 30 33 51 26 89 66 61 90 23 90 28 91 13 9 31 37 10 91 35 32 78 35 68 1 75 52 70 80 46 99 53 32 40 16 57 83 4 97 32 43 28 37 84 97 98 
34 70 32 81 90 99 61 35 66 89 31 46 87 37 76 82 28 54 30 45 48 46 42 94 34 99 16 98 98 1 93 24 34 10 81 6 9 95 25 28 34 37 93 5 80 38 61 28 81 0 25 41 72 6 96 68 72 98 21 48 54 39 61 72 97 73 16 82 48 77 88 61 15 9 26 53 80 47 34 71 45 89 58 59 49 25 9 61 67 82 25 67 23 22 18 9 44 93 57 12 
88 99 46 97 82 49 92 69 82 70 33 29 4 63 24 39 10 55 49 61 39 85 50 87 11 7 20 96 54 56 72 41 52 12 2 20 66 82 5 70 26 82 64 35 2 84 5 67 71 49 84 22 69 93 2 11 26 48 27 48 3 29 20 57 76 99 29 43 64 82 30 47 28 18 4 55 12 23 67 60 88 89 22 77 32 36 42 83 27 34 30 74 60 92 78 15 40 14 99 34 
62 75 23 65 21 52 33 73 34 4 99 53 34 92 38 25 64 64 82 24 14 86 98 6 87 12 78 51 5 4 92 48 46 31 88 63 9 19 67 32 62 35 73 11 20 7 13 20 98 7 21 94 35 54 96 63 83 3 4 70 38 49 87 2 27 8 84 22 78 87 57 1 54 3 85 49 74 48 95 70 25 47 81 24 79 24 62 93 29 60 24 24 56 65 38 35 82 77 92 62 
26 24 61 4 61 46 46 49 65 61 4 12 33 43 32 91 85 46 36 98 11 95 61 96 86 64 63 44 42 22 44 10 60 30 69 88 64 16 57 71 76 24 28 70 38 39 35 7 97 38 64 39 4 68 28 87 96 90 19 16 39 78 60 35 68 38 46 25 1 15 71 48 67 51 58 95 17 30 66 95 44 47 24 35 81 91 85 28 38 88 34 96 98 67 44 80 47 10 88 48 
79 60 61 52 11 49 91 24 77 58 92 51 60 84 33 92 8 53 16 68 5 32 3 52 69 84 20 26 8 11 30 41 23 51 86 98 54 94 91 24 51 14 99 80 96 99 11 10 79 64 89 55 36 99 28 43 3 81 35 32 36 37 78 83 31 4 25 75 63 62 94 80 66 70 57 90 77 3 82 78 54 77 95 80 15 30 43 54 73 23 86 27 65 49 38 43 18 84 9 42 
71 24 68 40 46 51 91 0 9 40 38 12 11 1 8 75 3 63 89 56 85 88 57 18 5 73 55 45 36 1 91 4 68 90 56 3 75 59 45 35 39 86 6 79 69 22 22 49 7 4 74 82 70 5 88 82 12 3 45 72 94 21 11 37 45 28 36 97 66 83 51 26 32 49 56 44 97 78 54 14 79 91 78 51 88 86 67 7 84 30 56 64 95 18 25 24 79 76 86 8 
26 23 24 50 90 37 86 58 32 19 71 90 48 94 48 12 28 60 5 84 35 9 75 86 7 22 45 89 20 3 91 5 59 0 38 51 0 58 37 62 71 15 95 71 89 16 38 32 5 1 67 82 20 66 27 26 23 8 34 65 66 45 38 90 94 80 47 16 55 17 48 91 6 81 0 28 18 88 34 40 63 66 69 8 8 20 4 95 34 99 46 24 25 34 17 51 90 45 28 41 
97 84 1 70 55 84 79 35 4 80 29 52 11 0 47 11 10 95 70 30 20 37 83 77 48 7 86 68 99 61 45 63 9 96 6 11 68 6 48 76 18 91 83 43 80 22 93 47 50 7 57 22 29 77 70 13 35 90 11 44 38 42 13 90 55 90 52 21 20 78 39 8 48 17 27 78 34 71 47 47 65 76 69 92 2 59 14 59 26 85 54 71 14 51 38 73 76 0 23 28 
48 76 40 63 58 90 31 80 62 69 72 79 33 54 9 79 38 35 49 84 78 54 19 70 67 99 38 1 59 60 79 22 19 32 90 44 93 38 29 30 83 51 53 88 49 89 54 80 34 9 57 96 54 59 12 49 62 48 58 42 0 69 12 8 25 22 50 0 8 57 30 64 77 5 22 94 46 97 16 55 49 65 7 10 66 27 75 39 26 41 94 31 76 90 85 57 54 38 65 14 
0 8 10 77 53 95 71 56 74 26 11 79 67 3 55 83 34 17 86 65 47 2 25 48 74 57 99 27 91 57 0 15 47 49 48 21 77 41 39 71 92 24 91 93 36 43 45 14 59 91 59 6 77 75 57 82 58 65 58 34 47 69 78 3 71 5 30 37 84 7 56 82 4 68 7 88 33 14 5 72 52 4 47 67 93 48 40 93 4 42 66 83 94 79 2 53 8 1 38 61 
63 73 36 2 59 36 20 17 93 30 82 4 70 16 69 44 2 93 19 80 69 16 35 38 69 12 63 82 32 59 65 48 4 71 80 19 52 74 90 55 48 57 81 95 12 79 51 56 73 66 86 20 84 79 8 54 31 2 74 77 37 37 3 79 54 13 44 96 87 88 49 3 91 37 90 4 90 85 19 43 32 4 57 28 94 91 70 76 5 7 67 2 23 85 12 93 89 27 99 2 
81 88 29 85 45 0 49 32 96 18 38 42 6 25 31 61 90 8 37 71 9 25 26 63 36 93 59 51 50 58 75 80 29 48 33 12 90 88 54 55 99 98 40 9 80 30 30 15 68 22 33 32 25 10 90 70 66 12 46 9 68 96 50 15 3 6 70 56 39 63 52 20 10 78 97 27 68 72 60 29 44 54 50 78 60 61 49 75 84 25 43 74 71 19 93 30 56 69 17 15 
63 64 76 16 90 8 48 33 77 49 14 47 75 58 47 14 19 93 81 71 3 18 27 46 48 81 56 58 14 5 83 38 98 15 50 38 73 69 3 91 11 43 40 22 60 87 58 40 97 40 83 90 82 6 74 55 50 24 79 38 56 86 55 72 37 87 78 91 73 14 40 88 2 17 69 46 79 30 49 75 54 81 38 7 89 69 99 10 89 34 21 83 63 80 52 15 2 38 56 86 
86 85 76 32 11 18 55 86 93 69 57 68 79 12 84 70 9 55 20 22 74 85 95 81 1 87 93 59 16 71 96 40 78 32 63 28 90 8 4 51 1 22 58 86 18 45 12 33 64 76 23 85 4 28 1 59 77 7 7 53 20 70 65 81 35 33 56 32 21 66 73 21 19 3 59 58 18 40 29 93 96 12 65 87 75 67 23 86 12 40 54 1 60 7 48 72 49 66 49 95 
50 16 10 51 72 30 78 67 48 73 0 85 53 72 42 73 16 50 1 37 36 50 66 2 67 63 53 53 90 74 68 22 48 2 78 69 31 82 29 90 10 5 73 55 62 98 81 10 41 13 27 61 27 66 79 40 9 40 72 74 44 65 46 12 84 80 31 16 44 39 65 90 99 74 83 83 95 99 16 92 1 36 76 49 5 18 96 61 43 51 16 20 70 15 51 18 49 58 39 32 
3 45 10 60 35 37 56 98 68 84 17 68 5 51 17 66 0 99 94 66 56 29 87 90 77 96 19 51 35 92 27 36 49 12 55 44 71 67 30 32 46 91 57 13 55 6 98 83 26 6 81 50 28 52 67 82 12 48 25 48 26 86 39 21 97 16 98 81 86 18 2 88 32 26 44 56 18 29 59 45 71 61 73 91 40 50 29 8 7 43 14 37 3 60 39 18 40 65 37 32 
88 60 88 83 46 59 90 20 86 33 56 72 33 58 86 65 59 1 65 85 66 85 67 65 5 51 78 0 53 67 41 48 10 79 88 68 85 28 78 83 16 76 0 91 26 20 7 37 53 99 18 5 78 74 97 41 0 9 62 15 16 30 14 74 51 9 89 72 20 0 94 49 55 35 20 35 38 71 62 27 83 50 22 31 70 82 95 64 89 36 77 50 61 90 32 41 35 0 1 98 
7 78 24 43 83 35 68 11 3 62 41 14 36 16 59 35 18 73 16 55 27 46 36 33 61 56 6 42 15 86 82 55 74 28 61 53 5 50 80 4 3 51 41 35 32 36 66 67 43 16 19 93 34 41 67 1 67 26 17 57 6 14 49 59 30 81 64 82 88 70 80 2 25 57 29 81 48 98 3 77 40 41 1 83 27 31 21 62 75 73 86 25 84 80 34 1 30 5 35 99 
28 66 76 0 74 64 75 37 23 42 10 93 86 14 94 85 81 82 68 67 94 98 94 75 85 32 56 78 39 60 4 59 82 93 63 2 61 24 49 79 61 20 86 84 35 29 2 50 0 37 94 73 43 0 72 26 10 98 25 29 64 78 77 75 69 53 58 21 14 53 28 70 22 36 13 25 53 16 61 87 17 92 12 12 18 78 75 55 50 22 31 67 29 51 60 18 1 65 65 41 
33 67 24 98 67 42 29 65 15 70 14 95 27 22 14 55 64 98 70 65 30 28 55 43 30 44 29 49 18 97 4 21 3 79 85 80 79 38 55 96 46 82 6 31 82 21 51 82 32 91 54 13 64 28 29 86 16 79 34 20 93 33 82 94 47 71 31 84 75 40 35 13 9 14 53 74 2 28 57 46 22 53 99 14 98 11 73 63 38 49 22 6 89 37 65 67 37 52 13 37 
93 49 96 21 84 89 39 97 32 35 86 75 10 11 45 77 40 51 58 15 64 11 12 76 31 25 63 21 90 71 92 60 7 43 55 99 60 31 84 27 43 47 15 36 85 27 0 62 53 1 77 26 7 23 29 17 6 93 13 44 97 2 60 24 81 87 81 0 3 28 48 85 4 18 36 38 46 60 43 60 37 2 42 83 90 39 97 78 30 53 3 31 66 23 17 66 73 94 28 16 
28 36 22 79 45 85 97 96 70 70 24 80 12 72 85 19 81 45 12 98 79 2 4 19 78 72 63 42 73 22 5 14 56 75 71 76 56 68 33 67 80 82 61 57 35 81 22 1 25 31 73 38 58 14 82 83 96 59 65 31 97 17 39 2 25 97 95 1 89 36 98 83 44 82 42 20 80 12 93 10 81 48 81 85 34 50 79 75 60 23 1 6 87 38 80 97 46 23 66 1 
58 3 30 79 38 63 93 16 62 0 21 97 17 79 9 85 35 19 64 21 87 36 77 62 85 25 26 51 11 67 87 49 73 39 58 99 23 77 9 54 78 95 51 87 82 42 63 67 50 76 89 51 40 33 42 84 90 69 66 63 57 46 72 8 2 22 94 32 98 45 21 98 30 60 47 16 98 52 23 93 62 96 62 5 91 20 43 83 31 76 40 70 31 9 63 31 43 86 37 70 
75 53 62 3 9 75 25 55 72 57 35 43 83 33 74 28 28 64 70 92 31 69 76 48 93 38 45 30 58 42 41 12 15 19 4 50 36 72 57 53 17 5 17 24 22 58 6 76 48 33 41 2 74 16 85 48 80 11 2 4 99 85 12 67 85 25 55 6 26 27 30 65 59 8 58 33 46 58 90 76 90 60 18 30 40 37 36 30 39 75 57 45 16 93 7 15 33 57 58 68 
23 68 57 20 37 79 47 90 19 67 78 28 11 11 95 48 38 36 82 27 66 5 4 39 19 61 74 11 52 62 27 83 99 71 98 53 68 92 41 6 97 72 42 78 5 15 68 83 3 61 93 79 66 47 1 55 47 29 76 51 45 51 44 96 55 96 5 77 42 92 75 49 69 37 74 72 19 4 11 92 32 81 97 65 54 8 81 60 1 89 67 40 60 74 62 39 50 16 46 8 
1 19 79 80 14 78 85 2 70 7 90 18 51 42 40 74 58 32 12 40 75 13 49 54 57 74 73 67 9 53 76 5 29 50 91 15 9 27 72 65 92 18 15 62 15 9 20 1 18 23 65 7 60 25 83 12 41 63 0 60 14 48 5 32 20 55 49 25 57 64 23 32 96 31 64 83 69 31 90 15 51 21 50 30 5 29 77 71 63 49 9 23 79 22 27 30 80 8 30 11 
22 86 6 84 70 4 49 98 91 66 86 27 20 98 73 37 92 14 99 30 16 76 30 52 80 9 91 79 29 79 77 60 0 35 45 73 47 63 24 46 20 96 36 86 66 58 51 75 60 46 28 30 7 84 64 30 47 63 96 98 93 38 76 85 44 72 19 90 6 98 40 93 20 12 16 84 72 69 0 21 45 10 6 51 84 14 19 2 82 87 68 84 50 88 41 54 5 42 57 72 

