50 72 69 20 4 26 8 53 13 56 7 3 6 63 59 68 16 50 37 21 33 85 18 97 73 13 90 8 11 67 83 13 11 35 39 28 14 78 26 33 28 41 65 25 60 3 41 26 92 48 12 8 23 40 33 59 97 63 15 86 50 18 28 11 45 91 46 16 26 20 9 4 30 62 90 26 26 83 91 0 79 96 4 97 68 56 82 44 61 88 66 64 50 58 17 64 87 68 65 38 
38 89 6 85 77 73 10 87 55 83 65 56 81 68 41 82 29 11 53 7 77 76 5 54 44 21 29 91 14 90 14 6 6 71 81 76 37 96 53 47 88 32 3 27 16 6 59 94 61 99 22 53 1 48 94 19 87 60 34 78 16 81 79 23 48 4 18 47 88 81 82 67 99 40 64 23 10 16 93 75 12 98 49 54 38 22 34 52 99 44 50 89 24 65 12 14 46 71 56 76 
88 18 34 3 19 64 97 96 38 8 53 66 27 67 81 93 31 51 29 68 61 23 86 97 86 98 75 63 7 71 85 47 40 54 50 94 76 17 2 69 85 49 13 26 45 13 19 23 73 19 50 4 48 31 66 14 59 69 95 77 68 22 83 21 25 9 99 44 27 85 31 75 78 79 86 44 34 62 19 43 34 75 43 59 28 14 6 23 10 28 3 20 60 87 47 98 2 31 64 10 
55 78 92 54 25 34 55 95 55 17 21 22 60 33 18 50 34 6 38 85 20 65 32 81 75 82 28 17 71 0 56 8 40 15 9 85 47 82 74 48 62 34 17 3 47 11 92 25 25 49 13 99 11 26 22 40 2 67 96 26 84 64 94 9 54 67 97 88 70 91 29 58 46 85 23 7 29 51 84 47 57 9 72 42 89 33 13 0 87 22 73 83 66 3 99 78 66 56 53 24 
72 93 50 42 48 54 2 58 56 67 84 13 11 29 7 25 65 0 80 86 77 75 37 13 56 93 27 3 8 81 97 97 41 88 62 72 78 77 43 87 87 38 83 34 30 1 30 73 0 41 73 85 41 34 50 55 35 14 38 27 34 62 1 46 4 40 32 11 71 38 18 70 63 71 8 87 22 69 73 14 97 39 38 38 81 91 29 51 29 6 96 18 34 99 56 56 41 14 27 80 
91 38 19 53 99 44 92 67 51 21 55 51 72 38 32 45 24 54 41 85 81 14 0 37 19 72 8 50 36 68 18 22 99 91 25 57 55 64 3 31 14 1 46 28 50 18 43 25 94 48 44 18 4 76 88 32 2 81 55 25 26 67 83 6 78 94 38 45 40 39 12 54 66 61 4 31 38 54 30 62 40 75 12 14 64 66 30 78 81 38 46 89 50 72 28 23 13 28 72 51 
1 73 25 73 28 41 42 49 16 93 23 25 9 25 42 44 96 22 71 72 94 7 89 49 32 5 69 26 46 87 68 87 70 38 88 16 42 30 55 85 80 40 20 78 41 0 46 57 88 50 86 69 65 33 71 62 41 28 92 19 47 85 50 34 19 6 14 98 51 26 29 9 35 4 90 4 73 54 28 40 68 84 29 82 81 74 6 87 84 64 48 65 52 80 29 20 1 77 87 28 
56 50 66 69 0 25 73 12 0 85 7 54 45 62 14 47 94 7 88 89 21 32 60 20 51 14 39 40 79 88 27 69 23 35 91 18 35 75 9 38 14 47 93 34 71 51 98 23 80 93 2 79 85 58 57 65 70 14 94 34 61 5 90 78 75 31 80 88 49 59 9 37 68 71 12 57 8 83 73 95 80 35 84 38 86 29 67 32 56 52 99 84 68 29 35 34 32 36 97 10 
25 47 23 57 77 73 45 39 66 58 99 38 93 92 58 53 87 29 58 85 58 83 78 40 95 25 59 74 11 64 58 97 60 8 1 71 17 13 92 71 0 8 8 16 83 34 99 57 53 78 29 70 47 81 75 98 86 55 62 58 18 45 30 96 28 43 96 75 24 75 40 82 7 29 99 55 70 84 4 54 98 60 89 66 59 97 53 59 62 85 12 5 28 58 6 68 83 86 99 88 
31 51 63 47 62 85 77 65 11 9 21 19 81 91 79 35 22 71 30 30 54 41 80 23 70 95 26 8 88 71 72 87 33 85 87 75 21 68 82 50 50 31 86 5 71 55 45 33 61 52 40 64 6 53 44 78 74 36 86 57 20 61 77 7 51 5 25 21 16 42 58 7 93 81 55 71 50 65 67 42 63 74 40 49 7 48 14 59 27 37 2 59 30 20 16 73 68 19 9 46 
92 31 53 20 78 11 36 18 44 99 99 95 41 54 6 16 24 82 71 49 14 6 73 69 86 11 23 1 28 83 59 49 36 28 46 64 4 53 24 49 25 6 59 91 37 24 1 2 33 15 67 50 78 35 57 47 97 96 38 62 39 74 78 7 16 55 95 39 28 55 32 17 39 63 9 11 89 65 38 54 90 71 58 90 27 28 60 27 50 70 39 88 34 42 95 68 45 38 18 3 
36 13 64 5 16 80 7 34 61 7 90 89 64 70 31 58 61 73 11 50 13 93 37 33 8 29 54 87 46 95 44 69 14 8 72 78 28 99 18 90 79 28 75 3 34 36 84 94 45 74 89 35 62 21 79 42 53 53 87 29 51 52 32 44 2 98 32 40 89 62 9 3 33 90 70 59 89 89 79 65 66 84 64 36 54 15 54 50 54 84 10 29 9 23 84 54 7 96 3 98 
29 43 50 22 71 71 34 1 0 13 49 64 80 37 86 49 88 29 82 82 58 4 31 36 43 66 34 55 61 95 66 37 56 81 15 51 3 61 17 10 11 28 97 38 32 18 32 47 45 52 22 57 73 51 37 98 89 28 19 88 24 1 53 16 84 48 81 17 3 2 53 42 14 18 33 92 65 92 62 42 47 40 68 81 67 72 41 42 27 61 83 89 53 40 20 32 79 47 92 41 
70 53 27 92 46 0 95 89 47 41 20 85 28 46 18 18 41 63 7 36 50 81 2 81 67 50 39 93 12 16 68 66 1 50 83 33 54 88 0 50 79 63 74 1 4 88 41 57 87 8 19 85 62 0 24 49 42 89 70 10 4 22 24 93 51 85 13 73 98 96 28 51 52 37 43 93 97 20 73 46 23 67 13 5 9 2 32 28 18 24 56 71 18 1 86 45 72 58 28 31 
83 70 67 95 54 91 32 66 77 56 22 84 35 20 12 83 85 63 15 19 0 10 98 5 30 17 44 71 45 57 65 31 88 24 37 38 34 36 69 3 60 14 32 36 30 27 61 84 29 63 29 5 83 49 16 44 24 39 27 79 8 18 77 42 9 1 29 65 3 34 30 25 68 41 82 49 48 64 20 75 89 46 2 35 92 60 82 67 33 61 67 28 67 57 65 36 51 44 9 16 
33 92 15 96 7 84 57 68 90 23 41 1 26 20 30 41 46 7 51 55 0 48 99 75 50 74 28 92 29 63 3 87 56 34 43 51 92 25 41 57 15 12 92 14 79 30 12 50 25 74 73 99 45 97 61 63 84 18 41 67 71 65 83 64 37 68 84 2 84 7 26 71 48 88 28 69 65 78 17 79 5 57 42 96 1 34 95 61 89 87 71 88 17 90 19 30 63 50 96 99 
18 74 4 26 39 89 59 34 78 10 54 99 91 73 11 18 11 52 10 92 13 27 3 92 52 46 18 51 19 17 92 67 46 70 70 92 66 69 79 14 92 92 28 11 14 48 84 44 31 12 54 9 65 32 9 54 3 1 91 20 51 55 99 41 60 3 57 30 73 30 37 57 26 66 22 2 3 27 84 59 62 73 78 84 52 16 13 28 79 95 51 88 1 33 39 91 69 13 1 27 
58 62 0 82 77 98 15 17 8 38 57 58 15 22 36 48 70 37 27 99 99 96 50 95 5 40 46 65 56 77 6 88 19 95 58 86 16 62 26 28 51 90 65 74 10 85 18 53 84 73 82 37 23 73 8 7 58 38 77 84 82 97 48 20 84 15 17 37 31 21 12 58 40 9 25 14 20 49 49 17 12 47 96 78 63 92 12 46 51 81 44 44 53 78 39 41 67 21 38 42 
51 11 61 59 13 1 41 95 20 34 61 69 41 98 39 37 36 54 92 24 7 63 75 12 55 25 90 35 54 61 1 53 87 64 5 8 40 88 69 72 2 28 86 8 48 52 68 67 73 24 74 78 39 34 22 33 20 72 90 39 52 30 42 27 23 44 71 69 17 44 84 42 34 15 91 80 75 44 94 95 18 32 27 35 25 24 84 22 18 88 23 85 34 78 13 28 59 47 29 97 
30 56 51 9 65 47 86 29 21 30 47 22 92 8 51 48 1 43 18 4 39 74 49 56 63 64 21 95 72 5 81 73 69 92 50 16 18 72 9 20 83 46 9 92 26 15 85 25 33 54 68 10 79 29 59 65 67 33 92 73 81 78 36 69 45 39 85 15 98 6 9 9 20 76 17 52 96 12 7 97 15 65 62 45 80 16 19 80 66 11 72 81 87 26 2 44 99 31 44 68 
51 65 98 7 16 89 95 27 59 61 91 89 2 36 16 57 28 1 27 23 81 39 93 48 32 9 95 50 2 51 3 5 39 93 95 18 19 99 51 80 45 21 22 48 79 75 29 97 90 79 88 13 19 41 9 42 74 52 62 96 82 99 21 66 98 39 22 72 38 7 49 84 37 48 16 43 57 70 59 93 43 46 74 20 88 26 59 2 81 13 24 50 67 56 15 0 43 45 37 19 
44 25 68 14 20 34 29 6 8 29 12 15 6 30 60 77 57 80 34 44 60 82 37 35 78 16 53 94 2 57 1 67 33 86 45 27 96 67 84 20 0 72 17 0 47 23 60 3 53 76 47 26 39 45 93 32 62 28 87 77 79 81 10 85 2 32 36 78 44 3 42 61 30 4 85 35 10 49 56 10 0 67 62 9 82 60 88 13 64 52 61 21 26 27 99 92 2 61 81 72 
89 94 67 31 89 43 22 74 84 36 33 68 51 88 63 0 37 77 54 72 54 1 66 65 4 2 6 73 17 48 76 81 97 60 59 19 29 90 10 81 36 36 47 67 53 22 89 41 97 50 26 64 66 29 83 30 53 45 1 32 92 84 68 52 18 21 22 44 63 98 58 61 79 10 22 59 46 39 66 84 62 30 41 63 28 49 80 39 55 62 97 28 98 79 90 78 8 26 28 39 
34 29 94 26 35 8 53 85 67 54 68 58 46 33 43 74 94 50 77 57 76 24 6 50 3 56 66 50 70 25 88 71 78 69 30 27 6 51 38 8 15 31 28 27 7 75 8 52 50 71 78 92 87 99 12 41 35 55 0 77 52 99 47 26 60 12 98 57 40 60 79 18 82 49 29 98 84 4 83 46 8 35 79 87 9 55 99 66 51 96 88 98 46 97 21 80 39 8 85 83 
59 17 45 92 20 74 41 19 58 0 54 95 6 12 23 98 5 96 90 53 70 51 74 2 57 97 62 34 3 48 64 46 1 8 43 36 82 49 55 80 19 43 7 64 50 21 11 86 83 18 10 81 37 72 93 13 99 13 94 84 1 80 59 61 14 15 87 10 75 2 78 74 10 77 67 40 99 66 27 19 95 57 23 22 27 95 98 30 67 88 40 41 43 28 50 17 20 52 87 98 
40 10 43 8 76 14 26 32 14 63 79 72 42 41 93 41 76 36 29 25 98 65 29 14 4 68 69 42 61 2 60 39 8 63 98 56 79 63 47 12 14 80 22 30 31 35 19 58 80 63 10 48 10 54 93 66 81 92 67 7 48 41 63 69 7 70 10 2 26 30 32 3 11 65 70 16 82 1 11 84 32 25 88 84 30 30 68 18 36 72 18 88 42 17 13 9 61 19 5 39 
65 92 15 89 49 82 21 59 32 33 71 20 87 16 29 32 31 65 22 50 60 32 76 39 50 6 73 7 55 51 89 99 25 22 69 44 65 79 24 99 20 25 48 58 57 53 83 57 64 67 98 97 38 8 86 49 52 52 37 66 0 52 59 21 81 22 38 66 58 84 19 47 70 3 54 80 55 97 23 6 57 4 6 83 80 56 15 85 76 63 7 83 36 28 95 18 49 34 66 75 
89 9 29 24 15 25 73 29 84 58 41 93 18 16 60 61 96 77 45 53 63 79 49 73 68 93 33 45 26 25 68 84 76 83 32 89 66 49 24 67 44 66 80 11 32 72 77 39 22 89 46 65 96 8 36 49 23 53 92 31 87 30 98 64 5 12 58 74 47 30 32 83 28 60 74 91 62 6 9 80 52 93 43 46 4 90 7 42 61 91 50 75 16 87 42 40 88 22 56 25 
27 55 57 88 27 99 37 37 17 19 15 73 80 6 12 88 25 94 12 45 67 3 65 54 77 59 93 64 95 55 30 20 49 82 95 19 89 57 42 99 15 11 52 66 94 58 49 94 14 90 61 38 23 72 86 20 47 46 11 43 60 33 4 83 37 94 46 67 27 57 13 26 22 47 85 26 4 31 6 41 64 16 7 92 40 64 45 28 45 48 59 78 15 26 85 11 95 11 78 53 
15 71 26 17 46 89 12 49 92 88 82 44 53 38 70 3 19 90 29 11 4 93 43 88 14 92 38 40 4 49 98 48 88 51 44 2 9 71 69 20 26 73 34 28 63 58 42 93 94 10 80 72 31 45 61 90 75 98 79 81 87 92 47 85 7 1 53 93 41 52 62 79 72 13 6 92 97 74 15 35 24 4 56 24 82 64 90 51 81 96 8 86 81 25 37 88 98 5 19 39 
22 27 97 61 24 54 26 73 24 84 20 36 66 65 2 54 57 78 38 36 37 54 49 49 1 90 52 68 80 99 99 28 70 90 24 55 37 87 10 19 70 87 58 82 2 99 54 55 65 48 20 61 14 56 10 68 7 72 40 62 33 32 37 27 55 32 53 40 96 52 57 81 31 11 97 25 10 31 96 94 97 96 54 69 76 34 18 83 35 47 92 33 34 2 60 5 52 13 37 57 
11 41 57 87 49 51 45 70 98 69 99 48 17 15 22 61 15 36 90 75 2 28 97 30 18 90 86 73 86 21 31 98 57 90 52 6 14 1 10 49 64 2 24 65 74 62 49 24 52 58 58 67 67 25 51 64 86 61 49 20 56 12 25 50 99 24 35 46 25 56 71 49 6 64 15 0 55 23 95 43 34 80 78 52 70 80 18 32 60 57 70 38 42 42 81 21 35 77 53 23 
27 41 77 79 48 13 4 18 28 88 88 21 42 31 90 2 28 67 30 62 66 44 25 26 0 31 28 48 56 70 8 92 74 78 48 10 40 15 75 54 74 8 91 87 42 85 21 92 68 28 26 29 52 60 41 24 67 31 34 19 14 4 54 85 68 92 72 35 64 56 68 89 84 70 10 29 4 3 84 7 30 70 11 41 60 35 0 85 54 62 35 17 22 61 64 71 89 71 41 69 
28 35 38 74 58 92 47 54 88 62 15 38 98 29 30 27 64 8 36 61 21 73 70 47 23 11 30 98 92 71 14 89 34 36 30 34 13 57 11 98 16 48 66 50 37 9 29 39 31 71 2 15 5 14 85 72 85 32 68 49 77 77 93 23 80 22 8 69 72 13 14 19 6 39 9 15 18 81 88 53 58 96 74 52 85 66 22 45 9 90 10 16 60 43 76 94 93 75 24 54 
7 76 35 98 6 54 72 48 94 47 97 3 32 2 44 16 54 78 34 10 86 63 39 37 98 19 68 14 94 90 46 70 30 26 60 10 18 96 98 33 64 7 42 48 5 63 59 90 50 97 37 2 4 49 32 82 94 23 77 89 30 79 97 36 70 75 75 16 80 87 56 67 0 95 84 2 25 99 52 34 87 66 22 14 12 23 45 67 28 5 78 76 13 70 22 85 98 3 37 71 
55 62 30 86 22 8 51 37 33 76 44 81 28 31 47 93 20 13 58 13 24 44 53 94 47 39 17 52 63 18 42 53 68 5 92 29 31 46 75 51 96 11 73 39 42 35 6 80 3 95 3 52 23 24 52 85 33 11 30 46 23 65 49 30 38 16 33 49 66 5 56 29 47 40 31 51 80 53 64 6 90 25 63 19 5 20 60 81 98 60 65 19 88 18 28 96 45 11 35 33 
52 46 33 18 76 75 32 10 2 27 57 24 47 43 80 22 28 82 69 39 66 75 9 30 6 50 13 64 65 86 24 14 51 99 47 83 5 17 74 7 49 64 89 81 61 73 8 50 66 85 2 71 54 97 72 75 71 70 45 44 71 57 21 64 9 90 10 19 50 8 42 47 71 36 99 78 16 19 28 27 34 5 25 16 41 12 16 63 93 80 32 0 58 84 30 94 14 77 2 40 
17 82 76 5 31 47 0 75 61 34 67 17 61 18 0 35 67 90 22 74 20 54 86 20 23 48 74 56 64 54 7 54 80 13 32 66 2 69 73 55 35 88 79 27 17 32 32 79 69 17 25 27 82 95 22 83 84 7 99 12 41 75 76 58 39 31 90 22 2 39 32 27 7 98 34 5 88 20 25 25 10 95 47 51 89 2 62 57 59 38 67 27 32 66 71 8 52 43 45 68 
62 55 65 22 7 1 21 4 2 88 87 40 46 7 94 50 25 45 56 71 60 66 27 12 6 14 14 47 45 72 19 13 90 86 30 61 61 75 84 88 66 5 29 49 34 84 95 95 52 59 33 41 25 65 19 13 42 39 70 80 65 28 78 0 39 33 85 59 57 22 19 56 64 12 0 32 85 76 62 6 16 40 16 10 88 57 63 54 96 61 38 98 93 34 15 18 40 26 59 17 
5 20 10 20 60 39 85 60 43 14 99 8 0 88 75 43 45 81 70 96 5 32 88 54 68 58 73 62 69 62 52 31 87 35 92 62 63 60 69 30 13 42 22 29 5 99 72 27 86 24 1 47 15 36 58 87 58 24 50 97 79 74 0 84 70 78 54 8 24 5 79 61 57 56 74 76 5 37 17 11 97 24 40 14 52 57 57 62 60 0 60 3 37 21 43 53 55 9 40 86 
7 8 74 98 73 68 13 94 91 94 44 66 89 32 23 49 20 43 65 71 64 38 8 91 51 98 52 69 69 4 78 5 21 0 17 8 49 34 53 2 60 34 33 85 7 16 38 82 98 42 62 25 24 38 82 53 78 67 76 89 0 91 48 76 20 44 41 16 32 67 58 29 22 14 98 20 50 92 93 6 46 67 0 93 20 52 94 55 17 51 64 28 65 74 21 53 71 38 50 37 
2 21 50 43 68 60 54 82 18 92 83 68 68 64 34 38 27 77 4 66 80 42 29 55 10 13 51 61 47 77 52 12 99 37 0 15 30 29 20 68 35 64 89 78 49 78 89 45 49 59 59 65 55 64 62 33 73 12 12 70 6 21 19 5 56 72 99 97 53 78 21 37 90 72 79 24 12 86 25 89 50 64 32 38 43 5 22 15 58 27 65 56 79 62 66 35 36 28 28 11 
96 61 81 70 30 97 9 3 33 62 74 35 91 70 75 45 91 89 0 77 92 26 57 67 11 28 43 15 95 59 15 54 91 68 28 70 99 97 51 19 93 16 68 75 27 71 32 19 56 0 61 18 67 98 58 57 24 75 0 12 22 67 48 97 19 50 29 34 2 17 0 79 87 23 78 56 6 77 95 68 5 26 5 63 67 9 18 93 53 59 26 87 60 38 30 17 3 26 53 49 
6 50 69 36 55 18 78 14 40 14 79 75 86 51 36 27 41 76 14 45 75 5 12 55 85 39 87 33 79 82 37 24 72 70 59 13 82 11 78 47 34 25 85 93 23 60 93 83 64 68 38 58 16 31 88 25 34 49 61 39 95 33 23 95 86 3 87 43 62 37 23 40 56 97 70 21 85 67 86 58 4 95 2 51 75 58 84 29 38 38 49 99 44 95 87 17 70 87 64 66 
38 64 97 36 0 72 3 60 55 58 29 41 62 59 74 16 32 7 1 54 89 49 71 23 93 84 79 75 67 44 81 93 27 64 19 37 24 37 15 89 57 43 35 44 61 71 73 87 80 92 11 13 7 46 94 56 27 80 49 72 86 45 49 12 27 69 10 31 11 64 17 93 64 4 60 98 57 27 4 6 54 35 86 41 77 9 76 88 37 27 19 41 26 9 1 84 13 79 99 35 
10 37 76 63 55 51 55 95 66 2 59 85 34 83 37 67 74 62 27 15 27 5 43 2 51 6 57 45 5 94 12 57 59 60 45 33 26 98 50 89 33 26 86 49 13 15 46 42 71 17 76 41 81 58 49 30 54 19 89 70 0 11 13 56 97 82 64 76 14 20 71 81 61 6 81 57 61 49 95 7 66 67 7 72 92 95 35 97 86 16 20 76 41 92 40 20 85 69 25 38 
2 24 15 6 19 34 63 51 29 96 69 93 89 50 87 31 67 90 99 60 95 45 32 18 85 34 63 63 17 38 7 75 86 56 86 82 34 82 38 36 6 68 60 93 96 23 6 72 54 52 79 71 89 38 19 29 26 66 56 51 80 54 76 15 70 19 51 21 30 74 28 34 34 77 59 51 70 59 6 64 18 54 45 1 41 8 34 81 78 46 97 8 86 59 50 60 7 53 56 28 
23 15 14 1 60 63 64 6 91 12 16 10 62 66 42 83 82 49 49 49 29 36 98 19 16 54 2 21 24 30 43 27 94 55 23 5 45 38 5 19 99 20 84 59 6 94 81 4 4 42 19 89 77 90 81 91 73 80 88 48 30 54 57 1 18 67 77 48 64 74 51 9 63 65 78 30 47 41 44 77 64 79 58 95 4 70 29 53 21 0 87 97 75 94 18 59 95 68 42 17 
65 11 42 85 13 53 85 52 24 42 17 6 77 5 92 64 98 95 33 61 57 85 33 70 58 84 10 32 90 92 12 94 76 90 18 14 8 30 15 60 57 99 21 50 88 74 74 75 57 89 86 94 68 65 72 36 84 93 93 77 62 21 92 76 74 81 58 53 33 98 26 31 43 11 80 57 35 64 8 74 31 3 52 53 38 11 77 10 43 86 22 37 63 53 17 66 74 53 44 50 
38 72 67 13 25 78 90 41 88 29 14 17 43 27 63 33 79 79 72 9 62 61 30 85 42 38 2 4 8 43 58 44 30 80 38 65 87 64 15 63 6 75 3 1 94 44 22 51 0 41 1 64 53 52 81 81 42 2 14 12 49 85 57 64 14 70 58 83 97 33 54 14 82 89 72 30 98 6 35 47 0 85 59 9 37 17 79 76 99 27 78 76 84 81 29 29 89 2 37 9 
96 81 80 39 99 75 70 47 82 29 76 20 76 79 32 84 77 22 96 10 82 72 3 28 9 61 69 84 15 88 97 84 7 36 65 77 5 16 62 72 79 62 58 58 19 7 54 42 17 93 71 52 82 13 82 9 69 27 74 96 48 88 87 31 95 58 21 90 41 50 43 31 7 19 96 10 81 73 82 3 13 92 85 58 23 78 66 30 15 6 45 58 37 42 7 8 2 8 92 94 
9 24 84 89 57 13 76 12 10 25 24 66 66 42 86 8 53 39 89 13 79 62 16 50 61 11 41 51 54 76 29 67 8 38 12 53 33 57 84 23 15 96 43 68 52 3 26 4 53 20 73 15 5 91 95 47 25 97 60 1 15 19 86 6 95 41 12 5 84 29 14 64 99 64 57 56 61 31 57 13 94 93 92 6 82 53 24 77 63 57 93 74 31 30 85 37 92 27 84 65 
5 38 24 43 26 62 64 47 27 14 38 49 45 14 7 62 9 40 50 29 73 32 17 25 60 27 83 76 82 77 48 30 0 29 79 58 93 35 21 69 29 8 31 25 69 20 65 31 63 12 20 83 11 4 61 19 2 0 11 91 5 19 80 36 54 9 46 68 83 9 36 21 23 1 98 72 22 61 36 35 67 61 87 38 27 11 48 59 3 36 35 13 70 30 3 58 94 49 63 19 
16 30 4 11 46 77 72 82 24 42 70 41 89 7 7 87 71 4 45 22 21 18 21 26 40 68 2 81 60 27 68 16 1 57 39 88 45 88 24 5 88 44 77 83 5 42 3 50 50 82 79 95 92 32 10 43 11 10 10 64 69 78 74 54 9 62 43 8 77 87 28 10 57 1 82 74 8 87 73 30 33 63 59 71 94 61 42 32 72 13 76 4 84 6 25 54 44 36 1 66 
44 20 26 64 67 95 32 33 97 28 11 27 19 78 49 82 57 89 61 80 74 16 11 40 13 15 37 23 99 53 89 67 28 5 64 49 15 88 94 20 88 82 54 30 0 39 69 35 80 28 83 40 61 74 6 21 40 73 97 98 96 68 67 86 89 88 92 77 95 30 51 1 70 38 6 51 65 78 19 47 48 94 23 83 10 57 40 99 30 48 95 34 90 85 46 44 97 83 94 85 
30 80 12 18 14 43 7 93 92 71 22 69 19 31 70 6 52 20 46 1 58 40 21 48 90 88 63 33 34 68 28 97 65 50 70 51 0 80 1 49 96 46 91 66 63 19 48 28 19 31 76 64 77 13 4 80 74 81 35 84 60 21 16 28 14 32 34 89 53 67 67 38 46 79 54 73 32 34 49 30 4 74 2 95 17 99 44 89 77 80 36 70 13 53 56 19 48 70 71 27 
44 47 90 69 76 62 59 3 53 53 5 12 89 81 15 79 56 62 40 0 27 86 90 6 11 4 46 33 0 88 99 39 21 36 90 6 49 72 78 3 62 82 79 65 25 36 61 71 14 31 34 88 53 13 79 81 13 49 51 91 33 58 24 98 44 9 55 72 85 27 30 2 11 99 45 42 53 71 38 4 90 0 96 22 74 26 33 22 28 30 78 73 35 36 36 22 86 80 45 15 
37 36 93 96 29 6 5 14 43 30 31 14 28 95 39 93 71 6 5 98 71 86 69 46 90 94 12 39 94 92 23 72 16 20 61 92 23 13 4 14 62 45 76 48 16 10 79 86 86 79 0 52 38 53 98 38 47 20 83 81 65 85 54 71 30 13 15 3 9 86 85 29 2 92 64 90 54 3 95 41 93 59 75 69 37 72 14 99 45 15 35 18 70 36 7 31 48 5 90 84 
52 99 34 72 84 0 73 70 55 97 13 53 23 4 9 73 85 41 33 34 52 97 70 33 25 15 87 61 1 27 76 96 59 18 65 78 27 43 1 85 43 15 51 78 73 92 32 95 81 29 11 46 33 67 14 80 94 63 69 29 45 62 11 75 14 13 3 8 39 47 29 14 48 47 6 61 94 46 98 8 66 40 67 52 47 42 72 19 50 84 32 90 1 12 93 28 17 83 72 14 
61 18 29 35 52 44 74 6 6 6 41 59 90 71 31 35 14 52 11 88 44 83 55 60 16 24 31 39 41 60 32 3 28 82 57 72 78 62 19 73 22 96 86 33 87 88 97 65 47 47 14 28 72 26 59 12 34 62 28 1 73 76 15 40 32 41 20 22 31 17 12 76 45 20 76 57 33 21 98 66 57 54 16 58 11 83 28 6 91 38 39 42 14 95 20 80 34 17 51 88 
22 61 59 94 47 66 77 68 46 0 38 27 48 53 6 31 12 20 22 97 20 80 67 69 3 45 20 40 17 13 31 48 75 10 34 89 88 2 35 42 28 55 52 88 53 3 61 18 71 71 0 62 48 0 42 27 64 22 55 88 61 49 93 87 62 48 50 17 61 48 55 58 86 13 86 48 99 82 74 53 33 35 60 68 32 90 42 3 61 19 1 51 7 57 64 32 64 87 55 60 
17 36 93 76 45 33 82 96 6 17 96 16 17 39 0 40 50 26 31 22 7 62 38 49 57 21 15 80 40 76 0 51 5 18 93 26 36 41 57 15 94 12 61 28 55 49 25 62 53 33 99 88 89 44 81 91 46 73 9 74 94 57 75 89 99 26 15 45 3 96 95 74 40 95 91 49 23 92 75 5 42 81 49 8 75 22 19 77 95 29 27 92 75 80 70 55 37 73 42 12 
71 54 16 69 83 34 60 14 10 96 89 65 55 27 72 62 10 18 40 62 94 85 5 58 78 83 78 60 51 89 75 13 39 71 11 19 60 54 61 32 15 21 85 0 19 44 49 75 49 22 36 31 90 53 95 33 7 80 99 70 31 88 38 40 19 35 9 0 29 89 77 18 83 59 41 51 26 82 44 11 96 52 71 51 59 30 41 21 47 41 65 73 35 28 71 62 3 66 7 45 
20 60 42 61 37 66 10 89 93 79 41 74 28 66 41 55 10 90 66 29 57 44 79 86 47 55 70 19 92 84 2 14 49 68 42 93 41 35 16 39 67 85 11 6 72 79 49 27 38 26 19 78 45 28 82 13 73 60 14 26 33 42 1 18 95 63 19 17 43 52 15 52 24 2 48 62 60 10 68 78 7 15 1 91 28 28 18 49 55 18 4 71 50 54 43 66 2 11 30 45 
0 6 34 34 0 77 26 32 77 77 38 40 38 79 97 33 37 18 99 79 60 87 97 20 48 37 71 54 6 62 90 63 47 18 75 17 60 10 78 84 78 27 3 75 50 92 82 43 76 33 9 14 17 38 30 39 38 76 62 33 71 78 66 96 28 38 36 22 63 13 52 27 67 8 78 28 87 77 15 34 33 41 0 55 81 95 66 76 16 49 36 15 58 73 9 79 4 88 22 97 
62 50 19 5 60 36 81 42 90 1 39 62 5 78 27 25 4 26 16 80 51 70 9 1 55 77 92 85 10 14 72 77 8 65 5 9 50 55 98 43 94 54 23 86 99 8 15 73 34 51 15 10 58 17 37 83 76 65 76 29 58 34 0 23 9 86 16 68 8 77 54 87 95 3 19 43 4 0 28 39 76 6 48 99 97 68 79 44 99 65 70 1 77 31 16 18 37 89 17 85 
83 79 9 19 17 32 31 72 15 48 30 86 69 7 55 55 9 34 64 25 95 85 41 61 2 48 74 39 61 34 56 69 69 71 59 7 49 9 50 58 76 17 56 67 42 23 96 57 73 23 88 53 1 17 8 14 81 3 56 18 40 93 36 72 72 94 35 10 70 50 58 92 7 3 44 25 86 0 82 94 53 42 55 53 8 33 6 72 43 39 86 10 99 23 15 85 8 89 78 44 
89 83 49 3 9 67 68 97 89 71 47 93 22 33 1 0 8 57 64 50 22 32 58 95 52 30 31 41 7 62 56 51 77 92 76 99 25 3 73 74 67 81 41 91 62 67 1 99 85 93 22 41 73 26 34 47 49 36 81 11 7 87 49 92 98 37 43 55 75 69 39 41 61 92 37 32 71 85 33 10 52 94 48 44 53 97 48 23 62 75 13 43 28 98 33 26 80 31 41 59 
96 24 18 2 78 50 59 31 89 53 75 80 48 30 57 0 68 53 98 78 25 1 31 59 64 1 24 63 12 0 48 5 31 59 61 56 82 13 86 80 99 76 12 54 45 86 86 21 37 66 93 21 4 48 18 53 25 99 73 39 41 53 26 58 68 28 93 23 1 27 48 44 33 90 32 59 4 95 28 62 20 9 72 51 23 2 20 25 62 55 37 83 47 83 92 29 43 22 43 17 
92 79 63 63 99 27 22 88 52 7 89 51 26 52 49 94 68 58 27 52 72 7 72 43 3 28 50 63 69 61 36 71 71 13 68 48 50 88 11 84 9 88 1 58 6 0 70 62 53 68 88 86 98 54 74 30 8 82 24 87 37 28 7 16 84 48 55 20 49 3 28 20 88 16 14 56 88 22 20 97 21 60 71 14 92 24 6 73 90 80 53 95 48 13 27 66 69 26 0 75 
40 6 71 88 0 57 30 0 17 84 19 24 77 14 95 36 55 17 70 63 10 9 70 55 49 0 31 29 97 66 98 44 44 23 8 39 49 54 39 43 8 56 27 65 20 58 34 58 25 61 36 81 83 7 92 17 32 67 32 70 29 36 3 71 24 20 81 50 68 3 15 20 93 69 68 32 74 4 46 57 28 84 45 94 89 93 16 62 33 35 6 13 23 57 13 73 92 88 97 20 
83 12 54 33 17 54 73 57 31 76 80 20 96 15 73 67 36 35 1 17 1 48 37 37 66 95 21 74 37 54 67 70 17 41 6 30 63 77 75 66 40 18 0 41 4 44 99 52 29 81 22 47 95 22 41 78 71 99 35 1 58 80 40 83 87 98 38 32 99 65 46 74 12 86 26 20 8 32 9 88 31 31 38 95 20 2 5 66 80 69 50 95 99 21 68 28 71 39 37 31 
2 82 90 55 19 89 29 66 76 68 53 44 35 33 34 39 22 30 90 83 96 86 84 67 16 1 70 36 8 36 48 94 22 20 51 38 30 13 2 95 21 74 88 43 92 83 42 35 99 88 56 5 19 12 3 2 78 76 72 24 67 45 95 66 66 75 40 78 40 96 58 30 30 76 74 66 54 62 18 12 87 46 67 1 42 93 96 27 96 2 0 36 10 34 94 26 71 35 6 19 
73 92 26 32 39 24 39 52 29 96 34 6 36 18 23 58 52 91 39 43 27 63 19 71 95 60 12 67 31 28 37 99 82 71 93 8 29 40 14 62 90 30 85 60 8 6 27 25 97 16 91 26 74 15 29 54 42 53 2 17 45 42 85 40 46 83 30 35 55 43 37 83 68 57 52 59 10 52 53 6 58 58 70 87 49 43 34 68 29 66 73 15 25 65 78 62 73 62 60 96 
21 16 10 93 59 83 68 94 27 95 79 64 6 95 6 51 44 61 6 50 66 64 15 37 28 22 8 38 68 23 28 88 39 77 42 89 20 34 18 62 86 39 82 84 73 50 24 13 96 54 20 95 89 97 44 5 89 63 74 32 94 66 98 7 38 9 45 33 66 16 45 70 95 84 13 9 23 27 28 10 52 71 25 60 96 27 26 76 20 74 45 99 75 3 54 96 85 24 66 73 
77 51 72 99 7 2 26 8 45 82 46 21 4 58 69 53 81 69 79 53 14 41 57 19 35 30 32 36 29 6 23 80 94 42 46 69 52 25 7 37 90 87 25 95 25 97 4 77 32 51 77 73 6 14 50 29 55 59 55 46 97 31 2 19 84 76 0 39 4 53 17 79 7 26 30 28 94 30 85 89 63 48 78 55 44 75 35 89 46 18 0 59 93 79 28 10 43 55 86 46 
19 86 84 70 67 67 50 15 39 71 6 72 84 90 26 85 53 74 94 83 13 83 31 74 65 27 61 64 31 30 76 65 92 88 40 11 74 30 23 65 65 63 93 98 70 84 23 91 36 22 41 86 55 46 96 72 10 17 96 17 33 1 61 81 67 56 53 54 92 47 41 57 22 14 79 1 86 22 52 46 9 35 65 30 0 47 31 0 31 90 35 26 96 84 87 13 64 84 94 74 
14 99 18 48 5 0 64 67 94 76 84 26 33 89 86 72 4 11 91 87 12 91 12 11 65 11 84 30 84 69 72 44 59 52 16 65 19 25 88 40 17 70 12 82 11 96 99 60 20 40 54 29 50 54 68 75 75 26 5 68 2 36 63 52 75 83 93 77 50 97 22 89 40 9 12 7 27 32 66 29 59 91 46 65 16 21 79 19 58 94 86 38 74 11 15 16 7 25 15 27 
25 88 48 42 9 11 16 64 41 73 85 8 61 69 48 12 62 62 89 62 6 25 18 28 1 88 80 43 58 53 74 0 53 66 8 82 63 81 7 62 26 91 93 84 95 89 63 53 85 15 13 85 44 80 47 31 26 54 41 63 60 26 52 20 16 3 55 50 6 68 22 81 33 62 94 98 92 54 13 53 92 47 73 24 87 36 67 15 73 0 60 65 10 90 43 18 80 31 8 9 
3 74 54 8 90 58 96 49 44 82 36 11 35 25 87 38 11 83 63 20 11 48 27 92 95 0 1 67 53 54 25 84 9 49 9 71 38 16 78 98 35 4 30 72 11 51 48 11 25 95 71 60 50 85 39 17 99 31 28 46 54 69 96 86 80 23 19 40 28 6 21 57 14 36 73 84 63 24 83 21 60 62 15 62 17 31 27 63 67 5 81 8 15 10 54 20 65 46 34 56 
57 97 10 65 93 73 65 6 11 8 90 29 80 90 70 84 45 70 97 83 73 29 3 48 76 39 63 78 71 44 56 6 31 58 31 50 38 97 28 35 19 67 71 94 42 66 65 66 48 54 87 84 52 87 60 35 94 54 27 79 2 99 7 43 72 88 76 2 51 67 68 74 64 97 28 94 29 58 85 54 85 99 70 31 33 83 66 77 32 49 82 31 27 70 97 2 75 54 71 26 
91 64 11 40 1 58 3 33 57 53 95 29 92 21 62 80 74 37 26 89 2 87 71 68 36 33 86 53 17 54 14 29 14 78 71 48 95 47 5 8 66 85 54 85 18 1 75 10 94 82 28 27 24 59 8 11 56 16 60 76 53 19 70 33 37 50 45 95 56 54 13 3 25 5 69 90 22 85 29 26 41 0 16 93 67 59 71 11 32 91 18 24 11 44 11 86 3 40 20 81 
42 72 45 25 65 77 67 16 9 86 43 55 56 24 50 52 6 10 12 2 46 50 47 25 72 59 41 29 21 21 70 13 85 58 55 42 47 17 65 78 57 49 11 14 10 34 81 87 66 4 21 80 69 29 56 46 87 91 72 94 21 47 85 39 63 34 96 80 90 54 63 96 32 16 59 14 68 63 10 15 46 97 21 30 69 20 41 96 24 32 47 64 69 23 10 52 34 58 96 16 
42 34 81 67 38 65 51 20 56 85 25 31 26 41 39 32 43 24 14 90 27 74 84 88 89 70 45 48 98 80 83 25 79 18 95 27 89 34 21 56 96 66 2 33 62 92 72 49 82 27 42 53 53 10 33 33 31 55 74 62 69 58 88 1 10 19 64 51 15 69 8 1 3 13 69 98 59 70 20 5 39 98 82 13 1 62 51 92 9 97 0 7 37 75 48 96 30 59 2 92 
24 37 15 95 90 85 5 73 60 92 87 86 24 54 71 9 84 51 61 80 99 30 49 35 37 82 36 87 35 15 43 73 30 14 87 67 60 60 47 78 26 8 80 26 15 61 71 85 24 33 93 74 35 69 99 5 86 97 90 78 50 12 39 59 99 67 72 1 81 57 48 47 23 35 41 57 84 1 26 95 91 29 77 38 51 45 79 49 7 35 54 24 22 21 32 25 2 2 50 9 
50 52 81 13 69 22 84 32 57 36 6 96 97 89 14 59 38 40 41 76 36 76 46 74 99 97 13 48 28 86 8 57 22 33 73 91 88 15 90 94 32 16 61 91 0 67 44 49 17 17 20 34 90 36 48 35 54 46 29 84 71 55 3 36 81 68 39 95 18 96 79 13 60 0 97 85 70 77 71 14 71 52 74 10 27 59 82 36 54 87 77 60 74 74 60 28 75 45 78 85 
73 76 38 78 26 0 8 61 55 5 7 79 76 41 45 1 85 25 2 64 31 88 45 77 90 41 73 73 45 0 75 94 17 98 29 75 73 76 2 73 45 30 99 63 4 93 98 42 48 43 4 32 41 1 5 10 17 21 74 33 26 81 38 30 16 8 10 8 5 36 17 85 46 67 96 40 56 66 13 10 43 23 18 8 73 26 12 12 30 78 33 61 15 24 59 72 24 13 82 77 
91 72 0 66 5 62 18 42 91 1 93 25 74 74 43 83 38 43 16 2 85 41 52 4 38 10 49 9 68 89 45 32 57 56 58 28 83 94 89 26 1 54 96 42 25 69 14 42 81 52 11 49 47 4 41 27 49 69 42 0 21 40 71 88 61 12 80 86 51 39 69 40 3 66 28 29 93 14 72 24 4 33 50 21 59 28 10 25 64 82 56 18 66 42 99 47 55 44 14 69 
57 41 17 19 76 23 86 24 49 51 25 26 74 82 37 65 77 38 8 12 89 78 96 39 99 31 74 1 18 72 88 72 97 76 34 60 92 95 50 8 13 46 21 39 48 75 95 65 2 93 82 96 66 99 54 10 60 11 44 36 22 33 85 4 44 84 56 46 56 68 56 68 46 5 39 72 84 9 70 18 77 16 22 74 27 43 42 91 70 18 93 89 3 77 46 13 81 6 55 90 
63 76 92 98 91 31 64 65 97 58 24 56 26 97 50 34 98 81 87 15 56 88 5 95 94 5 92 18 37 12 39 55 5 38 65 34 64 56 89 41 99 80 42 86 18 91 27 55 1 40 78 86 94 22 40 7 86 34 1 79 18 75 51 34 3 50 68 53 65 47 99 20 95 17 92 25 96 86 81 74 55 94 83 83 37 50 53 40 63 94 33 70 10 0 9 75 36 95 17 2 
35 6 93 75 20 91 98 29 52 66 80 14 5 66 62 27 16 5 45 96 10 67 42 96 9 85 27 49 80 3 12 43 61 28 34 74 34 72 35 25 22 19 59 96 90 92 55 14 8 88 12 3 2 84 94 76 89 36 62 85 7 21 72 1 8 45 89 4 30 18 68 53 87 93 24 59 78 28 61 75 31 57 58 78 75 21 47 99 4 83 70 70 82 77 71 86 19 85 95 46 
90 64 78 90 70 8 17 4 33 42 30 54 19 10 55 97 29 5 75 32 50 28 10 81 0 15 3 42 14 45 60 4 65 94 35 88 8 76 83 51 12 54 96 68 47 42 42 27 93 82 74 45 37 33 16 85 82 28 45 89 93 15 60 5 92 76 91 6 83 13 38 79 2 64 84 73 40 45 68 89 54 43 26 18 51 32 18 7 43 58 33 86 1 24 43 33 77 94 92 9 
21 0 65 61 16 21 70 32 29 10 13 98 29 28 34 72 91 20 21 98 63 94 51 1 25 64 24 1 15 80 96 73 94 47 22 56 29 91 81 50 58 99 29 59 97 29 17 67 34 25 97 63 14 44 38 11 33 92 57 73 67 82 88 77 49 67 63 17 45 87 35 6 52 31 36 0 98 50 52 70 35 7 21 98 97 65 51 96 38 62 96 72 51 64 32 41 14 5 85 51 
96 42 98 53 9 98 57 40 32 48 31 90 26 94 75 26 75 91 7 79 95 0 2 15 86 70 52 98 61 99 84 59 75 66 95 82 76 88 90 87 96 89 38 10 51 10 5 56 4 12 32 25 72 24 2 37 45 97 88 48 6 95 27 65 37 53 98 30 10 53 61 10 13 30 36 19 67 47 32 59 5 62 46 69 50 88 30 3 2 87 99 34 78 32 52 48 30 81 2 69 
81 82 7 1 3 4 82 81 41 61 76 92 89 27 55 92 52 11 20 97 56 33 35 41 17 13 33 80 34 8 57 14 0 89 95 71 79 61 49 67 18 41 97 74 32 6 49 9 46 77 45 98 35 12 26 60 73 48 11 91 18 77 61 22 59 95 35 29 84 35 31 21 20 9 22 78 3 46 37 49 49 69 45 39 28 78 60 24 76 72 34 98 54 44 3 88 95 80 33 3 
54 72 72 64 85 50 48 36 0 17 87 12 15 5 32 11 18 5 11 4 65 21 18 80 32 81 23 49 23 29 39 80 54 6 74 88 25 85 80 35 18 62 79 69 87 64 86 30 85 84 38 81 29 31 82 35 78 43 49 84 99 88 99 4 43 47 55 92 30 96 83 88 74 45 85 36 74 94 58 70 70 82 52 75 63 2 48 23 43 68 92 42 32 3 65 76 9 93 89 17 
70 37 36 66 86 78 28 3 6 7 69 25 39 21 54 81 7 2 42 57 40 43 22 51 33 53 63 88 1 19 66 47 93 23 82 62 97 21 49 63 18 16 43 83 59 36 96 0 49 95 93 13 43 69 89 74 30 49 47 23 30 21 66 1 57 33 64 27 80 18 48 87 62 63 40 57 51 11 50 7 54 46 65 50 23 28 34 87 96 1 83 54 68 71 23 75 0 17 3 2 
65 26 73 53 31 25 24 47 69 46 39 19 65 17 93 56 9 89 48 4 14 52 65 44 47 97 52 74 69 86 83 54 50 87 92 77 64 42 58 80 28 89 45 59 2 73 51 45 59 32 45 10 76 42 98 50 64 3 60 42 93 20 28 72 91 90 60 84 78 59 16 4 37 40 62 60 98 7 9 15 28 58 23 36 58 79 49 48 42 45 36 62 75 63 98 36 71 76 55 74 
67 78 68 61 98 79 11 26 64 45 48 94 64 9 36 52 9 35 64 41 98 63 60 27 31 23 20 17 2 95 71 18 73 73 23 48 45 66 96 0 20 49 80 95 44 51 86 98 92 14 49 21 79 10 96 36 89 44 28 44 92 21 21 65 12 14 28 88 38 82 72 70 67 41 24 61 39 26 65 27 80 88 21 41 57 20 27 94 22 98 24 68 9 4 76 34 14 7 97 91 
64 85 85 97 84 79 66 89 81 96 19 63 60 25 28 73 36 78 90 17 13 61 44 66 18 14 90 22 21 83 16 61 39 52 65 81 27 54 96 67 99 67 78 37 60 93 58 48 81 21 10 24 59 37 34 70 43 34 1 60 84 14 6 59 43 8 61 29 29 85 75 6 80 1 28 54 88 29 34 91 47 95 29 43 98 99 69 38 70 27 75 61 36 63 27 1 13 27 45 90 

