53 73 60 42 10 90 61 28 2 38 6 6 15 41 78 21 93 19 52 84 88 28 72 55 5 20 62 64 9 64 95 46 91 76 29 99 69 30 78 14 10 39 96 2 38 30 35 54 87 54 22 45 71 51 31 47 70 62 2 53 25 19 67 77 79 12 47 58 99 53 16 27 94 80 4 21 6 34 69 46 23 73 97 76 69 59 83 46 51 83 24 1 27 3 64 58 29 70 74 2 
76 26 69 86 22 12 71 76 43 30 78 60 54 18 86 4 87 94 98 40 73 99 6 81 86 78 76 98 98 4 37 40 5 97 43 84 75 51 37 67 10 75 51 26 39 24 66 17 93 11 26 60 38 27 86 24 6 62 19 51 21 35 2 68 80 97 39 53 44 81 14 85 54 8 91 84 54 63 24 93 81 18 12 7 96 81 13 15 20 85 91 77 10 16 35 9 64 8 73 68 
65 50 82 79 87 84 28 79 20 67 11 62 41 35 47 61 39 43 3 98 18 93 46 7 26 29 73 40 74 93 48 42 22 2 24 88 18 9 4 99 95 72 14 84 92 34 45 73 69 59 40 76 59 49 90 18 68 28 60 0 96 96 54 98 40 53 29 9 14 34 56 39 25 78 62 8 15 99 72 99 4 7 48 5 88 29 81 89 52 59 35 82 5 77 69 65 58 79 21 62 
39 95 32 99 30 49 47 38 80 34 49 8 35 34 82 3 83 61 63 77 71 40 15 37 6 81 54 78 57 92 60 26 18 76 40 25 41 85 37 5 94 55 48 40 35 79 75 43 51 84 38 78 60 50 17 74 33 98 25 82 31 0 42 1 69 76 71 62 98 83 32 30 86 30 29 74 55 88 56 88 25 60 89 95 35 1 59 56 80 69 86 29 54 48 98 48 7 14 71 37 
57 1 3 88 14 39 36 31 87 68 26 60 0 61 87 37 89 73 30 76 39 50 24 42 42 6 1 83 41 51 2 12 51 4 91 16 65 47 36 42 40 59 24 3 64 41 25 23 61 42 57 46 56 50 16 53 58 16 23 45 9 36 17 59 91 53 76 73 55 68 46 8 28 65 57 86 69 73 79 46 67 52 70 37 81 19 90 35 38 48 72 67 42 97 20 59 97 39 2 40 
61 64 6 4 50 94 68 5 96 77 81 37 67 79 67 78 54 95 62 36 70 8 60 36 0 46 34 96 70 85 89 92 86 45 40 83 11 14 6 39 52 21 14 37 34 95 17 52 9 32 64 43 50 66 71 65 72 44 73 29 21 17 56 94 30 73 28 69 97 29 87 65 37 26 16 57 19 76 92 4 76 96 88 17 51 24 20 58 73 65 63 95 74 58 93 66 22 55 97 25 
71 40 31 14 84 22 77 54 50 58 0 34 83 38 37 94 61 49 32 38 83 35 57 33 30 95 94 19 49 50 68 92 73 81 61 43 84 95 74 56 36 50 52 64 44 58 40 81 74 41 31 93 39 28 91 92 67 50 88 58 95 32 45 49 60 17 71 95 57 75 34 98 92 50 97 45 13 35 13 30 0 0 77 97 76 2 53 96 44 42 6 74 72 56 16 49 27 17 55 75 
52 44 11 89 83 31 19 79 61 67 56 98 94 90 1 79 22 91 22 40 94 55 22 20 53 62 61 87 82 7 14 11 76 97 39 80 83 26 38 31 29 69 21 17 53 75 73 66 70 21 92 28 67 9 70 36 9 2 8 96 82 21 16 54 1 13 8 28 78 70 14 20 48 1 47 22 19 51 27 36 35 91 45 37 86 52 95 85 33 80 40 88 90 86 0 44 96 86 24 32 
99 94 71 23 78 39 95 30 15 78 72 25 65 89 18 55 55 68 9 59 84 80 94 42 50 61 76 50 84 27 20 29 55 64 72 39 7 79 13 56 6 20 16 30 69 15 66 37 55 70 60 3 82 70 94 50 51 76 54 60 89 28 7 67 33 11 86 97 52 94 65 65 70 65 75 34 81 85 31 20 45 36 0 89 71 35 80 78 92 54 83 90 27 61 91 97 97 63 49 77 
92 42 71 21 94 10 64 83 68 99 39 7 98 15 48 8 64 37 83 59 85 55 15 74 43 86 90 48 92 15 1 86 99 28 2 67 46 9 36 38 19 5 75 15 92 52 65 49 96 57 85 76 86 35 1 43 12 7 81 87 73 29 50 20 74 77 52 51 7 52 47 62 24 31 71 32 93 53 43 84 99 96 20 11 96 50 3 83 67 45 56 23 4 32 75 0 80 91 31 31 
96 61 89 64 30 25 15 85 69 32 14 48 66 60 45 60 26 20 79 3 70 38 99 71 97 48 93 6 73 92 72 68 17 26 26 19 81 15 83 78 38 27 78 97 84 83 0 56 69 33 26 2 47 71 73 56 9 70 57 37 6 14 58 69 83 30 54 21 82 78 98 21 94 48 38 12 37 3 12 75 24 9 80 72 50 13 4 5 39 52 52 22 26 43 95 43 17 92 76 90 
0 72 46 31 45 66 36 97 2 82 99 28 39 0 9 95 58 14 94 59 0 83 73 9 73 78 41 9 55 34 65 3 27 39 21 67 41 85 14 15 18 95 59 40 6 23 53 77 47 39 72 62 82 19 79 73 52 34 5 93 77 35 93 96 88 37 48 27 44 44 17 19 53 98 13 74 26 92 55 78 53 5 49 65 19 13 69 78 94 77 19 95 76 79 8 56 34 40 30 15 
29 13 96 16 67 30 69 99 82 24 28 55 8 43 95 61 59 83 12 13 23 22 67 25 24 82 21 36 41 67 29 80 49 59 5 11 53 13 87 94 66 68 20 15 73 96 92 85 92 83 76 58 96 97 53 92 31 88 18 39 86 57 55 42 98 18 30 91 27 18 46 76 15 34 87 63 0 30 50 78 20 27 5 80 91 14 64 54 27 45 85 98 68 64 9 96 87 55 32 73 
67 97 48 36 12 4 81 55 39 20 59 19 27 1 38 44 90 33 13 7 15 97 47 64 19 55 43 74 1 36 71 65 51 87 11 44 49 53 61 42 0 94 64 65 35 16 61 29 29 98 29 55 79 56 96 82 27 14 29 22 74 26 15 26 46 2 76 69 31 93 56 29 90 92 96 12 82 55 20 48 7 34 25 72 12 63 63 56 49 77 58 21 45 53 64 45 84 11 66 93 
77 63 30 47 42 74 77 63 51 64 36 65 20 47 40 45 53 28 82 77 64 24 76 62 70 82 21 33 22 62 63 72 79 41 87 85 83 12 9 95 35 22 65 35 24 62 29 64 86 56 87 62 49 19 13 75 82 39 63 91 15 20 97 33 9 66 95 87 37 30 49 27 5 5 66 38 4 84 67 62 72 56 19 50 71 78 22 32 24 86 35 78 11 63 90 45 88 78 29 88 
88 64 45 16 77 57 37 15 71 67 15 78 86 98 86 6 66 61 39 46 84 13 46 11 87 21 76 20 75 13 35 48 17 34 25 61 11 18 40 58 33 81 89 25 76 56 68 85 58 49 55 69 63 14 19 30 14 72 15 73 47 43 91 53 63 13 40 3 48 32 80 86 59 44 25 58 43 29 12 0 36 32 48 60 40 11 5 30 56 10 53 28 18 5 14 40 30 15 96 21 
71 72 61 76 12 26 74 38 90 88 72 86 83 55 48 56 3 62 27 35 10 9 21 19 23 65 91 76 47 10 47 4 77 8 59 28 16 10 13 0 5 67 2 73 11 43 4 28 53 54 46 91 31 95 66 83 67 24 48 50 73 44 70 80 36 45 49 97 60 27 71 21 85 1 59 74 25 2 88 93 5 75 58 31 35 75 97 67 4 82 7 41 60 19 96 84 2 56 17 67 
22 27 58 17 5 86 39 99 60 90 88 74 79 77 95 18 3 5 2 56 97 72 34 87 25 81 75 93 39 39 77 43 13 73 42 11 85 90 37 48 76 10 47 0 47 12 60 33 6 89 25 81 90 24 59 12 43 92 41 90 53 0 18 53 38 77 13 67 89 41 59 8 66 17 63 75 22 64 26 19 12 15 29 8 4 0 18 37 86 99 20 32 30 1 31 16 27 3 41 27 
30 3 3 60 13 49 82 78 95 85 70 74 17 19 31 45 70 31 53 38 19 62 50 18 70 12 42 45 75 91 88 32 59 36 14 76 65 57 9 26 71 55 34 54 82 85 68 77 32 76 2 78 69 25 96 85 11 64 81 7 71 5 64 73 45 68 0 83 94 41 63 10 28 22 34 73 90 49 61 92 10 29 79 82 24 11 5 49 43 52 50 59 97 18 70 40 94 92 40 97 
41 17 22 67 28 67 56 64 90 59 21 21 73 49 98 29 36 30 47 93 65 74 83 85 31 20 93 1 0 66 52 31 65 53 12 32 75 0 54 94 88 16 43 37 33 28 44 92 82 6 76 46 18 93 20 56 81 52 3 33 27 15 22 49 63 29 83 58 52 2 54 8 90 98 42 83 8 22 4 99 37 9 65 75 25 33 7 4 14 3 94 16 21 28 39 10 86 9 69 97 
83 82 14 21 28 71 87 12 4 19 4 69 34 96 78 57 18 90 18 83 90 43 43 41 72 59 63 59 82 6 22 44 76 82 67 63 60 45 34 84 96 43 2 10 35 35 95 39 9 88 39 2 69 94 82 5 16 98 54 3 63 46 20 35 79 12 12 22 76 82 23 34 77 78 63 91 98 46 15 78 19 51 88 0 36 22 31 43 95 64 79 71 66 6 53 48 57 43 87 83 
24 92 50 66 81 80 55 68 11 66 60 5 83 3 18 34 69 81 25 36 71 8 8 15 58 83 71 0 14 82 66 82 14 1 94 33 22 65 14 24 84 9 36 57 14 1 56 23 79 69 90 67 12 16 43 78 67 79 40 50 0 35 90 46 20 84 93 55 92 86 79 64 27 77 4 46 66 63 32 5 67 4 36 97 96 71 93 28 82 56 45 28 13 73 75 64 9 96 97 95 
25 89 28 52 12 16 75 91 9 78 40 12 99 49 28 58 17 21 2 59 54 52 93 6 92 64 1 11 42 79 83 90 72 59 71 71 33 92 51 85 91 99 49 1 66 52 82 25 46 82 53 48 27 89 46 33 58 44 23 88 10 88 74 83 22 9 93 1 20 52 18 27 34 8 31 16 57 9 1 11 64 34 95 6 10 70 14 29 6 81 95 19 97 91 88 27 48 18 46 11 
93 87 14 26 8 91 94 28 55 32 43 39 29 89 49 59 70 82 30 53 12 75 43 87 83 8 55 82 31 65 85 25 34 79 65 61 61 63 46 62 0 81 18 38 48 27 73 63 71 95 46 41 28 22 28 28 9 43 96 11 99 96 68 58 53 19 84 57 51 39 34 5 68 32 87 43 34 88 92 63 69 92 34 71 87 91 18 75 78 45 83 55 22 54 25 51 89 51 66 10 
16 33 43 30 56 77 2 99 17 53 37 27 21 41 53 56 64 8 44 48 87 80 44 29 18 78 85 35 11 31 69 87 3 92 25 5 27 93 63 89 68 60 42 46 70 22 49 55 79 38 48 90 94 97 55 54 14 46 52 63 9 99 91 33 41 60 36 17 70 98 93 6 71 18 41 4 29 35 84 98 1 74 68 70 53 29 83 57 83 65 30 15 46 11 61 67 33 81 4 14 
35 1 1 82 87 0 7 43 65 92 43 89 37 10 17 79 48 86 81 75 76 39 90 58 35 40 23 14 63 99 88 2 36 55 15 56 91 44 52 92 46 90 66 9 43 40 7 2 18 65 85 51 89 72 13 20 90 4 73 5 23 22 57 38 13 98 51 41 99 88 52 74 96 7 8 10 20 86 89 11 70 11 55 70 94 4 80 50 86 72 62 49 22 58 11 45 0 48 77 92 
76 3 22 99 40 68 15 51 47 74 53 37 71 51 3 88 12 4 4 92 91 65 96 57 75 47 90 65 63 40 81 70 61 88 15 39 25 18 49 33 44 59 85 1 46 92 56 4 70 38 8 73 70 81 61 50 79 61 2 62 25 89 2 11 74 81 88 87 63 15 59 31 16 96 14 50 85 60 3 23 81 7 47 86 46 37 38 60 72 5 59 97 7 97 1 90 11 13 95 27 
27 65 85 94 38 7 68 16 40 30 80 92 59 80 48 6 7 98 86 18 40 49 72 81 56 11 62 55 49 84 32 34 16 58 15 77 70 11 83 65 21 90 43 64 38 51 8 74 2 11 59 69 47 27 30 56 48 27 49 67 7 26 33 5 94 68 56 45 80 92 90 75 2 44 36 66 94 21 91 50 38 39 55 96 99 9 17 15 88 93 50 22 18 35 60 31 18 46 42 66 
49 2 99 90 18 48 23 35 13 87 1 49 55 28 68 24 18 29 93 80 6 37 4 91 57 7 23 25 39 64 19 19 68 25 84 43 66 2 87 11 61 8 10 16 86 5 4 84 0 85 49 27 65 35 72 55 12 70 24 58 37 37 56 89 42 42 90 54 68 94 97 77 50 47 25 82 21 14 60 81 19 43 19 24 86 47 66 65 15 52 7 23 52 71 76 35 50 67 65 70 
78 56 77 57 98 98 59 72 87 79 15 95 65 66 65 29 51 49 18 50 11 46 22 8 89 13 21 22 84 13 28 96 44 72 35 49 75 84 92 97 97 76 7 77 33 50 28 25 39 98 16 10 55 42 16 20 79 63 17 93 84 60 1 91 9 7 66 54 56 65 12 30 65 93 90 24 4 91 44 18 22 0 31 52 15 65 76 92 79 69 82 93 31 21 74 40 73 43 56 23 
34 65 3 98 30 70 5 3 29 49 24 5 69 44 21 92 36 40 91 15 12 60 82 46 20 70 8 54 36 41 3 70 72 4 93 22 60 63 12 55 76 52 14 73 43 3 32 87 73 85 53 70 90 50 37 11 87 17 67 30 27 82 96 23 86 38 5 78 84 8 95 95 21 56 28 66 32 27 97 1 62 58 26 28 25 64 89 92 53 5 86 27 97 60 79 83 64 55 72 65 
93 58 85 48 89 21 87 22 89 54 63 37 16 10 73 86 90 50 32 35 9 5 35 58 98 85 43 26 43 7 94 76 40 79 4 9 79 3 79 31 29 35 40 40 58 60 63 96 16 65 80 53 63 59 52 95 39 48 6 63 34 46 7 90 3 57 90 19 4 90 28 45 92 69 82 30 92 26 37 1 63 83 99 41 31 70 82 65 26 92 66 18 65 89 18 80 60 58 40 86 
19 71 29 37 15 6 34 30 31 59 0 69 24 30 42 28 46 78 73 89 62 7 12 57 37 18 5 9 47 96 29 65 28 32 79 7 29 45 28 40 66 75 31 25 14 45 16 89 11 83 5 10 4 0 84 46 97 83 78 98 94 69 95 13 75 26 83 6 94 98 80 37 69 86 77 17 77 15 47 70 15 89 98 61 14 91 10 97 73 30 54 23 95 91 88 65 53 38 7 50 
62 29 26 33 20 8 89 52 90 46 13 23 53 96 7 34 39 16 1 63 34 41 53 19 5 89 82 62 97 83 27 9 50 50 57 51 80 53 56 27 20 57 83 78 1 36 93 44 96 31 27 67 95 58 94 79 73 7 67 51 87 12 21 40 69 53 82 20 52 33 66 94 63 84 73 68 43 77 84 63 56 36 70 10 52 63 39 18 74 73 24 89 51 75 35 98 24 82 66 75 
21 24 79 0 43 10 23 4 48 15 76 88 23 15 7 32 74 63 82 9 16 94 16 4 58 83 18 89 13 29 54 61 45 3 95 77 81 69 56 99 55 14 40 39 61 69 94 80 12 33 20 15 32 64 97 99 24 15 58 45 67 3 53 62 98 12 9 86 24 77 54 48 21 3 14 59 63 12 78 75 94 83 57 93 48 87 37 19 7 85 43 91 39 58 18 69 96 24 95 79 
49 32 11 13 8 76 4 53 80 41 24 12 93 52 60 18 90 53 61 47 13 4 1 7 83 67 88 15 1 80 55 59 91 79 48 30 30 27 55 77 96 37 53 28 59 48 7 63 42 67 13 44 25 80 27 96 10 19 60 71 87 50 34 59 82 50 1 48 75 82 15 14 20 62 67 99 55 39 40 52 83 81 25 73 4 89 19 19 92 48 82 85 38 40 43 34 50 53 61 51 
41 67 68 72 23 62 59 8 86 97 40 68 53 67 80 75 88 40 47 95 2 76 90 47 16 53 32 29 16 85 6 34 42 37 65 48 5 27 40 79 74 59 91 88 88 42 16 97 63 3 16 69 99 2 71 15 31 24 51 48 31 20 66 62 33 47 67 62 27 3 8 77 14 59 45 39 53 4 55 60 57 87 33 72 11 9 99 57 67 55 57 50 71 84 90 78 83 23 30 29 
44 13 13 78 46 30 94 14 39 39 42 60 9 60 44 29 22 99 68 18 54 45 74 20 9 51 82 63 3 16 86 82 40 97 60 89 59 41 29 24 98 45 72 64 71 63 63 20 49 19 27 14 2 26 62 33 12 43 98 8 17 46 35 48 27 79 73 35 16 54 47 74 47 68 63 17 39 94 43 52 67 65 39 36 30 98 53 85 44 30 49 74 62 33 77 80 78 94 96 76 
25 35 80 56 61 71 49 66 90 91 68 53 13 17 30 12 71 89 14 2 94 38 29 33 16 25 19 49 96 32 56 11 43 46 64 21 44 33 88 72 75 20 66 77 86 71 3 52 99 63 50 30 12 66 56 28 5 74 38 56 42 65 6 16 33 17 39 13 96 84 54 30 90 79 61 33 14 35 17 97 5 48 33 5 49 34 63 12 1 28 10 57 75 39 83 76 71 42 44 30 
10 63 44 81 11 35 16 92 49 5 53 38 18 72 75 88 74 42 5 76 83 3 19 63 79 91 73 47 82 47 60 29 9 98 37 37 95 83 0 8 12 21 11 65 52 60 88 67 61 74 28 21 11 44 49 47 70 37 20 24 97 59 67 57 78 97 71 17 38 21 49 65 78 75 74 46 94 70 55 81 73 30 22 54 89 97 87 0 57 77 22 80 60 34 85 52 92 48 0 50 
82 44 3 4 88 40 52 90 44 59 30 98 3 22 73 88 66 40 26 75 43 24 25 94 95 64 66 42 59 59 97 35 17 12 70 89 8 2 67 13 83 20 35 76 1 50 11 79 37 83 58 15 24 40 98 51 35 37 69 12 47 83 26 49 10 17 61 71 36 3 32 38 98 71 95 60 22 90 92 22 38 36 83 53 97 7 97 10 95 41 88 74 85 58 99 39 70 87 29 63 
28 61 11 94 25 2 5 25 3 6 26 85 22 5 1 45 81 83 30 40 96 64 85 59 64 69 83 98 19 78 90 68 2 78 24 52 77 0 67 65 54 7 3 13 16 68 47 38 92 14 93 49 73 58 29 60 5 85 68 53 60 15 0 11 40 72 6 57 45 80 79 32 38 19 73 58 92 60 62 4 43 91 97 16 42 75 55 24 50 56 24 77 70 84 51 75 82 77 19 60 
97 64 82 71 83 52 66 76 3 88 91 5 37 21 12 98 91 32 5 56 45 15 80 82 7 42 70 69 30 76 69 22 81 67 16 82 14 60 39 65 75 90 43 26 10 30 92 58 93 79 53 19 94 43 47 51 38 74 23 57 18 65 89 43 22 5 93 56 46 85 95 32 19 1 73 46 55 57 10 1 27 30 80 2 91 39 27 13 43 66 76 94 37 28 63 94 23 26 61 42 
59 82 64 91 52 57 96 30 31 22 25 34 85 67 2 81 98 14 38 67 47 72 2 93 8 57 94 60 1 10 35 47 94 86 88 94 72 26 35 37 54 29 55 46 40 4 71 55 70 66 54 54 53 38 73 21 14 0 40 92 47 37 72 68 17 87 36 71 86 40 51 81 4 66 94 93 39 83 75 52 56 2 65 21 73 18 0 43 31 49 7 23 33 83 60 56 27 20 24 87 
14 31 4 2 90 33 99 42 42 86 73 53 31 86 52 25 36 22 97 6 63 48 28 52 7 28 27 24 81 33 60 20 89 32 26 30 47 82 42 34 22 20 27 34 3 90 10 94 76 68 14 55 47 89 19 60 98 81 69 76 65 62 67 86 18 37 85 50 39 77 83 80 93 29 35 23 4 74 29 99 44 35 36 53 74 80 80 62 77 16 53 35 26 87 59 77 58 43 20 9 
59 71 66 5 54 52 97 74 63 10 11 17 65 99 55 57 68 10 2 83 28 75 48 18 41 8 98 20 71 79 72 40 26 90 22 0 6 31 87 34 3 54 81 99 77 40 94 15 14 17 26 91 48 28 95 32 12 5 69 23 71 3 17 70 57 84 72 38 3 5 12 37 9 46 83 70 63 98 19 98 91 23 80 89 40 17 67 42 41 6 12 63 46 9 39 81 26 47 88 94 
40 78 79 44 60 70 81 61 52 85 92 99 39 98 48 26 92 12 11 35 52 56 14 28 26 55 86 45 71 25 94 85 58 23 5 38 64 63 94 81 14 41 18 37 27 28 30 53 65 15 10 24 0 49 89 9 93 99 77 95 28 76 34 35 39 38 74 59 21 11 24 9 36 38 1 57 18 79 14 3 34 97 47 13 69 94 99 75 71 96 6 19 87 10 39 43 17 28 38 41 
64 80 29 34 11 17 17 90 4 5 7 39 83 89 11 61 35 84 61 1 22 34 63 28 74 86 62 82 0 93 20 37 16 52 18 16 13 80 41 61 38 1 70 42 45 29 62 52 39 57 11 0 64 1 45 59 36 75 71 63 71 34 14 94 33 93 86 58 61 32 58 18 35 51 51 92 95 12 92 95 16 39 41 63 52 48 19 3 54 3 26 7 30 13 82 50 28 17 87 69 
83 42 17 32 3 19 50 48 85 38 33 22 58 33 90 87 23 97 87 13 35 73 35 41 85 96 89 29 44 54 55 0 56 44 39 0 14 49 87 7 79 71 52 88 25 26 92 8 87 31 55 97 11 73 62 2 25 45 7 20 85 83 12 8 31 40 83 41 33 37 69 40 90 39 54 6 34 24 25 37 7 99 32 50 14 71 90 30 81 58 71 95 83 64 0 24 72 61 40 32 
87 27 21 60 37 38 11 16 33 42 26 27 16 83 30 64 69 87 56 8 97 94 27 21 35 73 48 53 56 6 9 8 65 79 91 54 21 29 35 9 28 84 18 69 32 32 97 52 59 22 16 92 93 12 49 23 60 69 71 43 2 5 55 62 50 1 79 47 16 2 38 5 57 98 43 96 10 58 85 18 69 90 46 15 38 74 22 44 11 94 39 45 42 89 82 73 86 85 69 11 
80 50 71 81 83 84 27 15 58 42 13 21 69 92 41 13 8 35 30 93 63 72 38 88 20 18 98 50 13 36 32 49 81 66 51 69 99 90 88 75 57 26 42 14 33 9 51 98 93 87 25 62 24 41 77 39 57 20 43 89 32 44 98 45 29 4 70 92 23 44 24 64 34 88 0 72 25 35 42 56 95 86 34 38 62 54 84 39 20 55 96 77 6 78 41 24 14 86 52 67 
41 62 23 41 61 70 15 96 39 52 39 14 57 84 82 29 6 51 7 39 18 15 75 27 91 27 62 14 4 66 61 29 29 37 95 78 55 50 55 74 61 18 14 6 71 5 69 5 47 16 77 28 42 24 30 38 8 26 76 18 13 34 61 75 90 11 98 52 11 30 91 21 43 47 30 5 74 65 27 87 37 18 52 1 92 6 50 7 0 58 25 17 63 37 87 25 24 14 14 47 
1 20 29 42 59 61 69 94 9 53 92 25 25 7 2 99 12 49 94 81 79 93 31 95 25 30 12 22 59 16 9 86 78 91 47 32 19 38 97 93 5 15 72 91 50 49 56 98 95 42 24 1 45 10 71 11 80 27 76 67 52 79 68 2 69 79 90 43 87 65 35 68 60 4 74 49 16 26 25 85 40 3 2 67 99 77 77 97 19 47 91 51 86 5 66 35 82 88 73 53 
93 18 23 20 92 1 47 50 56 36 79 85 95 54 65 98 65 5 65 62 78 2 36 91 73 20 97 96 37 86 18 96 59 49 57 96 93 20 7 38 61 58 32 65 17 77 49 43 97 92 7 54 6 72 65 90 53 59 71 41 63 41 79 60 4 30 80 78 65 7 70 50 87 19 62 34 77 58 62 1 77 81 90 60 29 5 96 81 63 73 21 63 35 85 50 30 9 13 94 26 
26 40 28 10 15 33 91 71 19 43 47 37 16 37 92 77 53 45 22 83 99 36 67 98 74 86 57 78 44 34 53 73 36 33 4 1 24 91 0 33 72 18 86 98 86 98 43 40 26 37 67 41 83 95 81 21 10 72 32 67 83 9 94 91 97 93 27 28 18 37 84 16 39 94 61 29 88 57 91 94 75 87 95 23 5 18 86 49 53 76 45 50 22 74 45 95 95 64 29 90 
29 27 33 55 0 51 25 93 81 90 74 91 72 40 73 88 76 53 96 6 59 92 34 70 20 42 49 74 57 86 78 8 22 1 81 63 15 1 34 15 22 86 47 86 69 69 70 20 41 32 41 87 91 81 73 32 29 43 76 87 56 66 78 26 52 15 21 55 25 87 47 7 29 83 49 11 27 12 94 61 34 3 6 32 93 4 72 59 97 26 40 39 43 10 36 47 4 10 97 92 
45 55 62 8 48 2 45 44 85 79 17 4 57 27 63 54 21 19 11 0 37 52 82 6 46 26 98 63 56 68 41 5 68 45 9 79 19 48 83 26 95 68 55 8 2 14 67 5 75 20 76 98 84 99 26 71 73 12 10 59 50 94 36 35 1 31 25 71 44 72 31 48 54 21 87 51 56 61 64 44 0 62 22 15 38 93 83 90 9 41 21 75 22 41 52 61 60 86 14 61 
53 41 8 35 69 37 35 1 71 9 16 40 20 68 68 72 28 45 19 32 17 13 19 10 35 39 47 4 41 50 52 17 6 41 92 26 92 51 17 19 23 48 40 32 1 60 43 15 40 79 84 1 6 96 59 53 13 73 30 28 85 28 82 94 53 3 73 95 19 65 26 25 85 88 8 5 89 93 43 48 29 66 47 8 94 59 70 16 44 76 64 32 43 22 22 40 44 75 36 90 
95 42 22 90 91 83 8 78 43 51 36 62 36 32 68 10 47 28 13 70 76 27 99 61 11 1 86 28 22 20 45 73 71 82 4 15 4 7 15 84 64 22 21 42 3 80 23 99 41 5 54 39 86 89 5 30 98 2 31 54 56 20 87 69 80 81 74 55 13 47 95 27 31 54 40 64 97 66 7 42 94 52 29 12 78 8 72 32 55 23 44 37 13 2 4 88 65 35 66 23 
4 71 94 82 72 99 67 23 51 90 5 83 8 31 76 97 82 11 74 30 14 98 23 22 53 10 86 42 46 72 57 90 24 66 49 2 87 5 15 43 52 72 54 71 58 69 5 57 96 42 40 97 84 58 62 8 96 37 82 15 55 53 55 85 46 98 47 46 93 53 31 37 20 80 8 30 33 93 94 85 39 25 17 13 52 99 63 56 95 89 24 2 5 4 39 60 9 86 66 47 
49 57 69 77 3 63 11 55 32 29 57 60 96 36 11 29 82 52 28 14 93 27 63 3 51 50 95 22 73 94 32 12 91 94 47 22 10 19 25 87 67 68 79 19 78 31 72 73 18 47 61 53 62 23 41 27 25 16 73 72 34 70 27 22 36 45 59 25 12 29 64 1 95 34 47 25 57 82 45 15 81 75 76 5 39 34 80 90 8 56 98 33 77 79 53 65 79 52 31 94 
5 58 33 86 14 15 87 31 37 77 22 60 6 64 84 91 51 94 93 47 87 28 62 54 85 31 62 4 56 57 28 60 18 16 84 33 7 67 25 45 79 20 51 27 2 6 64 23 54 93 80 95 98 50 93 38 3 23 64 39 52 2 17 83 38 33 29 11 27 10 58 2 74 64 67 38 24 26 5 68 37 97 57 73 22 12 90 50 65 63 17 83 62 61 68 76 13 84 92 60 
12 96 22 59 6 43 24 21 8 78 27 19 11 28 95 90 82 97 55 74 41 80 39 20 58 73 87 43 56 28 56 27 73 78 17 63 60 43 60 17 98 19 89 28 84 49 20 33 46 56 26 89 91 12 92 5 25 10 51 47 6 7 55 37 70 6 50 55 39 26 4 70 51 5 21 34 61 12 42 27 63 7 44 59 37 53 65 7 26 75 8 73 27 12 43 85 40 61 67 62 
83 10 67 99 70 21 17 1 5 12 58 72 56 33 21 77 97 74 29 30 1 74 6 64 51 15 61 40 62 28 78 41 57 25 51 29 99 53 14 86 76 99 20 43 65 46 4 27 51 30 14 53 34 6 64 89 67 4 0 81 28 53 32 0 52 85 6 27 31 87 16 1 26 68 95 52 2 62 79 81 37 27 62 64 26 39 72 71 26 83 78 93 11 50 49 6 56 17 42 2 
1 5 63 81 40 31 9 25 28 93 64 33 57 16 74 24 48 73 88 59 41 72 25 0 26 61 84 88 86 65 13 1 25 57 99 55 61 48 4 19 14 51 84 74 42 33 2 69 89 41 41 25 55 71 94 69 65 36 31 25 85 25 68 13 60 26 71 6 94 96 9 41 77 13 99 46 85 29 18 74 80 73 63 0 0 0 25 40 1 14 16 26 93 68 70 34 9 23 28 11 
38 33 76 33 75 53 4 17 1 38 14 88 61 66 21 69 76 23 78 27 17 39 4 18 74 56 73 99 56 62 58 34 89 32 37 47 50 48 69 48 74 75 1 3 56 17 21 11 76 24 65 83 73 51 63 94 93 61 79 20 94 90 49 98 67 85 51 40 50 7 60 55 12 5 44 13 98 84 37 27 51 0 85 7 9 58 33 61 37 37 81 83 25 83 29 83 61 97 91 12 
37 0 18 45 20 74 27 93 94 64 14 76 17 97 55 97 10 32 17 24 27 25 91 77 36 49 25 94 14 22 54 34 53 33 19 15 29 11 22 21 68 14 32 75 51 77 15 65 71 45 64 43 5 9 5 37 52 0 38 59 66 30 85 55 82 44 75 21 0 28 53 50 21 61 42 96 24 18 89 96 1 33 51 33 49 93 6 1 79 8 69 29 54 39 23 94 50 71 33 41 
51 86 63 71 96 92 30 38 36 82 89 46 15 0 64 3 59 62 68 17 68 14 55 49 73 19 55 80 3 81 15 78 4 27 81 21 17 33 86 21 80 76 46 46 45 46 87 16 33 50 77 38 15 56 7 51 83 85 52 48 56 41 39 26 67 77 27 7 84 39 39 91 79 91 77 37 99 7 46 97 29 39 46 60 93 39 36 58 69 36 11 7 42 21 98 70 78 6 37 10 
78 62 49 17 17 69 55 30 30 48 31 89 67 27 3 86 85 67 89 86 13 22 80 9 36 84 19 49 39 76 99 53 22 22 84 26 39 65 33 46 1 67 7 65 29 96 99 57 91 41 83 40 58 6 91 41 58 62 36 64 82 21 56 33 85 39 79 67 51 83 58 12 24 30 6 85 57 9 36 24 16 31 74 16 41 68 64 36 5 51 79 2 25 31 6 54 14 29 40 51 
56 79 25 65 84 31 64 32 23 77 4 12 15 3 18 1 60 68 6 33 87 83 22 80 22 41 63 27 33 8 9 40 15 21 85 44 80 68 53 82 25 94 44 84 16 56 42 36 10 50 78 77 26 50 3 97 88 3 28 69 46 28 99 59 54 29 7 67 56 68 48 37 25 71 52 13 64 21 44 92 12 42 24 87 90 81 99 86 96 53 92 7 2 33 90 19 92 67 47 23 
1 54 26 82 10 32 43 79 78 64 90 26 16 85 12 24 18 34 57 95 17 39 97 74 92 71 1 24 9 56 81 10 14 24 72 68 33 53 19 1 22 80 17 54 0 37 94 23 70 2 95 35 79 61 69 9 21 91 22 36 14 58 72 0 39 33 99 65 68 90 2 71 9 97 29 15 4 3 9 58 10 10 63 38 42 67 58 61 71 31 7 72 78 54 2 36 0 37 66 33 
94 83 65 95 57 43 5 5 62 40 15 78 19 44 86 30 63 53 98 17 4 41 53 75 66 77 5 39 30 60 96 93 72 85 4 78 69 78 23 82 37 18 90 5 84 30 56 89 53 31 9 75 24 59 24 79 68 1 38 69 76 90 48 89 4 66 67 3 86 26 65 19 18 91 67 71 9 86 1 55 25 97 33 68 13 63 52 4 10 92 41 57 27 47 87 52 77 47 53 28 
66 47 16 23 58 61 29 79 39 34 52 57 81 96 96 74 69 92 76 67 72 56 9 47 86 83 13 7 11 96 16 13 8 61 32 15 38 46 18 6 33 25 14 46 91 18 80 77 95 17 1 40 32 23 24 53 65 19 30 69 55 62 30 99 92 61 5 50 66 81 20 40 23 42 24 35 47 73 83 68 12 80 71 82 96 64 52 96 24 69 77 79 48 79 88 98 75 97 62 66 
44 45 49 72 93 39 88 24 71 83 94 12 47 16 66 14 63 71 82 43 64 50 64 96 94 29 38 93 92 26 69 27 70 72 66 66 68 95 86 36 17 90 16 17 8 61 70 79 98 15 86 91 68 79 37 9 26 75 43 45 87 33 92 90 3 9 58 67 83 94 32 88 61 81 79 94 80 51 67 78 88 54 60 91 92 2 13 30 3 96 93 53 21 68 36 67 32 52 60 87 
55 80 76 19 77 59 93 63 61 22 12 3 53 23 15 57 45 33 8 90 77 90 58 26 61 49 8 61 4 45 63 49 43 1 40 26 67 46 59 53 25 70 66 1 37 74 53 81 38 83 81 49 1 32 31 11 23 26 86 33 31 84 9 14 83 1 14 97 94 77 61 0 92 63 57 76 85 12 92 64 99 95 22 93 49 50 24 97 32 13 16 98 17 9 28 85 27 25 22 6 
83 36 71 43 61 65 49 61 28 19 5 46 1 83 93 23 28 52 68 48 23 57 48 1 63 49 36 7 0 47 98 60 21 23 49 3 8 41 77 76 35 60 52 74 90 54 91 74 71 62 17 99 80 38 36 74 96 74 35 32 77 44 72 81 20 86 38 0 85 49 15 64 60 19 12 1 1 48 20 32 40 88 73 26 64 68 68 72 72 77 16 15 38 57 50 54 24 57 3 32 
93 55 1 26 93 61 83 58 99 73 15 41 58 18 29 51 77 91 38 8 76 95 18 88 48 56 2 86 38 16 64 38 43 49 48 89 50 96 51 46 74 1 86 38 9 24 97 27 70 15 8 21 87 50 38 61 46 83 5 74 57 59 89 64 55 93 68 70 37 90 21 9 85 4 43 83 6 26 5 25 4 52 44 71 14 44 24 11 16 40 2 73 46 99 38 95 30 9 81 41 
28 17 17 62 73 86 31 91 24 61 72 15 17 74 48 80 87 31 44 61 55 65 47 96 87 26 86 58 47 23 70 65 55 7 18 65 24 15 70 38 32 11 4 45 28 21 25 54 76 45 85 36 70 61 86 79 2 85 98 54 94 58 96 99 12 34 54 15 0 27 44 90 92 46 87 68 97 65 82 93 68 37 57 7 13 60 44 81 67 1 90 90 7 33 84 86 21 24 11 20 
45 91 45 1 30 80 66 16 1 47 33 90 52 70 86 16 49 29 13 54 52 48 66 83 31 38 95 30 1 84 58 23 10 69 64 15 34 47 5 20 87 33 24 92 7 62 85 79 84 2 85 40 95 48 82 20 58 92 64 93 29 34 87 13 59 30 66 73 50 25 19 25 56 61 40 37 77 8 22 21 77 10 60 68 24 40 81 66 54 79 94 89 12 82 74 49 36 3 47 98 
88 80 78 14 78 65 69 54 67 56 84 6 53 49 69 65 93 11 25 25 1 19 88 26 18 80 82 68 94 18 47 12 87 55 72 80 75 79 35 97 7 66 45 5 26 83 85 8 56 99 64 72 58 92 91 37 76 32 28 78 63 37 2 88 12 46 42 50 78 1 98 10 92 82 63 31 83 73 48 36 92 55 67 96 61 50 47 46 12 22 49 62 58 55 19 92 90 60 84 1 
28 65 53 93 43 64 19 4 88 45 2 75 78 79 21 52 91 38 72 96 44 18 67 9 64 32 47 48 77 91 13 9 80 34 69 4 78 89 45 50 22 92 27 77 81 55 36 77 7 38 50 92 20 36 58 82 15 59 98 4 22 14 99 61 98 4 50 94 8 79 60 72 4 74 70 88 33 83 6 74 82 27 36 29 15 9 84 54 22 62 92 94 71 86 60 17 59 34 0 1 
37 39 70 76 3 48 21 69 58 75 81 60 62 86 87 24 65 83 95 4 42 64 49 17 98 77 73 15 18 90 95 90 70 62 33 11 61 68 66 14 45 31 59 22 9 89 31 20 70 23 25 17 74 53 24 91 3 44 66 92 7 95 82 80 98 50 62 68 72 60 66 71 77 95 96 89 63 46 0 50 23 74 96 52 98 53 83 24 81 55 87 35 38 10 10 15 49 89 89 75 
36 74 16 44 95 96 34 97 38 99 94 37 79 63 16 10 38 16 20 86 92 98 67 98 0 89 63 69 40 49 30 6 63 0 82 60 37 76 31 57 64 22 16 31 18 33 15 67 63 95 68 98 52 42 96 77 60 25 65 96 50 48 24 35 15 89 66 75 5 29 37 18 80 54 40 65 21 46 71 2 52 8 30 11 78 1 12 45 30 6 40 80 23 52 29 50 91 25 37 30 
59 29 82 39 71 67 8 37 90 41 22 72 30 72 16 62 9 9 44 14 67 20 16 98 60 11 23 76 40 23 7 61 21 2 55 53 32 97 33 35 96 41 18 40 99 71 32 14 17 48 4 67 6 20 56 46 60 24 35 81 21 37 84 59 9 18 95 64 3 15 66 98 32 20 36 43 9 54 60 89 99 84 23 65 28 92 97 79 15 3 49 4 2 10 52 5 34 35 28 19 
73 55 93 31 88 33 99 24 52 99 14 27 14 60 91 75 87 54 75 9 45 44 36 25 99 58 58 6 73 56 0 38 68 20 68 22 83 16 25 68 30 56 46 33 18 39 78 38 89 56 98 42 35 27 86 2 5 61 91 59 57 32 44 50 99 43 84 54 30 57 12 3 93 68 14 31 59 67 77 1 82 16 9 35 92 44 41 28 59 96 43 83 18 69 44 23 51 86 5 31 
36 56 45 92 69 46 8 4 14 35 0 21 88 13 90 75 25 7 98 42 10 73 6 23 81 14 8 32 58 50 59 86 37 66 32 75 60 68 58 57 90 19 78 26 13 63 55 68 96 72 73 86 17 69 76 83 97 71 92 94 59 31 18 71 97 17 65 70 52 9 26 89 20 11 65 87 40 9 25 14 3 16 2 44 20 92 20 54 82 52 75 64 10 58 49 29 9 26 56 26 
72 77 49 21 31 83 63 12 94 33 56 70 2 25 40 41 35 83 8 85 76 89 22 43 44 25 97 97 92 57 4 42 93 44 30 97 47 59 65 23 46 10 75 84 76 8 96 45 59 48 78 83 20 98 17 35 72 94 38 67 94 91 94 52 98 86 11 20 52 76 15 41 80 52 44 23 37 18 99 91 63 93 75 81 9 72 32 83 46 87 20 86 60 54 98 32 51 71 2 82 
27 20 77 1 56 99 61 52 93 25 30 96 67 88 74 98 39 57 23 76 3 34 59 30 61 28 8 35 24 71 16 68 11 96 34 9 15 27 63 22 81 15 24 47 0 71 61 15 63 46 1 5 86 21 10 96 61 36 36 17 70 54 73 86 41 20 60 45 72 41 54 42 96 55 68 37 68 9 18 35 32 16 63 71 19 74 63 72 57 89 77 77 52 24 89 99 11 93 41 62 
24 47 10 11 62 28 5 69 26 38 2 83 91 57 93 17 35 12 76 69 36 45 16 19 78 14 23 64 51 65 90 92 77 50 74 22 67 36 60 52 3 57 37 11 42 11 27 24 81 91 82 92 82 43 94 25 1 90 69 93 45 34 35 34 49 87 63 23 92 58 49 70 41 32 51 94 91 68 89 47 81 63 76 64 7 7 96 13 20 49 53 57 39 15 59 65 4 60 94 17 
80 26 72 46 27 94 76 97 29 98 54 83 3 80 32 6 84 9 37 79 76 24 44 48 47 3 0 36 48 3 85 0 68 84 49 45 26 75 43 75 17 24 20 4 28 94 52 89 16 1 12 56 55 78 42 19 36 76 44 36 3 50 96 94 55 96 51 6 81 35 25 77 70 14 65 53 47 53 13 14 0 87 36 87 59 38 54 46 43 97 36 64 33 35 89 40 33 38 75 6 
80 39 62 71 36 19 30 15 65 73 95 69 91 51 14 21 63 34 22 92 91 42 4 93 44 89 90 77 26 70 65 32 55 77 98 20 24 77 98 49 60 2 78 1 9 29 34 50 56 57 56 50 36 35 63 35 58 75 68 91 83 0 53 13 83 10 13 8 69 35 83 88 94 21 14 47 34 69 40 1 37 34 73 99 30 52 15 9 74 23 27 34 15 53 27 48 55 98 22 12 
35 93 43 7 39 8 90 66 11 72 27 83 50 23 89 44 18 49 14 43 69 28 39 79 63 67 58 46 35 30 78 32 46 99 28 51 41 40 99 47 7 16 77 3 20 47 60 13 71 98 69 39 30 18 12 90 93 67 72 55 4 28 6 23 27 50 4 43 62 62 2 61 22 98 92 50 45 62 9 25 26 87 40 38 89 85 61 86 35 22 79 66 85 50 27 2 57 56 59 12 
74 16 60 77 49 99 61 84 8 56 65 88 78 88 43 55 58 89 0 80 13 86 80 8 10 82 8 72 12 82 35 94 59 12 76 51 43 45 24 4 62 49 57 39 83 18 9 48 94 86 47 39 45 61 90 84 96 78 80 62 33 36 58 32 47 21 89 30 52 14 45 18 77 62 18 34 29 47 96 13 64 68 59 92 45 66 83 75 30 89 10 92 51 79 78 11 78 82 34 86 
21 65 35 7 0 45 87 88 61 57 6 87 45 24 27 86 20 32 49 96 84 67 3 73 26 17 57 54 34 37 24 49 57 37 63 95 23 15 35 6 22 82 36 18 27 72 13 30 43 77 66 76 3 27 3 37 51 76 84 94 13 21 39 68 24 56 85 45 47 57 73 52 16 4 98 21 48 1 79 88 41 32 96 15 13 55 18 46 41 62 98 3 54 70 95 22 87 61 73 58 
55 17 46 44 40 53 91 25 52 64 30 83 42 45 91 84 53 62 63 77 40 29 93 28 78 52 43 12 68 40 87 14 39 44 70 61 53 75 69 61 29 11 34 60 35 44 21 0 68 64 24 41 25 16 15 89 48 71 72 61 86 97 74 64 36 19 65 37 11 33 2 6 85 60 99 22 98 41 76 82 52 73 19 63 95 75 61 47 4 23 11 19 18 52 68 32 61 85 87 65 
94 71 19 39 32 94 68 62 46 96 66 63 44 34 41 34 82 42 19 38 66 76 18 91 42 5 55 51 42 85 59 92 83 80 64 49 28 92 23 99 48 53 53 42 24 57 82 64 43 32 61 37 67 95 93 40 25 8 40 97 16 1 10 27 81 38 0 68 47 72 46 42 38 4 53 0 89 51 38 21 28 15 43 93 82 6 38 86 31 94 51 13 34 4 72 65 21 36 49 63 
0 77 58 54 11 90 36 85 10 93 76 99 24 6 12 97 99 42 91 7 53 45 31 24 56 70 81 63 66 15 81 78 16 87 47 28 23 33 25 56 72 21 65 79 68 70 65 14 51 64 26 4 10 58 14 57 22 39 73 96 72 93 53 99 34 78 41 8 91 38 27 77 33 76 13 3 34 85 86 48 81 30 53 72 19 14 86 81 17 51 55 37 23 79 45 51 34 94 99 33 
94 62 3 57 71 31 60 35 85 48 15 78 77 34 21 89 22 7 16 39 36 10 73 10 32 57 85 65 44 11 90 32 40 71 5 76 34 57 54 63 81 71 8 57 40 66 45 99 89 83 32 16 20 20 73 98 74 99 92 83 5 69 82 88 66 55 97 85 52 21 75 66 79 47 40 76 81 20 15 31 56 68 9 68 52 17 72 10 17 22 36 49 68 8 79 46 99 80 70 49 
67 61 42 80 94 18 12 39 24 15 53 41 81 72 13 94 32 69 90 77 58 92 75 20 26 1 57 37 31 96 30 68 30 44 76 66 70 78 4 52 2 75 84 40 54 18 62 35 64 45 82 88 56 27 50 24 21 18 27 54 51 2 71 17 74 38 37 8 80 97 56 65 62 19 8 97 58 82 93 66 5 7 78 22 31 57 93 28 3 96 39 77 38 46 74 80 38 6 85 13 
59 69 88 66 60 1 21 39 6 84 30 12 18 25 4 84 32 64 19 77 4 72 7 45 0 60 7 82 78 14 83 14 67 28 11 52 32 72 26 51 5 63 49 64 43 61 61 66 66 11 66 86 62 12 20 55 77 88 89 87 90 61 1 34 97 32 55 27 59 52 65 73 55 41 13 91 5 45 84 87 5 41 20 48 99 86 70 90 2 26 94 66 51 8 41 18 0 84 34 34 

