98 20 9 34 37 25 10 21 52 88 77 75 48 95 0 70 66 88 80 87 4 2 15 30 51 17 53 77 39 42 24 38 64 38 58 18 68 14 68 82 70 51 41 28 37 46 25 71 32 19 23 46 72 85 43 58 6 57 27 18 95 57 68 7 56 54 25 27 95 9 68 67 72 54 88 67 4 66 90 33 8 58 90 39 28 63 97 53 61 17 21 6 67 87 96 68 35 44 8 90 
58 15 94 17 42 63 66 51 45 1 86 40 26 67 67 69 75 10 5 94 56 99 13 22 65 69 91 62 8 46 44 90 91 15 46 59 77 20 22 90 79 44 59 51 99 33 73 70 45 56 42 9 76 72 56 10 57 88 91 36 23 33 69 72 92 44 79 82 52 56 10 52 22 72 3 3 83 79 63 27 35 76 74 27 20 40 70 33 6 74 86 11 76 13 27 36 85 20 67 25 
51 6 48 34 86 43 3 3 12 63 66 54 63 94 51 56 61 35 42 80 72 48 53 83 76 91 93 5 24 42 4 62 6 40 97 84 44 63 63 32 64 36 78 87 52 49 78 75 17 58 1 31 7 39 55 51 6 33 85 59 23 90 71 77 58 21 85 13 94 22 39 45 98 18 31 17 75 99 79 37 22 39 44 21 59 62 74 28 30 12 85 39 25 95 68 28 94 13 7 50 
3 26 38 7 83 29 28 65 42 83 30 70 84 12 33 46 73 80 48 29 57 61 82 41 35 71 82 44 47 16 33 86 24 30 94 22 66 53 75 3 52 53 94 41 89 3 40 23 85 71 99 79 70 14 99 16 16 45 87 31 24 22 33 34 11 34 85 1 3 38 46 62 38 45 56 58 71 10 3 28 93 62 1 9 1 5 30 9 96 29 41 37 49 63 80 97 43 25 16 61 
66 68 22 98 55 11 17 74 5 60 96 60 27 65 51 24 27 97 5 87 31 16 25 46 18 64 18 4 61 5 6 61 36 24 82 60 23 87 35 9 16 12 1 8 74 4 96 4 67 22 26 43 38 12 39 85 12 19 26 75 68 57 1 2 72 52 48 84 90 54 50 62 67 60 28 87 51 87 6 68 53 7 27 93 60 42 66 54 18 17 22 49 96 45 59 23 46 97 70 29 
97 78 28 70 70 27 66 34 37 70 35 76 61 50 80 8 5 14 48 30 68 87 24 95 1 85 30 73 39 72 10 48 15 40 47 12 50 5 66 44 4 93 24 66 48 78 31 52 6 17 75 29 11 47 89 36 40 74 48 40 46 19 94 17 8 69 12 41 37 14 22 38 20 76 69 43 77 83 91 46 58 21 60 38 34 55 77 53 28 90 33 51 71 48 51 67 37 79 43 16 
82 78 24 56 50 59 50 58 29 57 7 2 21 12 35 90 5 97 48 17 74 62 27 42 31 33 84 90 89 96 84 70 70 49 73 1 81 91 66 33 91 25 68 23 44 60 84 52 73 95 1 57 48 66 56 26 89 84 63 99 48 99 27 47 7 79 1 62 69 42 7 32 31 77 26 66 10 83 10 5 25 0 74 61 20 63 70 19 49 36 26 34 91 43 87 58 36 57 12 54 
91 30 11 60 93 34 8 51 91 80 7 0 33 63 1 4 82 59 99 44 64 65 86 54 89 74 34 96 85 29 77 50 26 85 71 61 2 52 8 81 92 3 17 30 10 34 27 54 56 80 64 2 61 38 87 80 10 47 18 20 23 80 42 45 6 25 2 54 93 84 24 24 44 79 37 27 47 96 28 36 96 65 4 65 84 93 45 55 50 2 48 3 29 59 85 28 0 12 70 32 
78 16 57 33 39 26 87 34 48 97 51 98 78 1 81 44 81 65 47 80 66 91 51 20 31 44 55 75 99 60 93 62 50 66 11 56 65 71 34 95 29 49 82 48 76 94 37 95 53 90 83 78 41 22 9 60 66 53 4 53 91 64 45 85 76 16 62 96 3 26 36 36 15 0 7 12 92 31 9 79 7 64 43 66 56 11 52 11 49 60 55 55 25 36 84 48 72 84 50 78 
32 19 35 82 45 94 51 49 89 12 13 96 96 24 24 84 86 62 1 40 40 79 66 96 44 0 23 8 63 85 58 21 89 27 96 40 0 76 6 33 60 88 21 57 83 96 90 91 31 59 96 55 44 85 99 17 88 99 25 93 52 30 35 34 41 40 67 52 42 20 35 0 88 93 93 11 80 13 76 44 23 34 29 70 12 54 19 49 57 91 12 74 87 69 33 49 16 99 84 34 
77 35 40 11 57 78 72 82 39 4 88 86 55 35 12 70 36 62 94 77 12 52 86 27 65 13 12 21 70 28 2 79 21 30 55 14 7 72 23 32 61 63 32 86 14 63 44 54 24 81 28 16 44 68 72 38 52 38 28 98 88 0 30 19 68 43 53 16 43 21 66 36 21 83 53 35 12 60 78 88 61 83 28 67 38 76 82 96 35 20 76 17 49 33 97 61 60 80 78 82 
64 22 37 4 43 57 99 50 30 92 50 16 74 40 7 90 36 32 80 4 7 3 25 74 25 1 84 18 49 11 74 68 31 19 60 89 60 12 53 39 3 1 88 91 4 24 10 0 84 72 49 0 74 27 8 20 21 86 94 9 61 74 56 16 62 41 78 50 83 67 69 97 63 49 68 1 70 35 87 74 82 13 27 96 19 65 98 64 32 26 46 31 6 4 10 1 75 62 56 56 
68 16 37 80 7 11 21 45 68 77 26 43 92 89 4 49 70 23 2 42 50 68 15 51 3 0 58 45 50 8 78 14 83 78 50 34 90 10 32 96 74 82 49 28 8 18 57 19 4 38 67 41 28 79 30 46 17 0 25 1 57 53 80 41 41 9 4 92 60 56 6 33 73 19 50 8 18 94 82 9 36 82 72 77 12 41 3 32 87 99 2 76 98 19 18 24 65 93 67 85 
66 36 64 77 64 82 58 88 32 3 94 96 30 56 70 23 49 85 2 0 1 97 59 3 69 44 67 60 92 50 6 94 10 90 53 87 87 41 73 96 64 4 99 27 95 94 13 7 72 55 47 15 92 90 26 5 24 50 93 21 69 64 95 94 31 70 0 0 99 86 63 47 18 76 51 63 50 66 93 16 83 15 77 80 34 74 9 27 17 8 74 50 52 19 76 51 90 80 56 23 
31 51 0 85 24 49 91 99 91 35 37 95 41 41 53 76 17 45 14 8 95 34 83 32 13 95 26 86 13 72 58 74 59 95 59 76 44 98 83 44 27 32 75 75 35 25 55 22 73 96 50 9 99 64 39 26 33 8 29 46 83 78 94 74 72 45 53 9 33 15 42 74 81 91 41 17 79 12 15 11 13 53 32 14 64 14 52 33 3 38 68 67 16 19 76 21 69 59 31 67 
76 8 2 44 81 39 36 37 55 56 85 78 57 41 10 34 22 16 84 24 64 30 33 47 21 21 95 55 30 96 74 84 15 33 85 46 40 72 36 74 67 98 36 33 41 85 2 65 65 86 49 16 62 62 46 99 1 69 5 51 75 12 73 56 61 98 0 18 44 50 80 56 49 95 98 21 10 39 65 37 46 52 81 96 91 12 36 70 21 92 72 98 41 63 51 4 11 56 7 65 
28 1 18 41 0 49 45 68 19 61 91 92 16 94 0 26 59 22 67 90 7 68 17 88 71 5 35 4 95 9 86 6 1 81 28 70 5 82 10 2 4 37 76 70 16 40 16 75 12 66 7 15 49 27 84 88 58 90 22 55 40 78 72 95 21 18 99 82 53 28 44 62 10 89 51 68 52 3 55 21 16 19 91 62 27 75 64 38 69 38 80 82 94 99 87 28 19 32 19 66 
25 73 53 93 64 0 53 37 90 5 31 80 6 52 28 67 87 10 43 88 16 2 13 32 74 21 1 46 75 80 44 77 61 16 27 79 98 21 87 22 58 24 78 11 71 71 26 93 67 35 51 59 59 96 24 78 55 10 43 25 14 16 37 17 95 40 44 79 28 70 91 23 78 14 13 79 70 15 33 93 34 10 77 82 35 73 27 83 5 48 93 52 3 93 96 54 29 43 33 25 
79 30 13 31 68 17 79 56 11 84 97 74 85 6 61 58 23 14 32 68 57 66 50 52 54 0 23 9 54 40 13 62 54 81 99 63 8 56 34 89 15 82 38 41 75 45 99 34 83 97 56 9 38 43 0 92 60 83 19 94 91 59 87 34 70 71 67 90 36 98 24 98 76 9 11 82 56 98 66 28 20 40 51 73 0 9 49 13 24 64 27 80 55 12 10 64 50 12 71 9 
22 65 14 12 4 33 9 12 40 85 68 96 81 18 4 20 60 39 22 62 90 89 25 92 90 59 28 49 34 48 1 76 61 60 92 31 87 50 28 39 36 75 87 39 94 42 45 68 28 29 99 64 55 76 91 17 0 12 3 56 38 92 17 65 46 99 62 98 20 92 32 24 47 82 96 65 64 58 64 86 11 19 11 79 86 36 43 28 54 60 15 30 55 18 49 47 96 50 48 30 
47 92 88 55 70 7 23 53 73 41 94 41 74 69 44 78 99 49 67 93 11 45 2 23 24 35 31 48 91 93 97 51 88 8 70 43 95 34 79 92 84 63 39 87 47 83 0 69 55 95 51 99 95 24 87 58 29 84 33 17 7 28 38 55 44 38 84 89 44 60 30 9 2 0 66 0 85 85 8 42 24 50 57 27 91 2 45 67 67 3 25 29 49 67 23 85 58 72 75 52 
33 31 62 73 45 56 85 85 40 47 76 50 57 90 79 16 10 65 69 60 41 34 84 13 48 74 92 51 50 40 23 49 36 9 44 64 40 71 6 34 25 21 68 96 79 59 19 58 61 87 43 78 71 11 89 24 97 94 33 38 57 64 80 20 27 4 4 61 64 81 10 30 47 44 3 18 32 97 75 75 10 50 35 80 86 72 90 43 18 85 89 41 54 2 97 28 70 46 17 92 
99 22 81 81 75 66 51 28 99 76 88 73 55 56 64 91 61 88 69 38 61 24 93 93 33 45 67 62 27 73 17 86 11 62 3 21 39 57 34 51 8 4 65 88 55 24 8 14 80 23 51 4 38 4 61 69 26 44 15 33 20 15 54 51 8 70 36 36 97 63 65 79 0 18 52 77 31 17 25 59 44 12 60 89 19 31 29 18 14 89 38 77 32 75 65 98 41 44 71 38 
5 86 4 47 26 52 95 87 94 85 28 74 23 89 56 71 74 95 21 95 21 67 35 24 76 77 6 48 42 49 37 0 41 36 2 68 83 80 15 24 56 91 21 84 8 17 3 79 31 35 12 97 49 62 9 20 59 25 57 96 87 18 2 13 83 79 29 89 45 32 96 49 54 15 87 21 28 92 4 72 12 2 0 96 44 26 31 73 81 75 77 75 29 77 66 31 2 26 7 35 
98 46 98 84 18 17 4 56 61 46 60 27 71 70 31 67 65 7 78 52 39 27 87 29 34 92 69 95 31 5 77 37 73 84 13 5 11 77 26 34 94 72 47 83 87 90 42 63 48 21 62 77 91 69 88 73 81 22 86 3 97 91 3 68 79 80 72 80 54 19 70 43 27 64 41 2 1 94 88 43 42 85 31 27 55 33 2 96 55 27 62 47 20 78 0 8 3 65 8 67 
97 20 68 41 37 15 22 68 16 34 79 40 6 41 37 7 15 35 5 97 58 98 45 7 53 73 2 8 77 67 57 49 51 2 71 99 79 49 5 91 96 42 41 93 45 38 67 76 42 76 95 81 33 29 87 85 6 33 31 96 78 13 59 64 88 6 53 55 54 27 80 68 1 98 92 19 73 21 46 23 76 2 86 23 5 43 76 12 53 64 96 42 93 1 58 77 45 21 4 26 
40 67 65 93 84 34 30 37 84 64 2 19 81 42 80 80 5 60 67 6 94 19 89 51 54 22 97 43 49 85 5 35 27 95 89 78 60 62 75 44 86 13 99 65 50 45 31 75 81 72 58 11 60 2 26 42 41 69 61 70 56 84 52 10 51 97 79 63 74 43 5 76 25 6 37 20 38 2 47 45 89 63 75 61 75 1 74 69 43 32 34 32 55 20 65 93 22 59 69 43 
28 87 78 8 31 53 19 62 61 24 26 62 66 54 23 77 55 49 87 96 91 0 72 51 57 11 47 26 66 68 93 70 92 20 76 93 11 93 87 64 96 37 78 41 23 95 33 78 85 96 71 96 1 29 99 11 70 91 24 93 86 40 88 21 58 84 97 54 50 30 83 20 49 16 9 39 53 71 51 65 4 44 19 45 94 75 11 53 99 10 38 55 95 26 98 32 48 37 30 56 
75 68 20 50 55 84 1 83 58 98 83 73 48 39 47 30 5 91 71 77 7 99 22 44 52 8 99 58 48 17 78 7 62 42 81 97 39 15 31 46 52 25 43 84 50 79 50 44 15 63 48 34 54 70 92 3 61 69 39 84 69 82 3 86 28 90 52 30 95 28 58 71 63 98 45 10 37 11 86 18 14 41 46 40 92 55 83 76 34 21 69 81 20 99 51 77 71 79 55 5 
74 63 64 11 93 67 9 20 61 62 57 29 72 75 5 97 6 30 21 89 68 76 10 46 0 55 87 45 66 42 15 37 53 72 47 22 24 7 93 6 38 78 56 24 37 51 68 98 39 91 48 67 98 15 18 66 73 56 63 58 66 77 96 98 43 55 60 71 52 97 51 83 81 18 63 24 99 80 85 30 28 46 93 17 9 44 21 86 64 49 19 23 69 49 62 85 76 33 11 66 
79 47 49 24 61 58 41 61 64 46 70 99 7 55 40 13 92 44 15 42 92 2 79 25 86 86 49 54 52 36 56 53 55 0 17 60 11 22 12 70 79 24 76 37 6 91 57 39 55 19 99 25 73 63 54 19 1 21 92 12 64 45 11 53 11 96 88 80 26 50 78 59 73 64 27 69 13 44 99 56 14 14 11 52 79 64 77 38 83 12 0 64 63 28 39 97 16 75 33 60 
62 30 64 18 81 41 82 7 11 19 43 28 98 99 21 30 19 53 64 86 7 21 85 34 65 62 25 51 57 45 30 71 71 3 14 68 87 31 3 22 80 5 18 94 46 48 74 24 20 91 87 74 29 6 95 37 15 77 9 59 94 42 53 37 66 19 60 76 87 78 24 43 28 4 37 67 42 63 81 21 78 56 38 23 18 93 46 81 48 19 83 6 35 70 83 11 54 83 85 16 
18 54 78 53 24 70 35 70 19 82 24 34 82 9 92 24 81 4 57 63 64 79 23 48 33 65 4 33 4 79 95 32 31 68 5 65 63 70 35 96 47 40 89 98 79 59 46 14 78 97 54 7 60 32 60 52 83 63 36 34 46 8 44 49 55 90 81 10 5 87 76 80 49 73 29 42 50 64 52 0 42 27 63 20 55 72 47 54 61 65 2 3 38 52 9 59 96 25 81 13 
34 87 87 99 18 44 72 50 97 66 46 63 52 46 45 43 33 6 21 4 20 1 96 20 36 77 22 33 8 78 22 22 67 53 80 69 0 23 42 29 90 19 16 26 32 10 67 99 74 54 3 20 23 72 80 88 18 30 30 12 19 83 89 40 79 13 91 81 46 5 7 44 92 97 73 18 18 67 67 73 19 56 40 62 15 43 19 67 30 6 71 47 3 42 0 99 75 15 40 32 
89 22 98 18 24 19 47 79 91 5 15 40 67 0 95 67 46 9 49 42 7 51 99 95 46 21 47 85 86 19 30 61 4 2 88 0 73 89 20 84 74 4 88 65 83 54 15 74 18 97 9 89 50 28 59 55 48 22 92 7 40 37 58 13 79 10 81 90 51 58 25 86 40 16 30 4 90 70 73 36 6 37 9 7 18 77 11 32 15 8 29 68 57 61 36 43 14 68 25 19 
35 96 53 76 99 85 25 36 8 48 57 9 67 56 59 53 67 26 70 6 69 10 27 58 22 67 64 8 86 37 96 3 92 18 14 23 81 96 21 66 17 40 43 88 0 77 40 6 49 15 6 28 41 90 22 93 46 80 26 79 50 45 45 19 86 56 66 30 90 23 9 85 26 43 58 46 49 94 72 71 73 0 73 26 8 11 86 46 2 38 61 29 74 13 25 35 77 26 27 14 
72 79 78 82 38 39 56 94 71 30 75 12 14 21 12 38 25 33 63 49 56 30 63 74 71 99 25 6 86 57 95 30 57 9 93 96 53 89 67 85 64 73 40 44 73 66 51 33 24 16 64 53 6 61 42 37 60 57 38 13 28 27 26 39 17 87 79 96 96 74 16 79 79 79 60 79 45 71 70 66 49 52 39 39 8 17 31 47 13 9 59 95 79 33 94 77 34 23 7 70 
90 88 75 43 1 0 68 18 54 25 4 23 57 33 6 6 48 36 13 43 75 41 55 49 12 51 93 55 70 56 80 33 15 9 76 17 68 25 93 17 52 58 75 36 15 47 54 51 72 33 94 2 37 72 25 59 58 74 37 90 65 25 69 89 84 60 62 50 59 36 78 91 56 24 53 42 36 51 74 53 23 75 64 43 67 86 42 68 13 76 92 5 1 4 55 68 36 16 38 66 
66 18 58 81 37 21 99 21 74 99 96 89 70 80 69 59 46 34 14 12 66 83 79 69 44 28 14 87 3 71 56 92 26 88 44 47 35 99 29 88 67 76 82 23 76 79 71 82 0 98 53 49 68 65 69 18 33 1 30 93 50 60 56 33 86 60 49 43 79 52 38 40 27 39 1 42 69 84 54 87 32 25 38 60 63 80 56 99 21 91 22 15 63 7 34 33 38 15 89 48 
96 30 84 8 44 2 25 95 2 59 56 55 23 31 23 20 60 63 86 32 71 34 47 48 97 48 1 43 87 34 16 28 74 60 69 1 88 83 26 81 57 48 99 73 35 92 26 54 26 2 92 14 91 94 30 6 29 71 59 55 80 28 86 44 29 86 86 98 75 33 15 97 13 47 61 6 3 57 4 89 57 33 26 45 1 71 65 62 69 8 58 2 45 8 90 75 38 67 47 24 
27 31 6 26 39 64 36 21 11 0 85 31 14 3 60 0 34 30 84 11 84 79 7 24 55 84 89 98 72 81 51 7 18 59 49 77 5 91 40 31 52 30 65 84 79 18 18 96 97 33 57 73 6 17 30 68 25 99 51 8 0 51 52 50 27 96 97 81 2 69 79 84 33 92 43 42 3 89 11 56 78 9 86 62 28 68 6 23 15 93 8 26 49 18 84 97 83 22 38 63 
54 88 72 7 71 56 56 50 59 17 40 13 10 55 49 75 69 33 37 16 33 74 32 31 75 36 40 66 89 45 68 3 14 53 62 32 60 31 44 54 53 12 21 71 4 61 88 43 78 57 37 84 96 82 62 92 30 10 32 82 61 77 46 36 25 53 10 64 74 90 15 82 16 71 58 73 48 57 84 44 29 34 15 2 67 85 12 69 59 60 56 12 95 26 73 59 63 22 32 51 
97 68 49 90 8 74 43 8 75 97 52 54 64 78 27 23 19 23 60 45 5 90 63 94 96 0 17 91 29 82 64 80 91 36 26 89 18 14 19 67 64 7 50 70 47 47 16 3 3 32 91 29 68 53 59 8 47 71 50 73 54 99 57 12 66 96 33 15 61 33 15 86 3 10 32 80 4 19 52 73 51 12 25 16 13 11 98 43 45 80 48 40 94 91 89 83 73 83 91 97 
49 89 51 39 29 94 91 95 93 17 13 74 35 32 49 99 99 18 57 95 28 29 54 49 38 57 18 68 77 29 92 51 23 56 95 8 53 78 59 52 97 81 40 49 44 90 93 53 10 36 68 31 50 23 18 48 33 45 93 83 85 33 64 52 46 24 3 49 99 84 0 78 29 35 57 55 9 20 51 19 31 83 78 28 39 99 22 40 87 51 14 21 17 29 2 33 50 31 18 91 
35 63 17 90 60 82 40 51 70 84 24 89 69 18 25 69 37 55 55 58 72 55 0 78 73 12 44 81 92 99 70 6 10 67 16 96 26 44 84 6 16 12 11 14 96 20 63 11 30 61 41 53 21 53 93 93 62 47 24 45 23 63 41 69 15 44 39 59 23 24 75 28 46 66 54 3 45 19 69 53 50 15 7 2 93 21 19 11 3 24 51 28 23 43 0 68 19 43 31 3 
44 7 15 0 36 76 28 55 75 90 39 0 3 15 83 72 77 87 55 19 33 40 1 91 33 39 3 61 4 46 8 9 72 59 93 79 75 33 44 27 42 25 52 0 11 60 67 56 56 91 37 78 59 55 53 86 55 67 89 82 29 66 21 45 24 65 84 28 30 96 15 66 30 32 14 36 73 10 32 37 42 57 16 88 5 26 93 56 56 95 23 35 99 16 92 74 38 21 54 52 
77 91 29 77 84 35 43 36 98 29 50 20 39 94 30 24 3 11 71 66 93 35 86 69 28 38 11 13 88 12 81 30 72 41 37 87 11 6 48 38 41 45 96 69 84 88 73 34 34 99 44 75 20 51 44 7 79 45 39 37 38 64 3 15 52 34 33 49 44 66 57 79 2 82 16 71 72 13 22 76 85 79 4 96 52 23 17 42 88 46 8 47 14 91 74 98 28 26 43 7 
13 85 18 46 57 0 60 39 27 19 77 11 92 74 15 68 33 79 83 46 8 48 17 99 70 87 34 48 57 38 96 28 76 16 30 25 99 23 13 40 34 44 54 14 36 67 40 52 68 64 33 94 30 58 4 8 58 30 81 5 5 20 96 1 85 27 15 48 91 7 63 67 72 70 93 91 71 12 49 3 56 0 82 71 30 50 75 11 52 11 93 52 91 93 43 9 87 3 47 52 
14 76 2 71 17 67 49 30 4 60 12 62 25 33 95 0 24 63 7 3 26 5 40 10 68 5 45 57 58 42 83 17 90 51 25 25 73 50 67 92 12 95 6 33 32 17 28 14 77 65 48 4 15 2 8 42 74 77 77 40 98 26 39 94 90 50 29 61 37 83 47 40 21 64 75 71 60 94 84 21 28 60 78 24 80 77 38 53 56 51 52 47 75 86 14 76 23 94 50 34 
69 14 69 84 2 17 30 93 21 50 25 64 62 52 16 97 76 14 89 18 42 81 54 22 82 1 94 62 51 68 24 57 87 71 72 69 4 1 61 38 56 91 97 63 10 5 88 47 23 21 11 90 1 41 35 64 7 33 17 61 73 55 59 65 9 66 46 53 18 29 50 3 0 4 97 83 80 55 16 55 34 14 66 29 48 81 50 33 96 61 44 20 73 2 99 87 46 27 33 64 
16 11 90 8 49 89 13 24 92 66 97 29 83 97 43 98 43 75 57 79 95 77 19 28 7 95 23 38 34 30 30 38 46 24 73 32 28 66 49 93 11 2 63 64 72 54 82 5 26 69 18 39 43 57 73 17 48 45 48 63 42 35 53 86 5 44 30 7 55 99 65 43 80 95 81 81 33 17 75 99 46 38 66 48 41 25 28 86 44 32 62 25 97 46 70 24 96 48 95 30 
81 4 36 61 52 6 57 23 57 3 34 32 99 90 33 24 16 21 18 47 53 67 53 50 56 24 4 45 3 42 2 81 11 81 95 48 93 97 97 59 64 74 90 36 87 97 59 79 56 33 4 85 81 96 81 15 33 3 64 81 23 99 92 35 19 42 94 40 81 94 46 48 2 12 96 41 32 67 83 82 49 1 94 92 11 94 41 26 46 41 47 71 27 60 73 89 68 83 37 48 
72 23 20 39 16 11 92 30 61 36 19 61 72 45 56 68 72 37 67 43 99 40 30 96 67 92 25 30 86 49 48 60 96 10 66 39 77 17 34 49 46 76 77 31 0 34 37 52 66 34 93 53 26 86 84 43 72 34 95 7 94 66 70 70 35 10 74 14 49 88 34 91 76 55 42 1 69 18 11 56 47 55 23 65 61 45 32 73 85 20 37 88 75 11 68 43 76 14 66 49 
29 2 23 87 78 9 33 34 76 67 64 69 11 41 35 79 60 71 77 21 90 53 5 32 73 77 58 22 56 44 3 90 3 82 18 41 29 7 76 87 12 27 77 87 61 96 40 86 9 27 84 64 52 33 56 91 29 34 76 89 18 19 13 41 58 35 92 3 47 11 61 39 97 32 10 77 85 25 17 98 90 61 65 18 77 24 86 7 42 76 14 64 54 27 64 29 35 19 66 90 
30 23 53 95 80 28 46 15 11 94 51 24 78 5 88 74 88 57 90 77 8 38 11 48 32 20 23 35 12 37 19 65 54 5 16 47 4 81 91 87 16 41 98 24 46 71 5 28 82 31 73 92 84 75 1 41 69 14 64 71 88 9 14 62 5 23 54 46 5 66 31 15 83 96 46 53 57 87 91 54 69 75 36 30 89 93 30 90 52 25 29 64 60 7 66 89 85 35 71 68 
84 79 75 31 44 29 90 20 39 97 71 30 36 50 21 63 67 7 67 43 54 5 63 6 18 47 12 95 2 39 10 47 68 95 87 8 75 3 96 92 80 29 25 76 51 16 69 20 62 85 68 98 22 98 82 10 17 66 76 72 10 26 17 36 45 76 14 58 29 13 26 30 65 55 53 85 23 65 95 17 43 79 40 48 48 21 69 12 34 10 34 83 11 24 70 54 31 93 26 32 
6 93 53 82 37 35 7 24 7 26 17 65 41 53 80 40 4 16 14 7 15 12 45 65 48 20 89 35 7 39 9 94 48 2 49 19 36 42 26 38 72 85 17 28 81 23 37 16 39 65 7 80 27 89 63 65 78 8 96 7 76 84 72 9 9 68 89 73 63 30 36 39 28 36 88 0 18 17 41 68 80 74 9 7 2 67 86 0 36 43 82 91 43 17 43 89 24 51 55 65 
13 4 47 18 33 29 22 26 32 83 84 89 31 89 52 87 69 95 3 66 98 13 6 63 2 74 70 14 2 75 93 39 78 85 92 4 87 90 79 13 35 82 4 83 77 48 68 8 15 98 58 94 24 39 65 90 43 43 52 6 33 0 56 98 43 76 22 36 36 37 26 55 64 56 64 93 13 29 28 87 88 23 43 92 47 39 27 28 54 57 11 64 52 15 0 67 55 24 75 91 
6 88 65 4 86 99 43 36 43 35 5 28 33 57 5 9 50 98 96 27 45 66 53 26 68 74 49 30 54 67 9 20 32 62 34 5 61 53 6 71 87 37 43 58 89 14 81 69 22 0 43 93 62 72 71 69 7 66 98 62 77 52 2 52 27 75 74 94 46 8 9 95 74 77 22 66 56 13 91 99 65 30 14 86 73 21 13 12 4 12 13 91 23 79 16 51 18 43 96 58 
92 2 91 16 44 86 90 27 30 30 75 4 29 66 19 95 76 79 42 15 71 30 60 42 84 91 3 24 73 14 82 50 11 61 78 45 83 36 35 74 68 17 93 28 74 94 75 63 97 57 16 12 33 6 76 27 80 22 33 88 8 68 14 73 76 52 48 70 21 59 44 98 21 46 92 54 66 88 2 60 92 50 37 9 93 54 36 49 28 15 28 94 16 17 50 92 22 94 2 20 
33 23 10 84 2 37 6 42 59 98 19 7 7 72 98 22 63 60 18 1 3 99 66 75 68 41 76 26 13 93 92 95 71 61 29 68 18 90 53 93 44 67 88 58 56 46 11 72 72 71 0 34 14 80 9 66 81 16 20 88 5 32 22 38 36 35 65 13 73 25 74 79 26 70 35 17 42 16 7 22 54 34 68 25 56 19 74 76 13 86 48 46 55 43 52 66 35 42 54 8 
95 6 93 79 56 17 61 15 34 74 8 10 28 95 72 70 93 24 96 24 7 92 23 91 6 42 25 34 57 78 99 96 13 50 57 50 26 51 30 73 58 24 48 77 15 1 36 28 81 84 97 36 76 72 16 76 3 93 74 75 32 40 9 46 78 87 0 19 45 76 50 71 73 58 88 77 25 60 22 11 5 69 19 41 18 4 0 4 17 44 51 93 6 18 28 81 6 30 4 23 
96 0 60 8 28 45 36 34 5 16 57 56 8 4 91 81 4 90 83 76 44 92 24 99 67 74 4 54 74 8 42 5 75 27 37 12 37 7 60 48 16 45 72 27 34 90 29 36 86 36 77 79 12 79 53 13 81 30 21 5 85 67 6 14 54 93 29 69 39 77 7 89 64 55 4 7 16 45 33 25 60 76 65 58 10 66 13 65 94 80 30 61 39 65 39 10 86 2 88 16 
38 43 83 8 0 18 25 73 53 7 90 45 35 48 32 84 21 30 37 16 29 11 24 46 65 13 75 56 2 23 30 88 31 6 10 91 53 75 42 93 33 91 10 64 31 19 35 83 21 61 73 81 87 79 96 74 18 66 96 25 42 54 15 70 9 44 33 99 29 60 69 54 13 29 19 89 74 89 27 72 51 69 25 70 79 36 7 10 46 2 7 64 95 64 34 45 60 95 80 35 
79 46 84 40 71 68 98 72 10 90 7 25 78 8 49 7 65 37 92 17 98 40 32 58 88 50 84 47 97 2 2 7 35 70 40 24 86 74 47 70 90 54 38 78 30 84 88 89 78 0 86 77 44 20 47 2 33 10 97 72 31 28 69 69 2 30 25 66 59 26 53 47 15 77 19 82 32 84 40 20 32 77 28 66 23 62 15 33 83 74 77 37 66 87 35 75 35 28 95 53 
92 20 58 42 92 23 23 54 35 12 51 43 54 50 27 49 92 2 54 23 69 68 60 18 67 6 77 57 98 31 78 30 76 64 84 0 77 20 90 30 51 51 58 78 45 0 27 14 81 92 66 23 3 58 89 14 28 29 23 20 32 2 37 96 68 19 48 8 2 60 96 5 24 71 49 51 87 43 12 8 73 0 8 89 74 67 77 82 40 12 88 11 24 39 5 12 82 27 14 27 
44 71 21 95 55 55 99 59 7 59 34 67 16 75 87 87 13 23 4 1 84 99 74 84 74 73 18 26 32 45 1 57 26 78 48 45 75 35 37 13 73 61 44 21 19 15 69 86 32 14 22 76 6 78 3 64 90 96 84 77 58 13 15 5 48 71 99 55 77 59 12 23 38 91 35 19 85 69 0 33 88 99 19 71 45 89 16 53 29 72 79 61 58 88 82 55 23 40 92 48 
48 24 90 13 61 95 3 72 47 66 50 78 79 68 18 1 69 52 41 95 54 25 46 68 30 4 47 97 38 7 56 5 36 8 91 44 46 47 44 46 95 52 41 49 55 41 81 78 75 7 26 70 14 15 70 39 98 19 42 24 97 26 18 97 85 72 25 20 78 25 58 29 87 21 45 79 36 72 38 3 54 71 2 68 60 66 35 81 12 31 83 79 45 51 80 53 0 96 87 84 
16 99 16 70 38 51 60 12 93 14 22 32 91 46 27 20 96 34 65 83 54 94 10 35 41 0 40 61 80 37 52 53 36 43 92 41 93 32 33 59 38 51 4 80 32 82 71 96 98 75 16 64 32 75 14 15 17 24 39 96 53 37 25 50 55 64 28 69 55 75 63 77 95 67 90 88 19 45 95 77 59 78 84 98 48 54 4 41 26 7 17 27 76 54 58 44 68 98 37 7 
60 36 39 97 69 15 22 16 92 85 47 78 78 61 32 13 68 98 12 81 54 65 18 77 64 58 22 70 83 13 2 66 37 19 69 88 39 5 50 19 77 64 26 27 3 46 97 34 83 53 22 76 76 78 58 94 65 75 79 45 84 13 77 79 41 48 44 93 33 55 84 73 72 64 50 26 91 47 47 73 82 50 69 74 69 94 20 88 52 8 75 21 4 98 16 6 24 59 14 33 
20 75 80 15 28 44 93 13 13 18 58 65 80 65 79 30 31 25 25 53 92 9 7 25 82 36 44 58 66 4 9 63 83 15 60 1 62 84 80 36 13 73 73 7 21 94 26 73 29 83 29 9 17 46 95 26 7 23 25 43 8 87 50 21 14 14 82 82 85 75 23 20 88 94 6 46 9 46 7 39 47 12 28 1 83 70 11 67 41 91 91 58 85 24 45 8 54 19 8 63 
69 95 21 24 5 96 39 27 77 79 6 70 14 88 50 65 11 51 15 65 62 73 42 23 30 15 50 74 18 4 68 43 47 99 92 22 12 23 93 14 56 34 23 21 33 20 94 60 80 68 82 7 58 27 49 49 65 8 13 7 66 44 99 75 13 64 74 87 37 23 24 98 98 67 49 46 57 14 98 34 35 54 45 94 59 50 53 69 80 36 65 2 6 79 4 39 25 76 92 73 
53 4 91 24 24 19 25 14 44 44 0 65 79 87 56 30 43 35 34 78 23 9 91 96 87 49 57 70 35 40 90 72 7 10 24 63 45 8 48 28 4 48 9 78 76 64 19 26 2 8 4 57 68 93 31 97 40 90 36 92 86 44 0 48 28 17 21 11 69 72 64 5 20 64 4 0 86 97 58 2 30 95 15 82 89 62 9 88 6 42 22 58 22 56 5 7 55 65 51 86 
97 97 41 28 89 62 3 41 66 47 48 52 77 51 18 80 18 46 69 61 0 5 31 76 43 29 75 0 4 94 54 66 60 85 1 62 86 44 88 69 63 20 22 9 63 99 7 8 81 52 42 50 54 84 83 9 14 29 68 9 71 44 2 47 82 19 86 74 27 45 48 13 57 77 96 48 90 29 4 77 36 39 14 24 44 9 1 46 94 74 93 67 97 20 42 90 84 62 89 41 
13 97 75 25 21 59 6 51 72 28 10 24 98 13 87 98 87 81 79 34 67 26 14 41 33 24 56 74 13 0 90 79 51 0 97 76 86 89 76 74 64 48 20 76 48 65 85 57 50 33 79 10 18 67 46 39 75 57 26 41 77 28 25 11 93 86 78 35 16 2 49 14 3 41 40 82 57 99 54 64 73 95 34 34 86 28 59 15 32 24 73 16 17 58 46 69 71 51 17 89 
36 56 87 7 68 91 40 49 93 35 89 53 13 97 12 57 79 52 43 23 23 24 56 53 27 86 92 59 30 23 87 19 28 86 72 32 19 82 98 78 88 9 73 64 33 1 20 88 61 69 7 95 44 20 1 32 5 88 24 58 57 66 28 28 75 44 73 5 24 62 24 25 31 41 75 50 77 1 32 26 25 54 79 4 40 82 6 85 71 92 54 21 85 40 16 45 50 30 46 56 
32 80 34 1 9 63 19 31 34 24 26 96 62 99 6 29 62 37 37 3 76 7 50 6 56 37 99 22 55 96 98 46 70 82 46 43 3 60 81 74 2 62 19 9 89 12 94 24 42 48 96 70 96 55 96 49 60 50 24 66 57 74 26 86 6 45 14 46 20 30 56 48 28 7 27 38 49 17 93 14 92 45 55 91 71 9 31 59 33 1 12 14 45 76 11 90 93 18 64 63 
32 86 94 64 33 15 38 10 82 86 48 69 65 87 28 98 70 62 49 16 50 48 88 85 41 2 87 42 22 7 22 33 3 61 29 11 19 42 43 46 56 40 51 65 28 70 57 78 56 12 92 11 35 45 41 64 96 28 6 43 33 58 52 25 94 29 82 81 65 76 3 54 68 17 18 81 26 50 92 8 49 85 93 41 24 82 34 54 83 86 46 93 75 9 56 62 24 56 97 73 
28 37 83 69 9 34 48 42 14 20 19 23 6 79 72 41 61 9 2 84 8 17 66 67 43 70 5 58 77 16 34 63 74 45 81 80 64 27 63 80 92 34 91 84 70 80 64 92 39 80 8 42 6 47 13 86 77 12 2 82 65 3 72 64 53 52 33 70 11 49 1 30 4 49 35 74 85 23 94 77 94 14 61 35 1 18 52 73 62 75 60 32 25 24 16 68 89 42 17 44 
96 62 91 4 11 85 13 66 20 55 75 57 72 59 69 99 86 88 39 93 25 26 59 28 61 3 50 34 17 64 3 65 87 84 45 24 12 99 87 60 37 42 1 32 31 31 8 59 76 63 45 17 10 7 79 77 63 11 50 3 53 0 8 86 82 78 62 11 19 73 94 43 67 31 24 41 10 78 94 63 51 97 64 62 65 49 75 48 25 6 76 50 21 32 48 19 7 55 64 36 
93 61 38 27 59 18 82 65 22 48 10 50 84 28 42 80 59 20 69 33 30 91 7 60 94 70 39 31 17 81 53 4 1 77 91 50 99 47 97 95 93 85 77 53 77 11 44 30 95 88 87 11 59 50 77 93 18 96 73 47 29 63 58 98 23 7 65 37 62 14 79 24 30 69 51 56 61 78 90 17 30 86 22 90 18 20 72 80 56 85 5 82 50 97 23 40 88 30 71 43 
21 27 90 55 46 44 28 70 25 49 84 48 26 8 73 99 78 51 97 62 77 16 0 45 56 91 79 58 63 61 30 6 74 79 15 1 71 18 68 31 23 24 86 40 62 87 78 26 68 44 48 86 99 63 23 31 11 69 80 89 32 46 58 58 51 76 53 77 76 68 6 0 70 51 71 48 23 84 39 46 82 79 32 73 17 1 39 97 44 71 28 45 19 64 47 92 8 75 62 76 
77 32 79 25 7 94 8 73 75 61 98 64 71 89 87 18 36 38 55 18 46 53 84 9 33 59 89 52 96 17 84 30 71 20 91 13 72 1 45 19 29 11 97 4 19 84 27 58 75 46 10 99 2 19 24 6 53 7 11 77 59 52 80 78 29 66 86 29 64 0 22 29 41 27 21 49 35 30 93 36 94 61 83 32 23 57 12 3 8 16 82 28 5 22 66 33 71 12 8 60 
8 72 95 91 44 68 49 71 90 69 9 1 1 23 19 0 49 4 31 73 5 62 2 24 71 41 42 50 26 92 41 19 94 7 7 99 81 21 39 35 84 63 86 13 49 32 38 12 84 74 55 96 92 18 43 74 51 79 63 90 69 76 36 10 5 50 23 18 44 80 45 65 78 86 90 35 1 93 24 99 25 73 38 59 65 54 81 77 40 87 39 57 16 31 46 92 17 58 27 59 
33 32 28 68 59 64 3 40 98 36 0 50 63 11 57 90 33 43 27 26 55 96 60 22 67 25 99 50 39 5 87 67 61 29 84 17 47 4 98 7 58 30 96 76 18 26 8 27 47 22 63 1 78 56 43 73 31 22 87 91 34 49 95 1 51 59 13 71 18 94 63 57 47 40 38 50 39 60 42 75 67 25 71 41 52 30 88 31 28 54 9 47 2 93 58 23 8 6 50 47 
13 6 10 49 9 96 59 64 69 79 29 57 38 90 40 6 14 30 14 28 20 85 99 76 63 92 42 37 43 22 69 20 35 60 2 88 62 28 95 37 44 94 23 58 11 47 62 54 63 84 95 3 85 43 27 56 38 16 25 21 80 23 76 87 13 28 89 14 40 31 85 9 32 33 33 13 50 98 60 58 59 4 57 69 46 92 66 23 39 16 80 92 91 25 52 40 70 26 41 42 
19 0 71 50 58 39 55 60 32 73 36 89 58 82 13 77 67 56 28 42 40 28 27 45 25 8 45 22 58 22 79 96 53 29 31 45 13 70 4 11 76 38 20 69 9 94 31 88 25 32 93 29 79 0 73 9 5 20 6 6 93 32 14 10 44 41 46 77 46 69 50 19 46 20 49 14 91 97 26 38 11 74 8 27 19 0 16 95 4 74 25 51 84 57 8 49 35 64 36 52 
36 92 79 12 55 15 31 65 77 97 8 66 57 75 62 36 21 40 70 81 4 12 56 10 66 7 43 64 83 86 20 94 55 44 0 57 21 51 5 86 33 83 99 88 8 92 43 46 35 52 0 23 31 12 96 90 71 15 21 37 87 63 56 60 3 79 73 31 47 20 21 96 89 28 12 29 55 11 43 38 11 80 98 50 93 84 9 60 28 94 64 28 95 83 6 58 13 2 14 81 
74 82 25 8 69 82 47 17 98 90 26 51 29 89 67 66 36 70 94 8 56 3 12 74 63 34 31 87 8 65 22 64 60 61 70 89 91 83 20 23 18 12 23 47 24 85 5 78 58 41 57 49 3 53 63 47 92 0 35 72 4 37 19 12 72 45 12 0 37 82 3 92 38 64 36 10 96 30 22 71 98 72 36 19 50 2 28 94 97 69 18 28 86 0 11 28 54 27 75 24 
46 78 19 44 94 64 35 21 73 30 87 4 73 1 8 84 68 93 42 39 2 58 56 28 25 56 23 88 31 57 86 2 91 89 13 2 35 95 97 44 44 79 20 10 46 99 53 93 89 49 94 80 44 13 56 67 93 83 71 82 38 24 46 98 67 10 17 34 84 41 66 6 28 47 92 24 25 34 55 25 78 76 56 51 2 19 31 98 55 83 86 67 87 81 88 67 66 25 47 49 
77 14 89 88 1 24 65 63 94 10 97 46 89 61 55 64 5 89 33 1 70 99 22 10 3 78 81 90 13 94 7 59 98 62 84 29 39 13 17 15 18 27 5 80 9 44 41 4 87 37 78 7 26 26 17 84 57 33 68 34 18 29 84 19 40 65 37 26 43 1 81 3 72 85 1 76 15 41 76 94 98 41 90 44 72 78 32 40 93 29 92 28 96 58 59 94 38 99 73 66 
45 58 9 0 9 48 82 74 17 56 81 71 33 80 60 93 51 46 43 32 72 45 32 55 84 25 92 51 45 44 20 62 31 99 73 45 60 16 48 69 50 74 64 39 29 62 49 62 3 6 49 88 65 99 73 92 80 86 99 67 19 77 37 14 59 60 97 23 33 18 30 49 78 93 49 45 69 62 57 47 28 14 72 45 52 34 35 2 15 18 84 30 34 68 62 81 40 21 60 57 
84 16 70 92 26 94 84 78 13 58 84 2 87 46 78 83 62 62 6 78 9 75 34 27 6 62 61 80 19 82 95 12 46 72 6 63 49 77 64 65 38 21 2 74 71 90 96 49 29 95 46 32 83 30 95 59 29 64 75 18 30 87 50 92 62 12 51 93 28 55 10 11 90 91 50 97 97 50 2 72 8 77 18 99 80 72 57 97 45 80 80 60 75 69 33 8 52 30 85 60 
5 54 94 92 68 72 42 32 43 15 60 47 56 80 20 12 8 35 37 57 38 80 88 93 78 2 32 48 53 48 92 72 86 56 40 23 77 68 88 94 19 19 21 51 47 48 22 86 36 41 70 93 70 35 46 30 30 15 58 37 8 60 91 62 70 52 28 96 3 16 41 59 93 79 55 64 64 53 29 98 27 89 78 31 83 44 76 75 11 85 8 79 5 21 7 50 18 17 85 76 
9 50 52 25 96 0 20 37 3 67 80 15 73 30 35 7 29 13 96 87 1 2 66 78 80 50 0 47 53 77 33 3 71 71 47 14 84 92 57 34 5 95 57 94 27 30 34 98 38 5 31 82 37 8 68 84 14 37 66 90 23 39 6 88 74 11 16 70 13 93 66 25 53 7 6 51 36 4 23 20 20 20 45 37 90 57 38 88 63 69 5 38 77 59 97 20 49 71 93 34 
63 46 26 51 12 73 44 57 44 48 2 96 94 58 33 16 84 23 51 84 93 30 85 76 18 41 13 59 40 45 72 29 11 14 43 63 88 59 27 41 87 10 59 90 25 79 65 10 47 25 5 76 22 36 45 12 82 41 88 40 32 99 57 76 29 79 39 50 35 35 11 54 66 82 33 76 55 15 75 64 28 34 46 78 73 39 94 77 33 59 36 3 60 60 54 83 47 32 87 79 
16 63 23 77 72 44 17 99 75 94 72 18 42 36 11 71 14 56 12 59 28 15 62 33 64 23 73 81 27 85 19 88 76 45 61 9 30 88 91 78 82 8 0 63 30 98 24 17 30 97 47 7 86 9 86 86 69 82 24 63 24 62 14 89 98 44 23 75 86 22 87 7 86 86 70 51 27 68 56 48 12 11 82 89 56 25 20 93 6 28 21 72 23 71 10 35 50 88 82 58 
55 39 25 86 78 18 68 27 97 82 5 4 65 10 75 68 76 27 24 59 87 53 17 49 67 68 93 90 9 73 74 63 74 9 44 92 22 93 12 23 68 84 85 0 35 7 80 61 88 32 49 27 68 13 99 90 96 61 72 17 94 26 11 90 13 89 2 73 67 72 23 62 25 75 97 88 20 76 94 43 88 34 28 18 50 32 25 10 78 2 75 61 73 41 4 22 31 52 77 16 
0 5 97 93 51 97 29 1 24 95 81 15 34 79 85 91 44 30 21 53 78 63 82 69 22 10 2 8 88 80 2 22 89 50 94 88 23 79 20 39 61 39 73 33 16 61 60 15 43 95 20 57 83 65 92 34 66 23 57 47 69 47 61 58 83 26 45 5 11 33 0 13 61 79 41 44 18 26 81 62 14 79 86 7 81 38 63 16 36 37 93 0 21 68 25 5 37 16 88 3 
17 84 15 8 99 25 26 21 82 97 63 47 37 34 91 22 53 4 65 22 80 8 66 50 84 42 19 46 19 42 93 88 1 6 30 79 24 12 5 23 14 49 7 95 36 45 74 71 6 25 59 28 19 25 71 38 62 55 88 42 13 19 1 29 17 25 1 27 31 80 55 39 81 40 33 33 16 26 13 21 76 19 93 88 24 38 74 28 20 70 94 25 8 95 23 17 51 11 31 91 

