75 62 59 8 99 32 7 69 37 73 45 85 96 46 31 42 68 14 45 71 4 83 15 85 35 54 56 47 27 71 23 85 98 41 5 44 89 10 10 60 42 22 19 44 18 76 51 83 31 45 8 7 34 39 52 14 77 41 37 6 27 93 30 21 44 53 87 74 26 27 51 46 72 11 63 23 46 54 38 64 49 12 7 65 44 70 63 58 91 22 32 82 28 6 81 30 67 54 58 65 
31 17 82 62 5 58 11 52 50 89 18 67 81 89 48 24 50 18 76 93 78 18 42 96 46 47 63 39 69 69 38 10 82 66 74 53 35 17 29 50 64 75 5 37 67 15 69 89 26 77 38 66 53 13 38 67 98 33 49 53 30 52 55 28 90 41 53 7 29 7 90 27 84 54 0 1 59 62 47 55 82 22 86 65 73 59 94 28 59 94 67 20 5 92 0 24 88 21 93 47 
68 8 2 52 96 48 55 24 86 1 62 75 17 8 5 56 40 5 84 82 29 16 29 55 30 42 6 98 42 76 27 73 79 4 77 48 86 31 10 81 56 34 30 92 92 77 68 73 36 33 90 11 77 62 34 19 49 20 41 69 79 49 39 94 62 43 95 32 66 25 24 14 19 32 2 7 98 48 6 28 89 89 26 59 94 75 72 79 91 80 77 86 52 72 64 58 1 73 39 75 
42 68 10 79 73 59 4 43 19 61 62 6 65 55 12 31 0 53 77 44 55 36 86 16 76 21 60 84 89 38 98 74 84 79 69 6 61 51 58 85 67 32 35 98 50 9 2 15 12 7 10 25 89 6 12 88 63 92 37 37 29 18 96 16 55 26 82 60 67 73 61 69 87 65 82 5 3 94 90 30 40 29 51 47 54 5 2 53 17 61 56 84 6 89 25 14 12 61 60 83 
92 87 45 26 78 45 7 67 29 21 70 13 91 63 64 6 16 12 73 84 71 52 69 6 78 27 49 36 42 84 90 95 43 26 77 77 5 2 2 63 43 0 40 63 30 65 0 69 30 41 45 17 20 74 43 51 19 9 67 5 25 11 87 84 9 51 63 65 26 21 46 82 9 38 69 1 19 75 32 17 49 71 74 39 89 49 68 78 13 5 17 41 69 38 12 81 20 24 77 59 
63 31 73 51 64 7 92 39 49 17 84 33 83 78 52 62 24 83 86 51 87 93 37 50 15 13 21 90 90 70 96 50 96 46 33 75 26 15 19 12 36 27 68 74 79 6 42 27 43 30 58 80 49 75 68 62 58 32 14 24 39 50 68 55 35 27 31 62 26 66 28 12 61 93 80 75 66 31 77 94 50 59 0 74 15 57 25 33 27 8 51 3 33 23 76 81 86 55 27 63 
69 64 64 92 31 52 4 41 14 25 26 82 47 59 80 56 81 73 22 8 8 31 7 86 18 76 42 94 49 53 65 2 41 45 11 24 15 86 11 51 78 64 90 0 64 29 86 88 92 29 77 90 19 78 47 42 17 3 20 11 14 32 8 12 37 10 57 7 75 65 58 62 15 85 84 48 28 84 57 70 64 56 79 72 72 78 56 42 31 55 39 14 75 50 9 97 1 93 57 62 
5 3 89 2 35 26 15 17 24 26 90 47 59 22 20 74 37 65 35 39 39 56 63 39 80 14 4 4 18 95 73 5 25 34 32 38 89 24 98 55 67 70 97 66 23 27 60 67 16 1 7 20 97 22 88 77 39 80 17 86 19 13 31 3 81 36 38 15 5 84 18 67 65 44 46 53 7 35 31 20 5 89 83 14 10 41 85 13 62 20 92 39 80 77 0 16 51 7 77 48 
28 36 63 49 91 64 56 5 44 42 0 52 94 48 58 61 56 97 28 23 16 86 24 94 22 53 80 65 6 26 35 62 73 50 57 20 7 22 69 29 8 12 36 80 1 84 81 36 62 38 23 70 98 82 67 63 76 67 10 58 79 53 25 88 40 93 59 25 12 62 75 66 58 5 15 72 5 48 88 92 29 48 51 10 30 60 87 95 86 49 68 58 29 63 7 31 38 92 67 31 
55 12 23 75 55 17 81 91 83 8 67 20 39 7 92 56 34 20 41 46 41 58 96 26 12 18 29 39 53 49 47 63 58 48 13 46 45 72 78 53 70 12 93 21 19 63 97 48 22 46 5 47 8 18 43 5 13 57 94 63 84 59 36 5 28 59 61 79 51 63 57 3 30 60 96 2 5 61 24 9 5 3 74 35 63 57 61 68 74 4 23 32 8 82 74 28 41 51 74 19 
5 80 3 73 55 68 22 44 82 11 27 60 51 5 98 89 30 95 70 79 69 0 24 45 79 14 36 28 30 13 45 46 20 81 9 86 66 64 40 35 41 91 3 77 92 81 79 30 42 56 29 53 2 95 25 47 96 47 36 62 58 18 19 15 19 52 96 59 78 96 38 2 22 43 48 59 89 80 38 81 46 28 63 34 0 30 6 17 72 41 20 6 81 84 25 59 70 83 63 27 
36 25 55 49 42 77 30 94 29 92 83 11 67 99 73 23 87 21 35 80 62 52 9 63 52 49 18 81 86 24 41 55 42 25 53 21 28 32 84 31 28 31 9 96 4 53 88 12 15 41 99 99 98 36 59 26 18 28 1 58 90 65 65 27 66 25 78 66 20 47 19 42 31 20 98 15 37 10 15 48 33 68 71 79 28 86 94 79 87 88 65 9 86 21 72 22 32 34 31 12 
3 28 11 22 76 34 16 25 26 55 25 36 48 40 79 32 73 52 73 93 28 15 19 95 54 76 6 72 98 6 32 53 39 78 40 56 66 31 52 21 40 34 29 7 64 67 35 9 4 55 66 68 40 4 31 80 19 78 43 3 14 83 53 32 3 1 22 55 58 50 78 8 94 32 4 46 78 51 38 3 65 84 35 93 15 3 81 7 53 43 98 96 28 20 21 95 12 65 9 20 
14 47 90 29 44 62 70 65 17 3 10 49 17 53 21 80 73 40 9 21 34 51 89 26 42 20 49 26 32 38 56 74 49 90 99 69 99 2 43 31 69 50 53 52 59 48 63 32 31 63 2 13 92 82 34 54 62 37 2 91 2 52 56 66 76 67 39 88 38 2 79 37 82 6 96 95 7 83 7 10 32 64 37 44 62 12 94 35 83 74 66 87 79 7 5 36 38 46 64 85 
53 69 69 98 1 62 51 67 86 76 63 97 49 19 78 17 60 53 25 47 30 79 77 60 89 67 35 79 35 43 11 65 53 14 10 55 66 62 14 64 67 38 85 70 12 20 9 77 83 81 27 90 54 88 65 58 46 97 45 16 67 95 75 43 53 47 66 3 7 62 72 21 98 17 23 93 20 76 62 39 34 73 31 94 39 49 72 5 2 55 77 58 91 80 34 7 45 7 5 99 
22 2 62 83 39 57 33 57 26 41 28 64 98 99 74 4 25 94 95 64 23 7 69 6 94 63 54 19 5 70 31 86 34 38 76 1 95 70 77 74 48 56 17 16 69 69 96 62 17 67 22 7 87 43 66 87 24 25 21 49 82 8 52 1 91 42 26 68 49 32 50 50 33 42 23 2 53 85 37 0 14 1 21 15 82 25 48 82 26 28 37 37 39 57 79 4 10 35 8 47 
62 83 83 10 21 1 59 35 37 21 13 74 40 38 84 72 74 43 35 67 3 50 30 4 17 57 57 10 62 51 6 15 73 67 45 77 81 19 96 2 82 12 36 27 20 7 54 37 9 87 10 37 55 17 10 6 67 8 6 28 84 43 91 15 98 88 76 24 76 31 88 64 63 93 25 95 69 49 29 47 43 48 66 12 43 39 7 74 53 15 78 57 6 44 20 36 1 54 15 86 
30 20 41 24 32 34 37 7 32 22 59 41 10 13 96 10 22 39 43 81 15 8 96 50 54 36 69 42 87 34 44 85 31 20 85 91 54 66 28 47 47 36 12 68 56 4 61 60 76 93 16 6 74 56 86 22 80 53 2 32 43 66 41 5 60 10 98 49 36 57 94 54 48 77 46 51 72 72 96 93 49 89 55 38 61 24 78 10 66 74 2 19 97 20 91 15 92 90 48 21 
98 3 30 97 98 87 72 87 27 37 4 59 18 31 99 0 84 74 37 6 22 94 71 82 58 62 50 47 0 36 89 4 72 68 74 95 22 17 17 12 68 83 88 30 82 75 82 65 32 4 66 29 19 95 31 82 45 94 6 52 47 12 27 5 3 48 60 97 35 38 30 37 19 94 25 7 70 89 18 73 36 77 39 88 22 36 59 82 54 46 55 43 93 62 24 1 10 71 97 6 
53 36 15 83 16 50 27 46 9 25 12 7 72 52 95 82 58 93 83 87 30 20 92 51 62 78 22 79 26 65 61 51 17 78 60 5 44 68 10 58 15 83 52 55 96 91 13 68 51 94 19 13 92 11 18 69 3 36 58 0 61 91 31 16 62 48 72 72 58 58 58 47 36 15 14 50 9 85 42 25 49 43 34 75 4 83 69 81 27 93 47 32 73 3 25 44 52 10 81 23 
98 69 90 43 17 17 94 64 55 26 34 58 65 32 17 37 10 95 85 26 75 55 99 82 94 62 29 68 47 80 1 7 45 78 35 27 25 6 7 41 88 70 40 30 38 1 76 33 67 45 42 64 45 79 36 66 34 57 64 11 68 22 33 44 62 27 17 46 92 76 90 31 46 73 22 26 5 70 39 4 38 24 19 89 35 2 71 73 19 42 58 22 62 81 65 97 17 94 36 62 
47 41 63 65 4 23 38 22 25 43 86 1 36 25 97 6 37 42 68 67 17 7 39 4 41 83 4 2 31 85 92 67 9 27 34 73 87 8 85 17 90 73 85 10 16 70 64 54 65 5 15 19 6 3 38 22 42 41 12 68 63 42 52 42 94 80 99 31 97 12 31 72 20 94 55 31 78 84 40 58 37 5 79 74 44 81 93 27 64 48 67 47 53 72 94 91 15 91 5 89 
16 23 80 66 28 24 5 69 34 23 85 37 92 12 54 16 35 63 6 96 4 10 70 30 18 11 92 77 75 99 54 32 0 90 36 72 57 93 95 0 77 7 59 61 35 41 82 72 89 96 86 97 16 21 9 82 89 31 27 17 10 66 64 27 52 95 78 85 75 55 69 43 38 25 93 30 29 56 28 6 36 96 77 89 50 83 88 43 6 35 46 90 13 27 43 7 20 87 83 26 
47 68 62 59 33 59 56 34 34 5 44 63 75 79 94 85 53 54 2 92 53 57 71 29 42 6 21 87 96 15 35 39 68 82 60 15 19 31 84 50 3 84 97 55 59 57 55 92 98 37 28 49 63 0 56 26 84 39 9 49 53 57 54 59 90 92 1 16 31 55 53 48 86 37 45 69 42 10 46 75 88 20 35 43 75 29 62 60 80 46 6 17 69 27 59 10 97 74 78 13 
17 49 70 56 94 92 66 70 35 50 92 86 83 2 5 42 78 10 49 39 76 95 33 28 75 68 12 10 98 55 71 59 70 60 53 26 96 25 53 93 15 53 85 36 12 37 78 53 34 40 49 60 39 38 30 86 72 56 39 64 68 45 76 86 93 36 48 96 62 28 58 83 80 64 56 61 57 56 48 29 22 83 30 43 65 40 21 38 14 66 5 3 4 35 80 61 2 88 44 37 
51 9 16 56 65 89 71 54 69 11 57 26 59 36 31 63 83 83 53 73 92 76 46 81 37 29 20 28 21 98 29 67 87 25 17 71 90 37 0 31 53 30 70 7 15 57 93 25 44 32 92 86 15 57 34 10 87 20 88 9 59 41 30 3 55 46 67 92 84 13 48 31 51 62 39 76 65 76 92 20 65 68 88 46 66 49 72 59 74 10 96 57 95 93 9 12 98 62 63 29 
50 23 91 87 58 1 36 82 97 83 44 97 52 49 82 29 73 56 10 88 11 20 40 75 26 98 32 26 92 75 53 23 76 5 77 54 70 92 17 41 80 72 33 64 47 25 30 86 76 82 90 80 37 86 4 69 23 28 68 63 6 71 5 1 91 62 17 9 40 64 25 48 88 97 78 16 82 18 44 41 96 64 65 44 56 93 91 83 70 92 21 65 3 16 75 52 34 61 33 24 
51 91 26 4 16 52 37 10 15 74 55 59 28 68 86 75 65 7 94 74 63 60 35 64 7 64 2 15 93 40 79 90 15 98 2 48 61 88 68 25 72 16 48 80 49 63 47 66 55 46 53 38 75 5 85 53 39 46 47 32 96 30 12 91 5 94 21 65 5 61 68 94 68 84 59 15 41 50 70 60 46 72 68 74 57 96 21 80 46 42 58 19 88 63 28 73 20 34 77 42 
3 23 4 80 48 33 48 53 38 91 20 94 87 3 86 27 73 35 93 48 4 84 35 34 20 39 22 29 24 89 77 76 92 26 78 32 87 5 55 54 16 51 97 32 53 34 77 80 32 92 90 21 17 84 65 6 25 54 32 86 6 49 84 39 51 54 96 25 85 51 11 52 61 63 1 21 16 40 63 90 17 65 67 53 18 70 22 41 46 36 60 53 85 81 47 74 40 59 68 24 
6 7 2 90 39 18 72 37 41 87 89 88 28 56 54 85 66 86 64 87 3 49 79 5 73 5 34 66 27 53 4 85 7 94 94 50 94 79 85 49 23 50 47 15 6 28 77 88 86 60 72 28 96 17 33 68 15 89 69 74 61 52 52 87 7 42 44 89 80 40 86 45 50 53 21 83 6 44 41 52 57 32 78 58 2 37 1 26 41 49 59 99 69 5 66 35 55 4 64 38 
31 92 89 5 38 4 78 43 24 2 78 25 27 26 70 12 12 63 69 25 22 17 66 12 87 54 32 88 57 44 45 34 58 27 10 99 68 95 39 23 73 97 32 48 32 51 15 64 22 88 87 26 79 41 4 62 64 44 76 99 19 11 41 56 18 1 75 26 43 62 48 93 39 89 75 85 77 93 10 31 49 37 80 91 34 85 42 4 63 88 24 43 73 99 82 57 10 38 71 68 
68 29 65 26 89 6 54 23 89 26 0 0 12 60 4 32 2 61 68 36 52 60 40 21 9 22 61 96 14 58 25 70 1 33 2 73 0 4 87 39 24 32 47 4 47 83 91 21 27 65 53 55 84 2 94 21 85 74 50 42 86 81 70 31 5 24 63 88 62 43 56 36 71 85 3 78 35 57 4 21 14 6 95 75 54 21 53 58 49 33 44 67 63 95 38 75 61 39 99 35 
42 11 18 75 73 99 42 67 31 1 13 16 62 10 72 80 66 88 92 36 11 89 93 86 24 16 33 52 51 95 51 55 84 33 96 3 74 44 86 58 39 65 56 19 99 19 17 25 73 77 88 52 45 52 95 56 93 65 94 0 18 90 47 56 81 27 56 29 42 67 12 8 40 36 74 30 14 23 18 79 70 59 53 90 50 45 39 40 75 20 31 47 30 42 99 57 32 14 24 85 
10 0 52 53 25 26 10 72 58 64 15 14 97 2 3 29 55 8 65 7 49 66 58 82 20 78 6 87 85 15 37 58 70 91 90 32 98 83 82 30 43 60 31 41 74 42 57 34 51 61 1 68 76 84 56 48 78 13 22 77 97 12 67 28 8 68 62 57 39 91 4 7 78 85 15 48 98 79 72 97 22 76 58 76 58 53 77 46 31 9 85 36 71 59 86 65 42 11 23 22 
77 58 34 68 94 90 68 96 44 81 41 33 81 5 38 55 45 84 44 36 88 77 56 43 87 35 38 94 47 12 86 84 15 32 58 0 91 11 4 21 65 12 58 14 2 16 27 4 64 55 51 33 31 9 11 23 6 23 2 70 95 15 79 82 2 57 36 48 58 0 63 98 92 5 19 38 55 61 30 31 20 45 56 42 63 81 18 4 63 37 31 99 87 12 18 26 32 74 2 80 
49 89 39 44 69 54 30 90 4 72 6 50 96 93 92 62 53 85 92 89 6 24 9 13 50 43 39 0 11 25 87 87 79 62 74 15 80 24 25 48 40 66 37 46 52 9 27 82 28 93 74 54 64 60 60 69 9 1 97 97 91 51 26 22 89 47 69 41 62 8 82 48 51 5 85 18 29 0 33 78 76 29 88 21 7 25 44 47 78 20 2 13 30 93 92 56 17 60 40 97 
90 32 11 50 85 70 72 0 77 38 81 53 17 29 78 11 18 27 88 18 39 89 80 23 70 21 97 22 94 97 59 57 84 58 57 33 51 58 0 36 59 27 52 99 64 81 8 59 58 10 93 43 32 81 16 8 31 41 49 7 80 34 82 78 81 76 39 73 56 44 61 75 48 71 26 2 24 22 30 3 33 46 27 41 91 47 42 51 39 56 99 56 32 68 88 51 24 76 11 67 
96 23 1 9 30 7 19 35 97 2 79 23 26 75 62 89 14 18 13 85 36 65 32 40 97 5 39 77 69 81 63 3 36 37 51 69 0 69 83 29 84 55 80 8 1 5 6 18 93 16 38 9 10 6 37 52 55 39 53 31 84 47 20 60 26 45 94 95 2 58 78 73 8 31 9 54 63 5 70 21 46 4 78 0 55 46 4 44 11 8 98 62 50 93 14 7 57 18 35 33 
53 75 27 82 89 28 62 28 31 13 4 46 23 98 79 42 81 81 61 55 32 38 32 25 23 73 77 71 34 82 30 69 20 82 27 90 76 60 90 7 1 31 22 64 31 93 41 90 75 79 74 18 46 32 66 17 69 6 76 1 35 40 58 31 43 45 78 25 12 57 95 74 14 93 49 3 43 71 18 77 2 68 41 56 46 45 59 10 6 8 21 40 59 80 81 88 11 94 48 72 
65 30 67 54 25 1 73 85 90 59 84 74 4 44 67 50 83 79 96 11 57 31 50 53 71 38 81 47 55 91 77 39 72 75 47 10 94 53 21 19 0 2 33 94 4 3 61 36 1 21 45 9 26 56 44 28 94 98 31 26 19 62 72 93 24 99 31 15 34 47 59 8 25 58 75 56 99 5 64 41 76 71 62 95 26 97 51 12 48 29 51 46 92 37 46 91 9 64 35 49 
96 82 17 74 86 36 11 53 35 43 23 85 45 13 86 34 52 67 22 42 45 13 85 73 41 39 47 44 47 9 58 99 80 86 68 1 58 60 92 20 99 75 88 77 39 11 51 1 41 47 47 13 62 83 61 11 74 60 27 93 47 58 25 89 95 87 48 62 49 39 60 34 27 26 81 17 83 49 99 77 39 79 48 74 70 51 62 71 83 56 38 66 84 52 8 25 96 13 36 21 
92 91 5 7 28 85 20 28 32 87 35 17 44 8 86 4 65 50 89 74 69 51 39 46 91 41 3 44 83 92 10 65 50 57 72 30 61 6 34 91 66 73 11 83 60 11 93 0 44 90 98 12 43 65 92 77 30 66 90 33 0 80 20 71 79 22 93 68 26 79 18 77 29 36 2 76 69 27 36 54 58 33 29 84 30 86 59 28 95 11 37 46 68 37 83 10 68 88 20 56 
4 23 70 83 26 50 70 74 33 31 85 77 91 90 46 66 65 34 41 55 70 13 63 11 90 51 55 7 92 9 56 39 18 89 92 29 24 76 93 29 59 97 14 77 20 16 28 8 60 25 74 73 33 86 77 37 10 46 28 77 63 16 95 37 36 63 89 90 83 91 72 64 32 28 32 16 52 25 77 95 7 80 65 55 30 32 71 0 53 75 29 97 50 25 11 41 6 28 37 34 
28 49 27 44 47 96 19 43 87 4 79 93 43 77 23 29 61 97 25 19 86 92 91 31 84 67 37 19 89 32 12 87 74 24 66 77 44 37 91 5 85 25 43 38 83 70 29 50 92 15 70 87 22 50 15 98 89 92 89 44 52 91 30 30 33 39 44 74 76 19 67 68 39 44 60 42 51 1 65 26 17 29 64 3 51 34 2 15 21 59 70 64 12 85 6 2 46 29 78 23 
73 10 5 56 32 33 80 20 52 88 47 62 56 2 41 76 79 59 63 81 97 16 38 34 28 26 29 1 16 16 33 17 78 42 27 18 77 8 33 32 1 5 69 14 91 80 62 21 17 76 73 25 24 55 35 83 36 26 23 79 71 67 59 28 8 83 98 94 49 73 8 79 58 34 85 65 32 54 39 59 26 67 47 98 11 21 90 82 20 29 80 49 3 2 96 27 65 61 14 11 
84 80 77 1 64 50 61 56 54 68 4 86 41 11 66 9 21 36 55 72 9 12 32 79 65 85 38 67 88 76 78 25 78 25 32 9 97 61 91 50 54 78 8 5 46 88 86 89 50 77 29 41 74 81 10 28 4 0 59 71 65 21 28 46 92 60 84 60 24 42 12 68 94 24 24 28 66 9 95 95 54 32 38 76 31 77 52 44 97 11 60 36 65 58 70 75 77 82 35 49 
46 67 27 21 1 30 8 5 40 88 85 75 86 42 88 45 9 77 96 5 47 98 57 34 95 49 85 7 17 69 35 45 17 75 46 15 88 32 72 61 84 32 87 64 89 25 40 89 83 47 19 4 18 58 90 76 11 84 17 56 21 19 89 92 32 38 43 71 69 87 48 63 58 17 99 59 3 55 46 52 1 97 64 0 6 33 15 83 14 89 85 94 92 42 89 5 32 93 35 43 
87 93 52 17 3 84 23 43 1 46 38 90 96 26 49 35 64 52 75 14 15 55 43 22 98 64 47 8 99 42 70 3 42 71 87 35 34 39 64 29 42 4 72 29 39 5 92 81 75 92 68 2 70 69 13 92 0 96 26 2 0 86 36 18 31 22 78 6 16 87 29 80 86 76 87 40 18 0 46 31 51 43 12 58 48 89 88 83 53 93 11 59 8 93 88 9 81 60 1 26 
19 68 0 89 54 62 44 97 30 14 39 69 65 79 7 95 59 34 0 0 41 33 6 90 45 64 88 55 44 51 52 30 97 19 55 4 24 77 59 84 82 43 63 2 16 22 79 68 30 92 81 66 9 35 35 16 38 29 30 61 69 10 82 59 14 6 79 96 43 19 32 58 30 87 50 31 68 46 3 42 94 79 99 34 95 71 42 32 99 86 47 87 31 64 93 32 40 67 60 94 
44 67 15 51 2 42 67 43 10 38 42 89 1 47 93 44 6 97 22 71 81 65 75 84 34 95 7 6 33 32 90 85 29 81 83 34 79 4 51 19 61 33 77 16 6 80 40 95 99 81 93 45 83 28 53 93 79 62 1 44 21 71 92 46 57 41 93 20 12 69 10 30 1 17 80 12 14 26 84 43 68 7 25 33 49 69 23 49 92 9 35 87 46 47 0 44 17 72 61 60 
2 29 88 37 70 93 3 32 39 33 41 33 32 11 39 28 99 82 63 73 96 60 61 47 30 23 12 72 23 80 19 51 23 45 29 92 73 41 89 13 7 14 94 37 71 10 79 57 2 58 54 12 40 91 10 43 36 97 33 77 57 26 51 25 69 7 84 70 5 29 68 58 90 15 1 82 62 66 40 29 34 57 48 39 38 58 71 3 77 64 67 68 91 82 64 89 72 41 74 72 
95 69 18 52 2 14 84 53 40 96 40 19 85 67 33 81 93 33 88 29 4 16 25 41 91 5 84 96 74 69 20 21 94 61 76 46 5 21 72 93 38 97 77 48 57 12 64 91 41 4 53 26 53 49 85 15 19 29 21 65 1 13 15 30 18 50 30 5 39 78 61 99 82 11 8 75 93 80 6 13 79 75 82 49 0 19 97 71 3 12 8 60 89 27 54 6 11 62 51 97 
82 95 19 31 26 4 41 33 85 23 20 78 30 67 7 16 34 18 46 8 89 84 96 87 80 33 4 78 78 42 69 33 68 10 49 68 54 82 3 66 2 29 40 79 15 78 15 59 90 71 20 55 95 35 23 56 36 13 64 97 18 83 30 30 1 98 92 15 8 7 12 53 23 51 70 31 44 61 47 83 81 64 11 28 29 96 47 19 56 21 75 9 91 27 35 11 63 62 24 99 
30 18 98 51 41 35 16 71 95 49 31 0 93 86 14 65 57 82 45 1 89 72 77 79 90 64 36 77 88 8 25 9 19 7 50 55 22 66 20 62 4 89 79 93 32 26 95 1 81 27 81 38 94 50 14 33 62 32 41 0 79 71 11 52 36 45 76 2 52 29 63 93 69 44 22 91 10 98 52 22 92 10 71 69 39 67 70 87 19 89 73 91 25 87 2 65 40 22 68 71 
87 66 93 40 16 96 50 93 49 92 58 9 11 59 55 6 9 7 24 12 38 38 82 6 21 56 85 3 79 9 41 11 97 95 98 38 0 40 33 40 87 22 85 97 53 22 52 75 26 46 1 73 86 31 98 6 75 78 53 83 69 90 61 18 0 58 98 44 70 19 64 79 40 6 12 47 62 23 75 69 64 64 57 90 91 71 74 59 7 54 70 77 51 34 14 87 56 69 84 9 
37 27 87 99 30 22 52 10 42 42 20 59 39 38 84 74 45 76 13 40 50 78 32 80 92 59 5 26 67 35 53 5 37 39 70 32 63 88 22 27 30 68 35 55 78 10 14 25 37 45 77 34 79 15 75 81 25 98 61 85 19 68 70 98 7 47 28 77 86 15 8 66 49 43 56 41 53 21 78 40 78 62 76 28 14 61 2 23 40 67 96 81 39 71 68 6 73 23 2 14 
60 15 98 14 59 56 38 74 80 48 13 99 45 23 75 23 56 77 90 75 91 95 40 13 0 90 86 77 94 92 48 61 24 32 22 19 9 80 59 90 88 29 59 41 41 9 90 55 80 57 15 28 62 64 47 15 53 28 31 44 19 88 46 75 58 42 39 18 46 69 45 24 52 2 24 35 66 82 29 71 42 27 93 99 27 68 19 95 26 89 14 3 94 68 24 23 26 21 48 75 
43 93 45 25 88 5 88 64 12 87 80 88 43 77 72 96 92 85 16 74 59 46 48 69 94 32 2 11 65 9 54 5 2 38 95 80 93 8 67 45 36 85 86 69 94 33 39 82 89 9 16 8 5 33 85 83 87 1 15 19 26 14 93 85 53 38 14 18 74 14 76 78 85 18 81 78 51 50 20 9 12 82 50 60 95 51 9 76 6 73 88 68 6 9 72 51 55 76 43 6 
51 22 40 90 71 43 79 93 15 16 73 94 83 30 69 38 2 68 79 5 6 66 29 54 43 28 41 58 29 19 79 21 20 2 83 66 67 37 17 60 33 51 95 37 21 92 10 88 80 53 21 49 75 42 38 44 23 12 42 54 86 49 68 47 90 17 33 81 8 55 50 3 93 10 17 65 3 24 97 95 59 0 29 77 30 19 94 83 10 94 64 44 38 29 74 39 16 99 85 31 
54 0 24 19 67 43 77 27 36 98 73 90 83 43 72 85 10 92 3 86 42 44 91 92 22 71 55 30 95 44 45 10 98 62 33 44 0 70 81 35 88 34 36 39 70 76 50 56 55 4 51 46 9 28 83 17 68 3 81 23 70 84 11 28 55 76 26 89 51 5 2 16 56 36 68 50 22 97 34 98 97 85 83 58 7 45 0 96 6 5 82 99 61 11 28 89 41 62 39 6 
57 97 88 94 30 20 74 40 14 33 70 81 97 78 27 63 10 26 69 96 24 33 0 77 68 22 4 90 96 20 28 21 64 94 87 51 96 22 74 65 35 75 0 22 11 7 99 41 40 37 27 10 37 0 4 18 4 7 19 47 57 33 0 0 35 44 83 20 70 26 80 24 84 85 73 40 53 48 98 75 28 73 10 54 25 92 77 89 56 91 56 3 87 68 85 83 71 92 63 31 
59 29 52 86 73 86 73 37 5 57 81 29 51 30 22 99 92 18 29 31 56 67 68 58 47 6 29 19 22 16 20 4 99 45 73 98 91 2 55 41 38 6 88 37 64 0 75 77 7 35 14 28 85 89 79 70 88 8 1 27 15 26 82 11 90 72 44 45 73 89 77 73 52 51 83 72 99 11 80 41 65 77 13 67 66 15 13 84 62 22 89 4 22 96 45 87 25 20 89 87 
63 35 33 9 80 29 10 53 68 55 86 3 58 34 58 81 99 95 66 75 9 76 32 54 28 4 9 88 91 87 48 91 85 92 52 80 9 90 5 34 60 56 46 98 71 72 33 37 65 87 37 37 70 15 60 84 91 56 45 95 4 79 17 97 44 48 2 47 28 71 87 79 42 70 13 87 83 77 41 16 87 74 28 22 76 29 51 15 22 58 95 80 77 58 75 22 15 56 87 89 
15 89 97 93 59 53 14 86 2 84 76 69 1 39 77 75 23 28 6 34 34 81 33 70 12 31 92 54 94 30 47 47 12 42 95 88 1 94 12 34 33 40 48 89 88 36 25 96 32 34 45 10 25 29 40 86 48 21 86 56 14 87 89 48 91 80 29 15 38 79 34 63 39 11 18 76 7 44 84 44 22 89 8 15 70 74 63 3 42 70 98 65 58 44 94 81 14 34 62 35 
82 94 17 62 12 76 74 37 26 47 1 0 5 79 86 60 54 48 92 90 52 97 23 25 18 47 46 89 43 15 16 79 55 21 65 11 8 67 83 53 29 89 94 3 54 10 61 33 40 87 13 70 65 6 75 87 31 10 61 74 97 53 29 24 31 82 18 45 8 60 3 11 41 18 49 18 3 69 63 63 36 91 87 92 58 17 52 43 12 43 31 25 61 59 94 49 22 55 87 93 
23 83 44 76 1 78 91 64 51 56 45 50 94 24 74 96 74 98 7 26 89 60 79 28 42 93 23 79 86 58 86 70 26 80 35 15 90 82 80 86 87 23 46 5 83 18 6 77 13 2 48 44 67 36 34 23 48 63 80 74 93 38 97 21 79 7 92 41 70 68 11 88 65 70 92 77 42 70 87 24 75 59 99 76 61 47 28 6 79 93 52 37 94 39 73 42 48 9 51 70 
79 49 54 25 0 13 93 21 59 42 84 44 17 18 40 43 67 1 29 63 96 91 8 80 14 41 6 24 89 4 67 61 69 30 7 50 33 16 14 70 35 95 42 10 94 12 2 8 58 37 41 9 22 13 76 89 92 88 19 47 17 1 49 78 66 17 47 2 34 59 7 28 45 58 38 77 54 87 38 40 16 29 71 78 10 95 64 85 76 56 10 49 12 53 93 62 44 84 14 46 
70 70 76 74 45 53 17 30 6 36 20 82 71 81 97 62 71 25 72 39 95 21 9 23 82 30 79 93 23 65 88 69 34 97 45 29 36 42 98 9 21 40 40 51 99 31 33 47 45 40 48 85 87 91 21 24 96 86 11 58 97 34 84 52 80 65 57 16 29 12 35 77 67 58 74 71 15 80 96 38 36 90 31 7 70 70 82 93 48 88 41 18 8 26 20 31 59 16 10 71 
12 22 18 90 69 65 21 41 19 64 37 70 73 8 10 26 40 66 36 97 1 51 12 77 7 72 18 97 47 76 54 4 54 58 5 26 86 87 98 66 15 83 50 28 83 47 29 70 36 52 26 26 36 9 49 74 59 42 3 2 85 19 58 61 2 43 61 54 98 63 77 93 60 6 57 27 18 2 52 6 10 26 34 28 39 45 68 61 7 67 3 23 72 67 13 98 12 29 86 69 
85 17 46 75 17 27 92 37 59 88 26 78 58 61 10 76 49 87 69 63 35 79 81 56 72 27 61 80 52 0 47 85 88 53 85 39 94 48 17 18 17 3 25 72 89 26 43 66 39 15 72 76 44 74 39 24 74 50 32 75 71 8 17 46 42 91 90 54 80 95 36 55 28 90 99 42 54 52 88 49 8 25 16 39 8 16 47 76 96 42 7 62 60 37 73 49 76 35 76 96 
6 98 87 24 92 76 61 20 85 38 43 38 48 93 30 65 17 65 46 80 21 54 90 93 56 67 93 50 13 37 12 12 16 20 80 88 38 39 7 79 58 18 66 32 47 79 90 5 3 50 12 99 86 86 69 94 38 15 57 96 41 29 58 95 99 84 25 8 85 6 49 31 58 55 63 24 58 59 32 88 9 29 92 49 97 90 19 30 34 59 19 23 72 63 86 40 86 52 72 27 
18 49 90 63 21 44 32 30 24 58 40 82 91 27 36 7 49 30 2 76 48 44 65 61 51 36 59 51 57 15 70 86 16 92 19 35 85 15 13 89 18 46 53 94 49 37 30 41 71 54 64 78 29 51 89 91 45 30 63 10 32 61 42 45 51 8 76 16 8 95 20 29 6 80 97 72 96 45 63 74 13 94 42 92 4 22 49 92 54 42 28 67 16 14 46 91 91 51 57 14 
89 44 27 76 86 65 50 74 55 9 95 19 93 26 24 79 45 99 9 62 71 49 11 14 52 30 40 64 33 58 42 13 5 86 20 35 14 87 77 29 26 15 54 83 55 15 81 11 37 56 39 57 51 13 88 88 65 93 89 1 0 81 99 32 78 14 81 81 76 16 29 8 90 85 39 59 34 35 43 95 71 35 74 94 42 80 86 61 22 91 29 58 44 57 79 71 78 82 35 36 
86 3 12 56 38 70 52 3 66 79 88 84 23 43 21 41 57 5 87 16 3 77 60 50 46 0 59 67 81 15 37 52 83 79 16 24 70 53 63 22 43 24 85 1 9 16 57 29 67 31 57 74 0 65 89 50 49 12 31 32 78 65 85 2 40 30 18 6 2 52 17 53 90 92 54 11 94 93 94 43 72 16 85 98 18 40 62 86 21 7 7 17 37 21 9 49 20 19 82 34 
59 50 53 19 90 57 99 22 18 76 48 58 69 31 43 93 68 51 89 13 95 83 54 82 38 1 10 87 15 26 60 18 44 95 25 68 55 74 15 13 63 0 6 11 44 32 27 2 78 76 19 39 30 19 94 29 6 23 92 89 14 83 88 67 74 99 79 42 25 46 80 36 31 1 58 26 88 23 48 10 85 65 72 69 46 10 29 64 44 37 63 61 31 98 89 7 72 10 73 3 
69 95 28 20 93 11 94 50 42 56 40 9 36 60 3 59 28 34 20 67 64 61 99 31 45 67 72 34 78 4 93 3 51 88 76 1 37 95 11 87 84 67 57 98 27 75 38 60 51 18 79 63 26 74 47 83 25 34 1 16 40 62 68 23 93 9 63 54 96 51 4 38 13 72 4 17 95 53 71 77 87 38 70 79 67 91 24 55 73 55 24 96 87 22 61 31 17 58 15 28 
77 76 47 87 29 72 40 15 90 34 67 73 4 82 12 53 71 58 50 18 16 7 13 26 22 61 38 50 2 19 10 14 69 67 7 13 57 49 47 12 7 62 62 5 63 94 78 94 28 54 81 26 10 76 88 99 65 88 37 32 93 88 45 9 70 82 27 49 84 32 19 36 51 41 60 85 87 26 25 88 12 23 77 92 8 71 24 11 9 41 95 19 92 13 40 85 58 50 16 22 
91 38 78 57 8 79 0 12 29 86 62 59 70 41 33 87 53 13 50 37 29 26 88 72 97 91 31 21 89 64 90 49 88 25 62 18 5 80 27 82 99 59 56 75 99 84 14 39 21 68 82 22 41 45 64 14 4 96 42 69 93 15 32 2 13 7 27 69 83 80 90 76 40 15 90 6 1 92 24 2 81 94 88 89 10 72 2 91 32 25 84 23 52 58 96 44 65 10 87 34 
28 51 2 38 53 71 67 35 99 6 67 50 60 54 87 63 7 6 55 39 97 87 55 16 53 87 72 0 73 76 73 47 2 25 54 31 36 96 44 48 50 64 19 83 86 67 88 15 88 82 80 51 79 72 37 91 33 53 53 45 24 64 68 9 49 7 1 12 12 72 33 74 96 3 56 94 12 99 88 54 82 34 99 79 83 90 67 30 3 44 35 84 70 14 9 39 20 91 34 25 
37 97 62 48 88 96 61 95 17 65 97 64 64 61 72 30 76 27 0 85 19 48 86 76 56 14 20 18 79 78 50 41 24 18 47 46 90 9 51 25 45 61 15 32 54 95 1 37 54 57 82 57 86 49 73 38 21 35 13 45 2 1 17 20 83 98 91 86 43 80 46 80 32 35 32 26 84 32 84 55 73 35 39 82 82 99 2 77 1 35 15 86 10 86 3 15 21 51 51 26 
66 39 6 82 47 79 86 84 31 0 59 97 86 96 88 71 34 46 83 94 24 14 79 81 1 31 12 34 99 36 35 94 23 88 22 72 81 73 71 83 14 63 32 34 73 58 33 40 43 6 61 77 51 90 74 83 22 63 19 8 47 29 39 99 91 57 92 53 23 41 33 78 2 82 79 95 8 24 94 19 91 27 84 5 97 64 21 80 90 41 5 62 20 90 11 84 88 44 50 47 
55 27 37 63 37 79 50 32 93 10 46 69 73 89 3 15 47 20 31 3 7 59 50 43 3 27 86 7 81 80 97 6 24 55 70 2 41 83 60 52 27 80 51 69 89 73 76 2 39 22 99 57 84 40 38 88 39 96 53 89 11 57 9 3 35 30 38 8 50 51 60 24 35 18 91 97 92 21 89 83 11 19 40 53 78 76 25 92 0 69 53 68 36 71 25 66 22 42 31 61 
6 37 7 35 3 84 67 41 41 11 39 69 31 41 91 12 56 55 34 76 90 34 11 20 87 82 27 18 48 61 62 16 67 99 61 70 49 95 99 98 40 17 58 57 89 98 72 58 62 97 27 48 38 63 78 93 9 14 97 68 37 41 63 6 69 55 17 64 81 41 62 36 42 17 9 7 7 20 91 26 88 58 66 7 67 41 21 9 57 59 52 87 74 52 86 98 22 27 41 14 
5 35 50 98 6 82 34 30 69 17 12 24 3 90 84 46 29 2 59 67 99 73 16 68 6 76 66 73 52 34 67 40 20 70 9 37 4 19 71 98 17 80 46 33 18 46 21 80 5 63 33 37 79 81 13 26 41 15 65 82 62 60 0 85 87 52 72 76 25 2 61 8 25 52 63 9 94 40 80 46 38 25 3 96 22 33 70 2 15 52 57 18 65 88 16 49 96 75 95 80 
59 98 88 44 92 55 49 47 65 57 6 75 96 3 81 99 63 50 20 96 61 51 7 13 20 0 91 25 97 41 82 88 53 79 64 17 15 96 45 20 81 46 80 20 12 92 3 2 46 21 64 27 3 92 67 42 63 79 9 61 69 76 60 49 20 13 44 28 17 63 10 4 66 53 80 93 45 74 84 43 32 28 72 75 95 39 36 86 42 37 17 28 53 15 75 47 94 0 18 1 
82 28 94 81 90 60 94 25 15 44 33 92 56 89 84 78 55 36 76 0 18 54 4 59 83 78 25 45 14 40 8 51 22 7 27 82 71 10 80 45 39 77 42 65 98 87 46 61 90 43 93 13 62 43 94 74 22 0 31 44 37 33 79 50 14 72 62 1 1 14 93 0 28 3 55 19 51 69 36 43 40 4 52 60 23 78 47 16 63 67 28 87 89 43 27 28 93 71 75 83 
50 18 96 99 86 97 72 81 86 49 71 66 6 43 69 54 28 36 27 21 25 10 46 55 84 67 23 38 56 73 90 71 72 61 86 69 81 15 44 57 15 42 71 94 15 36 12 78 49 93 65 14 88 81 59 7 42 99 37 26 94 24 51 22 58 87 67 67 74 97 76 88 2 56 60 52 24 40 36 90 2 58 99 47 60 8 68 8 61 69 75 92 95 57 93 63 49 68 74 4 
88 68 93 92 16 39 30 20 15 25 50 55 20 1 35 91 14 8 89 94 51 35 18 64 75 85 65 31 28 76 17 49 76 30 72 97 40 99 76 33 70 13 18 47 38 28 14 79 81 7 94 44 36 59 78 89 75 34 75 69 91 51 70 62 80 36 44 67 3 44 32 56 61 6 20 46 8 77 15 99 22 50 7 10 14 63 7 39 34 54 47 26 46 29 50 26 78 58 60 8 
44 82 64 4 90 58 24 71 63 86 88 61 55 65 3 90 31 73 56 83 52 99 25 30 78 78 73 82 6 81 23 67 11 21 81 90 55 3 18 19 73 22 51 4 34 29 84 45 43 44 50 5 89 83 72 8 50 2 59 29 90 35 58 66 36 97 54 45 48 91 77 58 93 53 25 54 35 32 28 22 16 63 49 52 34 61 9 69 2 2 64 88 60 74 73 66 24 19 97 94 
87 89 94 63 52 46 2 96 96 48 8 99 0 20 17 93 39 9 4 92 23 8 15 6 0 92 0 70 26 53 56 53 86 77 17 18 28 67 78 69 19 68 11 32 82 34 18 87 14 46 49 62 76 53 73 20 92 7 55 18 74 37 52 57 56 19 46 80 4 47 81 74 68 95 51 54 99 57 56 19 33 14 20 42 38 2 6 58 78 46 5 32 41 37 69 70 2 95 69 13 
49 50 46 66 29 51 54 33 98 5 70 96 63 32 81 65 59 17 82 35 98 88 7 98 46 23 67 14 87 33 25 56 2 4 78 58 24 39 69 80 3 62 1 19 37 4 15 75 9 96 40 95 82 63 5 16 21 57 38 31 39 77 39 22 19 6 17 21 32 79 0 79 18 45 29 40 9 46 91 87 63 30 90 4 92 10 59 91 75 9 45 21 14 87 27 62 0 82 39 84 
94 2 35 60 92 32 2 42 34 95 33 57 10 47 74 51 83 25 53 2 27 38 89 45 61 3 85 5 90 57 92 31 13 94 13 52 16 72 3 26 57 97 49 51 49 6 9 19 72 80 86 71 9 44 74 82 91 85 69 19 8 91 91 37 85 55 68 30 94 9 58 55 56 53 2 70 92 65 79 42 37 67 15 23 65 87 72 41 44 6 82 43 90 9 90 2 38 63 10 8 
11 24 21 46 34 12 42 97 28 15 72 84 85 22 81 92 16 26 59 18 21 20 50 61 49 65 43 20 25 15 8 74 58 91 53 74 87 68 35 82 23 76 79 30 17 37 77 90 29 91 14 68 53 65 19 63 4 49 79 1 61 27 50 25 7 20 86 40 12 35 6 17 92 72 94 24 95 13 18 97 81 6 86 68 60 95 86 10 27 47 89 17 23 23 75 29 11 85 88 68 
60 39 59 71 24 23 79 65 78 68 39 67 95 93 27 53 31 12 2 9 63 81 11 33 49 84 81 61 29 96 26 37 15 58 25 52 21 14 71 46 82 7 59 35 3 45 93 16 77 66 41 1 35 2 75 0 5 32 78 42 33 56 77 51 90 50 86 7 62 63 69 78 92 79 19 3 53 50 8 8 6 27 57 77 79 62 54 27 55 45 67 27 44 5 50 76 88 25 40 92 
7 55 51 38 79 82 79 84 34 29 67 70 91 74 31 91 12 76 92 18 17 45 36 17 89 79 22 93 9 6 76 37 25 7 23 17 15 66 51 61 13 68 36 66 27 75 91 11 20 94 97 96 77 6 57 15 76 49 12 49 17 65 34 80 31 65 66 40 97 62 3 94 6 88 13 83 6 74 57 78 14 99 85 42 83 82 21 70 57 49 7 42 1 90 42 61 81 46 96 15 
20 81 86 53 2 6 71 70 84 2 29 40 35 3 71 63 37 79 10 2 29 15 58 64 80 85 11 69 84 27 65 9 68 53 41 75 4 4 18 26 10 5 98 52 81 18 12 24 45 48 22 38 99 45 62 32 99 70 11 95 51 23 61 82 62 89 92 11 92 68 29 16 27 75 41 11 87 57 64 76 2 93 10 47 24 72 11 50 1 13 92 5 78 9 11 52 40 49 19 47 
27 77 86 87 8 90 23 17 37 62 87 64 33 98 77 4 30 60 73 13 86 66 27 4 2 63 9 88 13 41 86 47 12 79 71 84 16 7 89 16 92 78 45 60 89 95 85 26 32 73 48 77 86 93 43 42 74 28 85 25 10 57 12 48 27 53 5 70 83 34 10 91 23 45 1 19 54 32 8 36 79 40 39 20 26 79 54 71 54 44 75 13 29 37 70 94 68 13 76 70 
29 28 77 68 15 72 96 26 0 77 16 99 41 55 23 7 61 18 54 54 82 51 85 0 57 1 49 36 4 34 11 64 7 27 29 12 94 29 67 20 68 74 55 19 93 12 44 1 3 59 1 28 75 89 22 87 83 57 26 31 86 60 72 87 96 52 63 62 2 26 55 34 21 87 65 75 23 69 82 48 33 31 29 69 64 62 61 2 81 57 36 14 43 99 93 4 68 76 59 30 
59 29 75 55 20 60 4 87 32 20 21 24 18 44 31 92 54 42 83 60 61 38 26 22 78 59 7 98 60 14 21 42 23 12 42 96 19 54 14 49 98 19 80 58 26 92 50 57 64 29 8 69 27 82 67 71 75 49 54 14 35 1 68 88 4 74 39 93 68 11 61 58 12 92 85 6 18 18 20 62 58 27 52 95 73 26 16 48 98 3 42 15 85 23 42 4 89 19 55 5 
47 89 27 61 39 58 62 79 49 46 23 44 76 37 74 60 93 51 85 13 52 30 82 62 95 11 69 67 7 10 50 84 90 30 49 35 61 73 72 46 3 15 64 85 39 89 0 8 7 24 34 72 24 31 55 35 47 13 66 93 33 17 16 72 3 56 82 71 33 89 82 2 93 83 67 37 78 84 92 44 61 56 15 30 42 76 81 5 20 92 96 5 55 35 52 66 46 38 4 67 

