5 94 31 43 8 37 71 29 65 95 82 46 90 34 75 79 84 81 32 85 81 11 22 41 48 32 71 30 52 99 5 88 43 68 64 37 63 63 32 47 22 92 32 84 91 16 2 40 13 53 72 49 51 49 42 23 44 84 70 43 20 95 84 18 47 59 78 5 18 19 54 35 99 17 49 97 92 7 44 41 24 17 45 27 85 21 25 72 20 83 91 63 73 2 79 16 30 83 76 91 
8 57 35 30 21 1 69 38 32 18 23 75 36 75 7 38 82 87 9 59 21 25 71 71 0 58 39 95 51 56 3 90 30 81 89 39 83 3 31 83 76 9 81 74 84 89 53 91 2 91 88 97 66 7 86 38 13 14 98 7 79 31 35 58 39 75 21 80 97 21 77 63 18 24 14 41 73 93 13 89 65 61 40 73 24 19 44 89 50 38 44 11 29 18 24 44 55 7 87 74 
52 46 85 3 13 55 72 24 25 18 85 57 24 6 66 12 2 22 25 80 85 46 55 4 61 98 17 16 94 61 95 87 79 69 4 14 46 42 22 8 39 92 74 11 22 80 49 17 24 76 12 50 45 38 25 30 11 83 40 37 97 70 77 55 90 52 50 37 60 77 51 21 24 79 20 22 0 92 99 30 90 70 58 68 59 94 35 67 96 54 47 56 67 44 44 57 41 82 47 31 
63 64 68 98 35 70 98 54 56 99 38 96 13 94 88 89 77 78 85 38 75 17 67 85 36 17 1 14 33 15 50 17 55 59 1 80 4 28 54 28 88 67 79 9 48 70 91 94 85 71 99 37 56 18 32 86 65 99 36 18 13 75 20 71 33 98 98 50 44 42 70 24 20 22 54 29 63 52 30 22 59 31 81 69 20 64 74 54 73 52 57 68 70 46 90 92 20 34 58 65 
41 5 99 9 70 94 47 63 39 94 40 70 2 3 26 9 30 94 96 99 12 86 92 72 6 49 58 73 4 69 2 21 65 73 29 76 52 73 61 20 98 15 52 90 14 48 84 42 90 82 7 94 91 27 88 48 68 2 92 93 62 52 7 89 28 2 52 77 73 22 58 88 79 99 39 57 23 4 17 91 20 67 83 2 49 82 47 81 13 22 70 93 73 84 27 13 53 13 95 15 
70 24 12 90 59 61 77 39 54 33 13 57 49 53 4 40 54 42 23 70 79 26 98 68 69 11 78 14 40 92 24 58 42 13 88 26 0 19 10 97 54 37 14 43 84 8 18 87 35 13 88 84 13 28 57 71 87 67 62 84 37 92 5 27 81 0 70 5 69 88 17 43 3 42 11 66 10 68 13 76 46 50 72 34 7 9 95 82 82 31 61 90 69 98 11 2 40 81 93 75 
83 12 52 52 9 15 83 10 26 1 8 30 42 57 86 6 66 50 0 32 10 63 17 5 71 60 13 50 69 4 83 23 33 7 1 53 73 43 63 70 36 7 32 66 68 86 97 56 37 62 92 82 20 74 88 13 23 60 25 36 79 93 82 78 59 50 53 34 27 96 71 15 64 50 45 56 30 73 26 85 48 56 30 47 23 58 50 33 53 49 25 7 39 92 19 11 9 51 36 38 
25 25 11 20 7 62 79 63 99 3 77 1 71 42 43 68 91 58 41 29 62 71 31 72 51 61 10 31 12 19 14 33 89 30 74 2 40 7 70 40 39 74 78 83 55 31 95 40 56 98 8 38 2 5 93 67 10 73 58 90 71 30 18 48 66 91 6 84 84 14 89 66 75 67 72 52 64 95 54 20 83 18 90 4 95 33 3 43 72 50 85 79 38 93 85 31 32 76 5 31 
73 9 9 74 94 83 61 71 32 74 92 51 91 6 80 10 83 98 55 16 54 33 33 30 42 10 55 21 24 29 56 46 49 22 42 91 44 32 95 41 81 76 17 2 69 35 86 49 13 8 44 91 3 75 31 17 54 91 4 51 73 15 63 11 68 75 36 66 70 43 47 74 6 37 4 69 91 23 76 20 82 39 33 96 91 46 27 17 94 70 44 77 8 76 81 43 96 30 7 7 
7 97 73 85 80 29 2 99 3 7 97 64 92 68 59 14 87 32 89 89 91 85 23 73 15 41 92 36 79 9 10 9 55 53 53 66 53 88 27 33 5 40 54 93 97 97 62 58 90 68 73 22 52 39 60 14 13 19 22 90 40 34 66 28 11 50 50 14 91 14 99 38 60 88 40 94 25 35 49 60 88 37 50 23 29 32 76 58 43 0 56 48 80 96 72 77 62 50 17 37 
2 76 9 35 28 33 61 63 15 18 98 75 38 5 49 66 55 32 63 22 47 94 98 23 10 79 22 24 24 92 22 14 4 72 83 3 61 41 13 69 19 51 91 87 19 19 86 99 68 34 49 81 23 55 4 7 90 39 80 97 10 64 25 30 63 36 15 47 7 26 18 88 33 0 45 33 7 79 93 15 27 8 97 68 70 89 49 27 53 92 20 10 95 6 34 80 87 62 74 59 
11 82 6 71 34 71 80 45 38 61 89 78 25 49 77 70 41 51 30 55 13 90 44 42 43 38 80 1 30 84 60 58 9 59 3 75 5 94 56 6 81 29 16 27 40 86 91 4 58 9 64 68 96 49 29 87 54 64 13 33 26 28 80 20 67 48 51 64 78 71 65 61 27 59 32 39 95 13 12 37 0 82 85 86 38 85 87 37 85 32 3 91 83 56 8 43 79 25 42 77 
62 65 70 77 33 11 18 2 86 59 52 98 40 72 13 0 22 46 66 38 55 14 71 68 23 95 90 16 0 18 30 26 43 7 4 15 13 61 74 42 94 48 22 75 49 62 94 43 4 13 18 59 45 90 61 91 80 68 7 90 15 99 46 32 56 27 39 55 82 66 84 62 38 41 76 39 91 84 86 55 24 96 98 31 61 61 68 1 65 69 43 99 67 92 13 23 6 20 47 4 
77 32 19 0 55 60 28 26 90 86 6 50 31 40 95 67 77 5 10 9 67 89 53 39 64 5 4 98 19 46 36 58 32 80 9 9 19 94 39 94 3 33 54 19 84 90 73 14 57 87 85 0 53 48 63 63 38 22 83 34 58 65 53 7 78 51 96 8 24 68 97 21 9 67 86 20 23 20 28 2 59 20 50 33 3 34 31 15 90 84 62 46 36 37 47 92 3 63 77 29 
70 1 2 15 21 53 74 26 65 8 60 87 73 62 81 45 41 3 22 26 39 73 76 91 75 18 70 52 28 18 39 10 35 12 49 69 73 0 45 44 69 25 72 54 15 27 37 8 68 40 36 89 73 26 78 65 42 33 10 44 32 35 20 61 45 55 8 70 35 66 49 27 11 11 74 71 27 6 0 5 63 63 77 51 73 28 9 7 82 68 59 87 23 13 10 2 35 81 17 95 
35 28 16 98 8 37 72 33 83 6 72 89 87 89 85 17 46 9 95 93 85 80 13 19 5 2 54 90 54 6 85 80 27 11 66 90 54 41 15 29 50 85 6 59 74 35 67 18 96 87 48 44 54 22 67 72 75 33 16 61 57 45 88 80 61 18 9 42 92 94 50 98 25 82 10 84 6 15 72 7 88 56 70 52 1 80 58 3 60 86 12 54 84 80 9 80 53 72 68 67 
39 96 99 45 95 53 76 75 75 79 48 96 81 98 79 84 51 3 90 56 81 93 46 49 15 26 98 83 5 11 90 53 61 15 16 57 12 66 51 17 51 69 15 16 63 8 49 49 39 12 35 2 85 62 73 72 43 28 41 22 55 22 40 59 97 19 94 20 24 9 37 2 52 3 93 95 83 30 70 59 13 54 72 34 84 89 6 80 7 96 63 48 66 5 70 90 67 4 29 3 
4 50 52 97 70 19 9 83 52 24 22 5 34 76 47 3 14 50 73 80 56 75 24 74 63 80 88 17 72 71 17 4 55 73 69 38 7 99 92 17 42 97 71 47 68 96 10 18 12 37 90 46 17 9 87 68 65 78 49 61 19 14 62 43 42 79 79 79 85 50 38 96 85 44 68 90 34 89 14 11 37 59 93 98 94 39 86 57 52 50 67 9 97 62 67 31 87 14 64 1 
95 12 83 42 78 2 84 46 57 3 83 5 46 2 69 93 39 71 55 22 0 93 40 94 68 80 73 37 49 11 54 71 10 93 99 31 44 60 76 30 43 14 40 80 21 7 64 31 81 46 3 38 14 20 17 19 14 90 60 84 5 83 3 55 49 65 57 0 0 90 24 35 39 66 19 74 12 63 36 51 59 69 70 70 25 27 70 65 55 54 40 57 33 24 81 65 40 68 71 9 
24 12 92 28 42 67 82 80 23 4 2 98 25 11 36 37 94 26 90 16 89 62 97 64 72 48 12 50 55 2 87 41 94 30 95 46 23 57 98 21 24 52 30 95 8 75 16 88 75 78 23 67 30 40 18 0 86 45 10 34 83 7 22 4 42 61 6 73 66 12 7 34 77 6 7 3 14 31 96 91 50 57 95 51 2 75 61 54 3 61 38 84 51 15 27 96 34 39 14 60 
99 37 17 90 9 49 74 89 98 46 30 5 67 57 59 75 3 91 84 37 48 51 79 36 35 63 64 7 60 14 29 3 31 66 71 79 73 15 60 30 89 52 75 82 60 16 51 24 47 39 52 85 69 91 6 40 88 13 87 13 76 16 47 39 13 40 87 13 48 19 11 78 97 16 95 63 35 92 95 18 57 41 29 60 44 69 75 14 41 35 61 55 60 27 86 76 73 28 79 2 
78 57 27 20 41 36 85 48 52 55 98 88 38 16 18 12 15 57 61 18 70 23 86 56 90 10 80 97 20 96 4 3 0 9 62 89 86 44 47 25 33 63 57 70 0 80 60 13 49 6 66 21 28 7 30 6 38 77 87 95 41 46 49 6 80 3 90 56 43 66 19 8 64 15 57 9 38 50 96 64 43 59 68 98 14 17 33 42 34 87 81 34 64 8 80 55 13 51 5 34 
64 31 6 0 60 31 64 57 53 8 4 21 87 61 72 34 72 15 2 66 8 86 90 17 34 84 55 50 84 77 49 10 49 35 20 31 94 47 66 73 27 35 32 95 68 49 2 17 91 92 83 34 47 65 32 92 38 1 44 81 79 25 59 9 11 34 72 49 37 43 41 90 19 11 34 91 99 71 66 10 70 8 90 25 36 32 74 12 72 59 49 67 9 83 18 66 69 25 48 67 
17 55 47 47 1 17 96 36 22 95 92 54 85 86 8 80 17 43 3 5 48 50 10 46 78 28 68 58 59 26 66 17 62 27 69 93 54 27 44 83 8 2 31 24 97 52 24 91 33 38 28 70 87 2 69 47 91 46 31 65 26 30 15 54 25 59 7 84 73 55 4 71 89 18 16 41 68 61 32 45 17 38 77 52 88 75 72 93 7 43 88 10 25 94 55 63 89 95 81 79 
62 7 72 37 58 93 3 33 81 1 22 18 31 45 98 98 64 29 69 60 18 37 35 90 92 69 82 12 31 31 99 83 6 61 86 68 2 85 68 31 57 93 27 12 2 80 22 97 2 52 78 86 77 66 60 76 72 74 59 32 85 44 88 39 64 55 81 45 37 40 71 43 66 55 47 48 78 12 6 49 2 4 20 29 95 12 30 13 24 99 24 7 89 24 30 96 12 63 96 76 
76 49 27 18 55 72 18 77 44 55 23 89 44 5 54 5 48 45 7 53 16 91 79 50 71 17 23 81 99 56 8 52 22 51 70 80 48 96 79 68 71 79 99 61 53 44 42 55 73 12 65 86 97 2 1 93 49 77 20 59 56 6 65 62 11 8 54 88 14 76 8 88 99 62 46 54 28 7 14 79 1 77 37 15 89 48 33 95 77 78 28 33 55 81 15 81 3 55 20 83 
36 26 51 87 25 38 66 92 49 80 39 96 24 56 39 46 99 77 25 5 67 75 41 20 48 17 77 10 55 84 27 41 38 96 89 77 40 17 77 10 9 81 21 86 30 45 74 28 72 1 59 62 57 71 37 72 68 82 41 41 54 95 57 45 25 96 42 27 68 97 85 13 75 28 68 87 68 20 0 48 70 0 57 63 85 88 49 84 54 8 65 21 77 76 8 23 12 8 65 61 
90 21 16 53 63 35 88 24 13 77 59 35 96 86 41 27 14 61 29 57 27 27 78 22 67 63 33 72 27 7 52 94 48 81 14 81 98 52 96 84 74 24 80 92 34 35 71 67 33 6 49 66 85 71 79 9 24 72 40 68 39 4 29 35 53 21 13 61 51 26 9 73 82 21 47 64 45 59 45 51 97 91 0 96 70 5 2 34 48 4 21 22 67 41 61 79 98 65 32 98 
2 69 79 23 97 76 95 35 32 99 30 38 86 64 28 2 6 55 85 76 64 73 20 91 71 61 84 15 17 53 6 68 79 92 30 59 11 78 14 28 48 93 93 45 8 57 31 17 88 50 38 36 23 76 4 2 91 68 34 55 97 73 60 54 87 9 54 93 73 65 78 43 87 51 43 11 36 82 94 76 60 83 35 74 77 62 58 60 44 70 86 66 90 97 42 85 41 27 14 64 
30 59 84 53 55 75 20 69 33 71 53 28 46 48 93 37 67 25 86 4 93 71 85 76 9 46 12 56 70 23 75 33 90 62 44 6 72 39 72 38 28 33 99 57 46 3 27 33 64 43 16 87 11 75 43 2 61 22 57 76 13 3 73 83 86 28 30 21 64 9 10 67 7 62 78 90 37 71 59 27 36 42 56 1 17 50 12 52 15 42 78 25 18 40 80 27 17 91 26 59 
9 59 91 55 20 35 52 96 43 7 79 7 76 0 37 9 7 33 12 89 1 43 68 90 17 42 4 96 39 1 75 24 90 52 0 99 47 77 70 46 30 69 12 16 39 40 12 52 89 90 31 70 45 71 69 99 83 45 56 15 40 25 38 91 40 92 63 15 90 26 4 25 80 8 22 59 9 70 85 73 52 54 96 75 67 60 77 89 99 86 18 0 69 75 95 8 66 75 40 10 
87 76 10 89 48 12 9 95 67 9 12 61 23 58 4 39 81 88 42 36 29 35 8 86 34 51 14 68 88 33 97 85 98 62 95 33 71 33 8 41 15 67 37 11 14 64 87 90 97 21 34 87 50 26 79 37 37 65 47 35 38 98 0 27 13 71 93 93 28 87 25 72 60 63 24 56 78 38 81 13 18 38 75 71 77 25 55 75 80 45 1 12 93 30 55 85 86 9 82 50 
11 26 70 53 27 97 88 40 14 38 58 84 13 63 75 16 10 34 63 41 22 67 69 48 72 93 0 95 60 27 67 20 56 30 52 8 10 26 66 10 98 30 25 66 73 8 26 29 58 48 69 38 51 59 31 94 44 79 79 52 80 25 35 30 80 16 23 80 92 12 82 91 87 37 63 20 22 64 14 54 8 67 3 24 52 29 55 11 51 48 6 40 81 87 28 13 74 94 66 42 
57 40 44 46 11 87 52 89 9 42 6 80 24 86 70 79 68 1 57 67 16 61 63 68 59 13 8 40 42 45 3 21 78 10 47 48 85 68 44 46 44 63 57 67 82 99 42 12 40 16 76 69 72 4 4 72 74 15 24 96 33 14 24 34 94 3 41 72 62 39 59 87 37 32 40 14 7 69 62 19 34 28 6 33 65 71 19 39 47 57 76 33 42 11 90 92 1 13 28 75 
44 90 88 63 88 37 51 66 62 88 44 87 80 43 25 49 50 80 97 86 25 88 84 14 73 78 33 92 60 54 97 80 10 9 93 50 92 50 70 70 60 48 34 29 2 11 30 46 63 21 37 16 20 66 92 8 11 89 20 94 26 20 20 56 85 14 4 49 41 55 64 51 88 41 53 12 18 38 40 63 16 80 37 26 37 68 23 58 15 86 21 9 15 89 28 43 67 26 86 84 
19 89 22 37 14 56 57 29 42 6 93 10 2 11 31 68 75 23 95 16 93 8 42 77 4 51 35 56 74 97 79 70 75 34 17 67 50 47 34 31 50 85 47 39 89 29 92 85 95 69 70 40 30 26 60 60 32 84 7 52 62 43 86 80 16 24 7 85 21 3 15 59 8 54 11 43 55 18 60 45 19 0 5 60 21 46 55 75 99 75 33 26 34 49 20 42 46 73 72 44 
94 13 97 9 18 13 85 89 62 62 47 42 65 18 39 84 6 35 11 1 2 32 53 15 70 61 58 10 30 79 82 4 81 27 49 72 71 42 17 51 45 41 1 53 12 17 30 57 37 29 11 71 96 43 59 62 30 29 18 95 27 89 19 32 43 63 73 24 88 36 47 42 53 35 5 89 33 64 92 35 47 64 13 76 33 44 34 88 19 63 16 31 25 62 25 33 79 39 77 39 
84 10 94 53 45 24 80 43 31 78 90 9 75 4 75 66 25 23 76 17 52 45 10 11 40 80 90 59 5 37 7 7 3 89 3 9 93 20 18 38 34 97 44 83 42 50 26 77 49 80 71 48 21 18 90 50 81 66 26 29 14 40 73 80 17 14 38 17 45 99 43 16 35 4 26 99 79 32 98 43 72 99 60 53 66 57 54 21 23 96 35 39 9 59 60 35 59 13 47 19 
98 37 87 81 53 67 91 7 62 79 58 13 59 48 34 81 36 40 64 55 31 30 32 26 38 44 88 35 24 94 34 99 87 11 49 59 68 66 89 63 11 55 12 2 68 76 7 88 26 42 89 41 0 72 56 70 94 70 13 37 0 78 18 82 64 59 99 31 24 1 82 32 27 21 34 7 53 45 9 34 9 67 32 54 54 46 32 18 15 17 95 57 8 71 13 68 58 91 75 39 
90 84 87 85 53 35 1 59 62 36 94 21 68 23 71 67 9 57 4 31 20 93 61 62 23 94 9 28 76 41 54 15 65 12 44 67 77 27 61 4 5 46 32 60 99 14 12 4 46 23 4 40 66 74 81 17 89 52 23 43 34 51 47 79 9 95 8 66 0 20 98 82 20 18 83 1 10 44 72 16 40 81 79 86 95 68 85 5 39 96 23 68 97 87 72 10 79 94 25 41 
33 1 99 26 75 43 57 1 86 49 67 44 24 84 70 16 22 47 82 3 72 93 64 96 4 55 11 44 54 86 57 25 64 32 53 88 60 35 53 27 90 98 17 51 96 98 34 84 11 20 11 10 44 29 87 62 75 54 21 74 83 61 89 93 97 64 88 83 1 49 86 15 31 57 45 62 50 4 13 51 35 53 86 19 76 67 85 11 7 84 26 20 68 61 89 62 77 53 32 44 
13 92 97 47 59 59 45 88 69 71 35 19 45 19 53 42 83 23 40 59 42 77 54 89 11 40 49 20 27 83 21 66 9 22 74 8 8 37 11 34 38 10 18 0 37 55 97 86 5 28 84 61 35 33 69 78 75 40 76 62 84 42 55 34 96 74 61 29 54 21 44 92 64 84 32 41 88 59 6 80 82 28 7 17 15 80 6 78 17 12 36 60 27 46 5 20 74 72 21 8 
15 41 12 81 19 7 67 35 49 69 4 43 79 50 79 65 60 14 34 2 88 28 75 59 80 11 16 23 7 16 71 53 25 91 54 10 36 6 97 46 16 80 50 20 23 7 62 83 57 99 61 21 0 71 62 43 15 53 0 99 52 26 15 17 28 69 80 78 74 89 82 12 34 59 10 10 3 57 66 59 38 27 31 28 98 43 20 39 13 88 37 61 96 71 41 88 10 98 32 74 
57 16 8 80 54 4 14 6 34 41 60 18 16 90 24 11 80 95 91 12 33 60 46 81 20 29 93 97 73 6 95 13 33 95 42 4 76 10 35 23 96 19 95 95 78 49 87 9 81 59 69 69 80 50 81 18 30 37 99 81 28 49 85 32 83 50 71 9 45 5 77 2 93 95 77 99 25 26 10 91 58 15 3 91 68 68 68 57 0 39 74 19 64 51 90 26 78 17 4 30 
11 85 52 7 94 26 32 46 35 79 47 80 33 96 61 34 59 60 0 41 26 68 87 32 16 68 33 48 87 88 69 44 13 74 35 57 94 82 37 91 66 94 91 57 85 44 63 25 57 64 9 3 35 34 94 44 28 56 44 74 73 31 46 98 56 0 11 97 85 85 92 63 17 61 69 93 94 88 17 0 12 26 95 99 15 67 3 22 56 67 85 71 92 99 2 17 66 51 32 62 
84 1 13 69 69 98 83 17 29 41 82 5 54 85 93 76 14 42 42 42 73 21 57 64 96 26 58 96 10 19 54 13 6 84 7 18 13 59 31 16 25 25 8 21 22 12 44 75 44 50 90 85 22 70 95 0 34 66 55 9 32 93 1 33 91 33 96 29 17 27 22 67 42 85 93 75 33 81 61 87 46 69 17 7 96 30 41 52 13 13 19 97 57 27 0 95 44 96 26 95 
30 54 28 38 37 10 58 97 50 95 53 0 52 54 77 3 97 54 37 15 37 53 62 82 20 6 17 99 27 72 94 16 75 20 61 52 93 7 74 27 13 90 39 92 88 13 75 78 39 52 96 10 39 80 86 88 65 87 86 64 35 43 16 67 24 41 69 58 22 31 3 46 75 2 70 61 16 98 6 76 50 10 34 81 41 44 41 50 53 16 44 71 21 4 95 93 57 97 35 63 
65 52 55 6 98 31 1 67 83 81 84 48 32 70 3 63 2 72 69 9 51 47 67 23 67 99 57 85 3 68 48 96 57 57 99 2 92 77 93 91 38 14 75 18 35 14 59 80 67 8 60 12 7 94 62 13 84 24 76 4 97 98 96 13 94 82 51 2 45 40 6 5 19 33 64 87 18 85 93 50 50 44 26 48 82 7 78 60 77 20 49 53 56 63 75 89 1 43 19 84 
52 16 40 72 33 22 27 63 54 26 66 10 22 23 69 13 43 33 32 5 44 13 92 9 74 75 81 60 64 7 58 93 57 38 63 13 41 81 20 57 58 79 47 59 16 71 4 78 74 16 10 79 83 44 41 24 57 43 45 19 98 25 50 92 48 64 78 71 69 58 91 26 26 87 65 19 95 60 2 52 68 4 1 7 50 69 51 89 21 37 4 50 44 26 57 7 90 91 94 83 
4 18 3 97 63 90 95 66 79 80 24 86 96 5 64 37 59 61 31 36 29 67 66 92 8 91 64 10 26 80 23 40 26 7 77 7 19 24 76 37 88 0 46 73 74 31 97 36 92 6 9 70 21 35 71 10 53 16 43 50 80 90 77 91 48 87 17 31 93 65 87 60 3 8 32 12 30 90 30 1 89 42 69 7 13 83 67 91 39 45 49 43 17 44 76 43 73 36 15 86 
22 13 73 82 95 8 65 76 37 22 32 51 52 87 43 66 69 77 34 16 23 7 64 16 16 0 3 61 33 48 15 0 60 72 86 12 68 85 51 12 78 35 43 95 11 11 87 76 30 87 91 21 20 8 46 38 33 49 52 33 25 98 48 0 2 79 78 49 19 37 12 73 81 1 71 33 58 97 8 5 16 16 27 65 42 42 16 16 37 10 13 70 68 77 99 27 24 64 40 82 
39 82 93 91 55 25 59 55 11 9 67 28 89 28 66 32 94 83 42 99 70 5 51 9 46 27 4 28 79 96 98 54 16 50 21 97 51 41 56 44 20 62 12 29 59 91 36 32 43 53 80 75 95 21 65 9 39 3 23 56 30 40 14 6 63 91 82 36 98 54 14 70 60 54 75 33 13 1 0 94 85 90 41 43 77 42 57 55 88 77 64 70 21 26 89 30 59 0 10 91 
70 65 53 98 36 32 44 36 16 22 28 77 77 16 87 3 30 20 1 87 92 1 91 7 5 84 23 77 72 88 63 55 21 41 97 11 47 24 26 45 74 18 22 59 38 34 32 36 13 71 70 4 84 47 19 75 81 77 55 55 3 17 47 23 14 81 74 22 17 38 46 37 14 49 91 44 80 28 81 26 30 43 12 94 51 99 53 57 93 64 63 65 11 30 27 68 26 83 11 98 
38 70 52 99 65 43 43 29 80 2 21 32 94 53 7 38 81 57 49 9 30 7 57 63 20 19 82 70 76 46 45 64 91 29 76 60 5 92 58 29 4 36 62 87 32 11 75 40 54 6 83 97 23 65 18 97 78 24 82 48 64 30 44 36 55 69 70 52 57 57 87 90 19 30 62 30 49 30 35 27 47 8 82 22 84 94 30 1 66 37 49 31 99 98 48 53 70 31 5 50 
53 92 83 41 50 32 74 78 91 91 12 84 95 80 64 99 37 18 16 42 55 30 56 18 68 12 1 11 37 40 43 70 6 55 34 77 83 6 62 51 88 0 34 87 30 19 95 46 15 61 66 2 14 24 67 86 71 31 78 67 83 30 94 2 39 68 0 75 1 96 82 44 12 3 33 67 13 3 0 55 97 43 74 26 37 89 26 82 20 79 32 97 68 91 23 75 20 85 9 10 
48 66 42 93 45 38 9 16 31 26 51 95 8 84 37 13 18 10 68 31 72 49 16 4 9 89 13 28 62 93 29 8 61 93 33 44 49 83 29 15 0 30 43 74 15 72 55 87 41 92 15 28 58 63 79 81 53 10 6 70 56 43 91 89 7 67 73 10 32 41 39 0 65 45 26 71 98 91 32 66 53 81 73 14 91 10 20 44 8 21 56 56 70 53 36 98 46 66 24 86 
8 52 77 2 65 42 66 11 49 58 76 84 62 78 35 97 29 78 62 32 79 37 8 76 20 74 72 3 3 44 43 34 75 51 92 38 32 13 16 21 5 23 26 73 72 0 80 32 38 56 72 13 29 24 94 30 63 22 43 27 61 43 1 30 8 44 99 87 62 29 52 74 13 67 31 54 15 42 42 44 34 58 83 72 82 61 98 28 3 77 96 19 64 18 92 51 92 98 84 14 
80 80 34 45 65 39 39 2 16 51 75 32 39 74 35 93 63 12 88 47 54 87 17 18 21 4 94 53 21 81 37 78 38 69 73 55 66 17 70 54 31 57 17 73 91 50 32 7 50 89 87 45 10 64 24 89 31 91 40 63 42 26 83 28 78 16 39 59 31 15 80 34 6 3 58 78 70 40 85 79 89 84 40 50 42 20 10 51 94 46 50 81 4 31 18 68 78 90 14 27 
52 76 24 25 55 81 47 72 34 55 44 56 20 9 44 34 98 31 99 49 98 53 28 85 73 61 6 97 73 41 75 96 38 76 35 0 81 35 47 51 21 42 23 83 6 21 12 3 75 42 90 19 32 12 33 56 92 12 15 32 27 34 45 48 68 58 9 90 53 89 12 50 78 51 75 92 11 94 15 44 76 27 49 52 43 39 43 21 81 49 84 20 65 85 6 71 38 32 46 48 
66 83 44 14 2 57 56 70 23 17 76 83 85 91 78 33 72 66 56 74 41 30 54 62 74 95 20 92 20 1 54 54 40 5 36 26 60 72 93 33 27 99 2 49 99 79 50 33 58 37 57 87 47 85 70 49 70 38 9 16 67 41 36 43 95 95 32 47 72 40 16 50 2 58 22 17 89 57 73 53 97 84 50 41 55 36 9 98 62 48 75 51 6 88 74 7 44 37 96 40 
62 1 23 85 56 32 84 0 39 67 63 44 85 52 58 20 98 45 26 17 21 67 10 48 46 46 78 0 94 72 79 46 71 31 15 89 90 71 24 85 82 44 63 55 75 99 27 51 55 66 40 69 47 89 28 63 69 20 33 91 81 46 51 80 50 3 32 71 67 13 29 1 89 23 31 21 18 2 51 3 82 57 6 74 1 56 92 98 10 8 26 15 2 29 70 27 28 55 50 31 
79 73 72 15 48 6 17 4 58 54 51 15 48 73 53 46 38 94 85 22 38 79 47 93 48 35 77 19 43 24 76 92 47 82 18 72 88 92 14 17 0 93 27 36 96 34 9 86 42 42 44 50 43 65 22 72 39 66 3 87 49 51 64 70 17 58 77 20 52 81 18 38 47 45 3 57 18 60 74 57 58 56 29 67 56 67 81 22 92 32 66 44 42 66 60 38 0 64 49 82 
92 5 24 99 59 13 54 39 50 3 51 72 61 8 16 36 17 79 54 35 14 99 0 5 28 75 21 56 65 12 92 58 40 92 34 55 61 84 46 22 73 79 45 42 83 18 32 23 15 35 13 64 9 78 63 63 61 76 2 79 46 62 40 86 73 74 86 55 4 96 57 13 10 40 65 97 88 90 98 4 17 94 96 85 46 97 93 13 73 3 33 16 2 94 59 11 46 43 21 67 
0 0 92 1 34 34 57 93 69 8 15 96 63 83 77 97 16 64 23 28 70 87 8 2 90 0 23 20 24 95 79 18 93 64 38 9 55 9 1 12 77 72 4 55 9 32 2 21 43 6 0 56 42 91 29 30 56 57 69 39 17 23 43 96 84 72 73 38 3 78 19 87 93 34 44 12 24 64 53 40 75 97 26 16 52 13 66 80 82 51 12 36 83 17 63 42 4 88 23 27 
14 19 61 17 91 59 62 4 52 3 15 91 25 61 55 33 45 80 55 27 40 59 94 20 54 2 89 56 14 28 70 25 71 45 21 15 9 25 41 10 79 9 39 2 0 4 96 78 8 20 78 99 97 70 73 39 8 35 14 29 65 88 80 20 66 33 93 28 47 66 50 83 43 34 87 92 1 79 9 24 73 25 41 54 49 86 94 16 3 70 94 42 41 81 9 7 7 57 74 86 
95 24 9 83 87 70 17 5 22 90 10 54 20 55 66 65 52 97 21 16 39 29 93 98 50 1 99 54 74 27 63 13 43 29 62 77 4 1 94 6 89 57 30 57 70 2 67 39 59 1 74 6 62 99 74 62 33 93 8 75 0 82 66 90 75 23 69 37 92 47 18 55 22 49 59 32 90 86 1 97 84 20 56 35 98 95 43 18 53 82 86 83 21 29 89 89 65 68 77 80 
69 60 25 99 99 80 3 16 93 0 91 62 2 84 93 18 15 7 34 77 74 42 63 5 55 6 41 37 87 35 88 30 23 93 22 43 30 20 87 53 1 94 3 36 14 11 27 16 59 82 92 7 85 67 28 39 32 52 70 55 8 15 56 46 92 24 19 51 51 15 26 30 16 25 63 51 54 0 23 97 24 68 25 66 1 59 52 25 59 67 24 18 25 82 54 69 23 38 62 42 
60 63 54 4 54 78 76 32 13 95 65 32 13 49 16 35 70 76 97 8 89 55 90 95 93 91 9 6 9 16 32 60 51 11 21 78 69 3 78 55 12 96 56 38 7 5 14 89 65 21 73 76 85 48 90 10 96 46 35 78 19 5 17 6 12 18 1 25 99 18 9 91 34 11 54 34 32 80 76 22 21 81 81 24 87 82 82 78 82 31 66 9 70 80 4 8 89 66 52 92 
24 6 13 1 55 36 33 85 95 86 56 22 34 90 73 52 51 21 63 3 24 50 19 98 90 23 87 45 28 78 55 36 70 14 5 36 79 47 58 58 41 35 83 34 28 35 21 38 74 98 29 50 25 20 70 54 81 41 92 26 68 98 5 53 7 24 66 37 43 68 77 34 0 36 84 94 24 80 48 95 99 39 83 7 18 7 11 88 29 77 84 14 10 50 24 78 18 15 84 36 
38 76 26 92 11 63 29 25 69 9 36 18 78 9 99 49 57 92 86 57 93 41 67 30 80 6 82 56 28 99 15 24 89 57 60 29 58 57 52 79 40 18 47 1 80 69 79 45 0 8 94 20 14 4 9 86 37 58 36 38 76 20 19 45 46 20 56 73 34 59 26 98 72 23 66 48 80 13 72 54 27 33 20 82 43 6 85 17 62 75 98 17 78 54 23 41 87 18 42 99 
82 7 27 43 65 85 97 8 34 67 90 61 81 96 4 86 40 51 40 83 5 11 32 56 94 9 60 37 56 53 34 88 50 71 67 37 11 14 99 65 43 53 84 70 65 10 38 81 81 11 55 69 5 35 89 64 33 61 34 52 19 79 64 91 3 22 61 26 99 39 14 46 50 65 8 12 82 34 98 27 83 23 43 47 30 0 39 52 42 82 49 64 6 63 56 37 48 27 94 78 
80 37 40 52 79 58 52 44 89 43 15 19 77 85 63 16 45 4 72 45 18 12 81 69 76 56 81 30 37 56 23 22 30 30 94 22 31 19 41 9 12 63 42 66 72 66 2 33 9 32 65 35 99 88 6 96 82 56 36 77 2 8 38 42 22 28 44 9 17 38 7 43 67 1 15 79 86 67 51 41 74 49 81 25 7 80 39 88 39 46 1 62 16 83 99 77 91 85 50 32 
97 98 82 40 64 45 58 11 17 50 43 81 89 34 38 24 70 26 33 55 23 90 44 10 34 45 72 28 65 7 51 88 71 87 1 18 45 67 47 25 41 48 74 77 29 50 2 83 62 56 40 90 71 32 49 17 89 90 91 50 1 49 45 49 88 89 38 17 77 55 14 54 12 58 16 80 34 11 99 59 37 76 52 79 13 68 91 22 88 82 26 24 50 47 14 58 71 52 67 2 
57 77 74 74 28 75 73 35 1 44 35 83 91 80 28 2 80 42 31 38 19 49 51 85 60 52 95 68 25 93 1 97 75 53 64 68 69 26 20 5 24 25 75 28 66 70 66 91 25 14 13 84 82 83 42 30 71 66 39 70 97 58 20 13 53 83 40 24 85 37 2 15 26 78 30 6 84 9 32 4 98 24 37 53 22 81 13 11 20 72 60 65 79 96 11 23 35 83 46 76 
14 35 35 12 24 47 74 4 8 93 31 92 10 33 23 49 26 97 15 35 38 2 48 24 43 83 28 18 32 54 73 93 63 12 3 65 96 20 57 83 51 82 67 93 69 79 42 43 30 24 31 3 18 4 89 32 38 68 29 51 80 74 43 22 93 56 26 5 81 69 56 42 32 40 15 72 40 83 88 19 43 51 86 38 79 43 81 41 91 57 7 65 43 40 86 13 99 23 64 17 
47 50 31 58 19 91 25 48 22 50 71 34 24 0 72 89 69 29 12 46 6 96 62 25 50 33 59 26 65 37 8 77 59 67 98 14 20 95 43 33 35 34 56 16 73 93 85 27 0 91 24 83 36 24 57 54 20 11 38 30 11 82 91 52 72 5 88 31 60 76 54 97 68 37 94 4 3 81 88 81 77 73 75 66 72 48 34 69 69 20 82 33 74 78 77 67 39 66 91 8 
6 90 82 66 32 78 59 43 73 51 86 3 31 68 15 40 90 10 63 6 78 19 41 14 69 45 74 1 6 0 45 82 3 93 83 88 3 88 73 17 83 21 84 4 58 50 10 68 6 45 21 60 81 47 81 97 84 0 49 63 83 5 11 97 42 6 20 72 18 85 13 53 82 74 19 52 47 45 45 11 85 93 88 84 49 30 91 80 24 57 52 80 74 99 68 40 55 83 90 82 
40 0 11 83 61 26 74 36 49 56 95 12 98 90 48 21 75 7 43 29 36 34 89 73 9 44 18 4 58 9 30 41 61 13 51 48 24 57 28 76 8 74 18 49 66 36 53 40 17 66 65 24 80 9 81 86 14 54 79 20 76 37 74 93 37 20 69 64 51 83 64 39 33 69 60 42 52 67 90 97 26 43 36 50 93 32 44 86 44 24 89 65 8 82 30 76 17 33 88 50 
71 48 3 26 59 60 22 53 64 15 20 7 15 58 58 98 90 77 1 34 48 98 42 86 6 27 76 83 44 12 85 71 87 64 37 57 46 51 88 83 54 80 71 42 59 15 81 69 31 26 46 9 37 36 83 4 58 54 26 33 91 1 57 62 16 75 58 75 22 89 30 75 55 58 75 67 58 62 14 35 89 54 37 88 15 45 75 51 37 78 29 32 88 24 17 0 16 58 30 48 
72 12 39 10 10 81 67 34 12 0 49 43 79 36 7 66 19 87 40 94 59 42 37 48 66 58 4 69 29 19 84 37 11 68 29 83 40 78 85 22 46 43 29 82 29 82 24 64 39 66 48 46 14 28 10 2 46 89 73 96 71 67 26 58 80 19 62 20 75 75 3 32 47 24 55 79 12 63 27 61 1 4 56 22 44 79 4 10 82 90 31 10 36 43 94 18 18 14 91 61 
61 34 98 24 95 88 80 39 46 19 22 26 57 6 76 83 28 71 82 39 49 18 75 86 98 17 97 14 89 81 20 51 54 13 86 77 3 65 74 38 94 22 87 19 18 60 72 60 63 80 10 22 23 7 53 36 9 27 46 1 85 32 72 78 52 38 83 35 6 65 30 23 61 8 35 23 92 34 27 94 87 79 58 74 73 11 65 82 31 44 59 60 31 28 93 33 33 32 76 27 
4 82 23 22 33 82 18 47 15 13 47 64 50 42 95 72 62 97 34 86 38 67 18 91 74 43 45 85 88 50 54 9 26 26 55 64 41 10 88 54 16 31 54 59 16 74 32 83 82 80 34 80 18 34 80 89 26 71 77 73 18 50 45 92 59 20 40 25 25 93 69 33 22 6 25 7 24 15 79 32 85 30 91 77 65 44 37 39 92 50 29 82 2 51 13 45 55 72 83 48 
74 32 52 63 85 32 55 43 26 66 18 99 20 26 54 93 89 29 49 80 75 6 21 99 64 5 22 95 90 38 76 54 15 89 2 17 22 95 30 76 50 97 34 23 62 64 22 15 45 21 48 12 35 41 64 21 73 32 76 27 9 21 95 71 60 66 83 87 72 54 16 57 73 10 79 32 16 60 17 11 62 16 65 25 97 45 20 20 75 16 46 80 75 11 35 34 62 89 67 24 
43 88 39 11 14 3 45 48 81 6 78 87 50 10 41 65 11 53 39 71 96 5 41 87 21 44 81 83 20 88 90 36 31 59 73 33 1 78 60 12 49 14 96 84 0 31 48 36 92 85 54 95 72 51 9 72 70 70 38 3 78 57 27 25 33 78 79 32 46 66 51 95 76 76 88 93 73 75 30 99 81 41 56 83 18 98 62 78 42 90 92 18 57 58 91 44 36 69 40 20 
2 30 55 87 47 68 50 72 83 99 67 74 80 37 87 68 94 31 20 78 49 20 19 23 56 82 98 76 25 72 58 48 1 68 40 36 37 14 69 89 53 29 74 0 20 73 41 57 36 24 2 31 68 60 17 23 55 85 64 59 43 79 87 45 17 39 46 51 23 55 51 53 47 22 73 13 62 29 0 31 61 91 1 90 70 59 32 97 74 27 77 53 98 94 36 78 8 39 49 60 
67 45 54 12 78 3 50 71 56 37 98 78 28 42 45 30 51 43 69 98 50 28 28 11 22 42 65 24 73 28 60 50 3 22 23 21 37 90 34 51 21 41 55 93 45 19 98 84 40 94 48 85 94 44 79 77 48 21 22 62 89 30 64 34 19 72 58 13 24 41 52 96 66 37 81 80 93 96 60 44 24 38 45 59 31 95 24 50 31 88 74 85 78 37 77 47 1 65 75 23 
20 75 70 64 61 2 66 48 67 15 34 53 19 21 20 60 60 33 0 55 24 76 75 88 75 6 91 82 63 19 13 64 80 43 90 43 41 94 28 49 7 83 93 19 2 66 20 71 97 78 42 39 41 35 99 44 57 91 94 22 13 0 30 19 76 63 49 78 98 23 65 7 98 67 50 4 12 80 15 81 98 47 24 43 56 66 39 97 50 81 49 8 53 91 68 17 52 86 91 69 
25 11 30 52 2 77 14 25 17 57 91 85 68 22 88 94 41 50 6 98 53 29 22 72 49 24 60 90 37 60 24 39 69 0 62 59 94 12 4 29 46 68 89 88 86 85 47 81 26 18 70 8 14 21 11 33 92 79 90 77 98 1 32 5 78 45 23 74 91 76 39 13 54 1 68 65 80 50 17 80 37 49 49 26 58 75 89 40 39 52 25 27 20 89 30 6 25 13 23 17 
91 1 6 36 93 60 10 37 87 99 50 26 29 5 49 61 52 41 96 28 69 87 91 95 26 68 7 71 76 94 95 50 69 23 98 48 43 97 13 96 54 6 70 43 19 97 28 60 12 69 43 90 94 12 98 78 88 18 51 23 66 23 27 6 45 38 79 85 13 16 98 5 9 21 0 16 82 53 31 12 31 73 76 45 18 71 7 43 22 83 26 71 48 84 55 95 84 79 45 13 
70 65 5 73 57 83 70 17 90 13 57 13 43 35 45 2 42 88 2 3 57 40 92 51 44 9 38 1 61 8 0 17 78 12 58 47 80 36 42 78 11 1 60 66 67 66 3 92 93 71 51 73 96 27 16 22 33 82 54 48 65 22 79 76 98 74 37 16 9 87 20 49 42 93 42 48 60 14 42 72 95 45 77 14 91 22 35 69 28 67 69 99 26 82 91 23 81 77 73 39 
13 78 42 81 2 9 96 78 28 19 17 22 33 44 89 90 3 63 22 95 95 44 0 90 90 14 48 53 12 7 87 21 78 80 47 72 12 89 66 13 54 61 94 13 18 94 83 8 39 88 50 1 68 41 51 70 45 44 30 48 29 54 83 37 67 65 14 83 83 85 48 20 99 80 71 6 90 61 39 13 51 3 2 6 75 39 13 91 57 98 21 12 42 32 85 72 53 38 56 97 
23 34 61 72 33 84 49 20 86 67 25 60 0 10 57 59 35 96 64 12 72 98 8 46 15 67 5 50 86 65 89 90 68 86 75 48 11 81 68 64 69 78 97 78 29 44 34 28 32 21 66 2 46 3 81 70 6 37 74 34 32 51 1 92 15 11 80 37 58 76 36 5 63 80 62 34 22 40 22 72 78 75 36 0 45 65 66 63 9 97 9 33 67 60 15 92 55 55 53 67 
16 71 64 68 21 36 13 5 44 32 13 75 78 28 46 23 51 40 92 26 71 54 82 58 6 29 25 5 8 52 57 73 36 39 33 33 26 62 98 75 70 19 67 14 99 74 84 26 87 11 94 54 73 66 49 30 17 20 25 97 23 48 42 0 82 81 96 39 86 22 53 99 20 33 48 53 37 48 93 6 22 68 74 64 86 4 22 8 8 31 48 32 43 41 42 95 27 99 70 83 
37 28 94 10 58 2 91 15 16 5 3 67 34 58 2 64 46 88 29 29 32 92 30 59 4 42 51 51 58 95 50 48 48 76 64 11 29 90 33 13 21 83 28 52 18 34 23 85 81 54 53 1 24 33 10 22 74 11 39 31 71 32 27 15 10 10 88 51 20 25 14 51 32 65 73 82 75 10 49 83 52 22 99 39 24 81 30 20 46 92 71 76 11 9 32 83 12 54 14 13 
96 36 78 24 55 87 57 80 87 99 60 71 42 57 55 35 88 27 68 42 75 76 62 30 97 24 30 45 5 52 6 26 35 45 5 16 96 65 90 47 81 49 76 53 68 77 65 50 85 1 73 35 46 41 14 80 93 40 61 48 33 28 84 58 27 81 10 4 50 31 34 22 25 73 16 24 68 47 56 92 91 90 29 4 2 7 13 55 43 85 61 33 68 23 19 16 4 33 14 56 
46 33 3 22 72 81 73 33 48 48 46 73 60 54 24 77 83 48 36 86 36 19 42 64 79 23 73 48 44 23 73 91 66 35 31 67 13 51 7 59 40 42 1 7 30 13 81 41 25 17 11 86 71 70 15 60 93 33 88 11 73 9 79 94 96 49 6 84 88 25 50 99 2 11 10 93 44 91 61 36 89 18 18 66 25 62 30 2 70 42 29 37 91 77 28 36 12 72 70 77 
46 77 2 77 92 45 49 61 94 72 96 0 34 39 56 19 89 87 5 89 27 17 15 61 8 13 52 78 85 10 49 91 50 49 98 8 90 58 45 88 81 44 18 86 12 13 47 8 27 1 61 50 79 9 52 28 86 4 86 8 15 93 57 42 4 79 48 29 6 40 80 53 52 60 99 12 36 90 65 70 87 60 25 32 98 20 62 58 92 33 67 1 62 59 28 21 61 74 26 35 
82 1 88 80 32 34 11 82 81 72 3 85 26 85 23 44 56 97 58 10 39 50 71 58 51 2 47 93 84 70 81 46 50 96 22 99 55 51 29 28 51 37 40 36 43 62 21 18 50 40 68 48 22 6 42 6 97 92 21 66 45 3 92 40 4 33 90 79 39 60 34 33 79 19 10 84 54 45 20 41 8 60 12 49 41 81 95 58 12 87 76 51 96 9 81 15 70 32 20 31 
76 7 42 9 88 29 31 96 16 84 24 94 80 23 58 93 13 55 48 53 4 22 26 68 70 20 70 31 99 97 23 41 0 6 37 25 34 62 45 45 64 97 73 12 52 40 29 35 28 8 19 56 10 84 36 46 6 40 85 1 36 48 1 33 29 67 43 73 66 32 74 14 46 98 78 88 67 4 3 4 28 84 1 54 58 43 90 21 93 97 20 33 55 21 72 40 23 4 51 68 
95 62 67 24 55 5 53 41 61 25 42 3 29 96 86 24 38 50 96 68 93 91 39 54 94 64 77 2 52 60 90 83 25 96 19 71 26 97 80 80 3 60 62 9 54 82 38 2 4 69 77 68 84 19 80 21 49 13 8 34 2 75 24 49 92 58 84 26 43 54 80 36 88 85 33 74 79 55 56 47 71 52 47 81 86 75 13 41 79 49 76 89 0 93 21 87 89 88 0 98 

