0 21 76 36 52 53 8 37 67 71 79 88 50 84 26 58 47 24 16 31 66 86 80 0 84 49 44 5 20 32 17 93 24 64 8 64 57 52 68 81 5 69 21 36 60 83 44 57 76 92 56 9 58 24 96 72 86 13 54 88 2 48 60 30 77 59 41 2 85 36 50 16 76 98 53 88 91 30 57 25 12 21 88 53 97 52 6 79 36 24 50 87 12 80 38 43 22 87 26 22 
21 90 61 5 11 49 60 55 91 65 35 13 18 39 17 74 91 26 29 53 22 75 82 45 17 60 12 40 60 97 85 51 35 46 67 85 90 16 58 78 41 80 64 49 71 42 15 49 80 87 7 37 76 56 36 59 42 36 99 2 9 95 76 6 69 85 82 35 1 54 2 84 48 11 85 3 58 58 25 6 1 21 94 11 47 24 69 56 73 40 65 16 96 94 60 30 87 69 40 76 
13 19 82 26 77 83 26 12 47 79 93 0 81 70 39 1 22 36 73 81 93 48 30 79 57 71 1 24 79 12 31 99 37 99 60 80 26 30 3 31 46 65 1 76 44 16 38 68 69 43 76 73 78 24 36 59 45 33 66 76 35 40 95 5 30 83 65 45 85 73 15 46 48 72 34 1 43 65 11 51 69 32 45 29 1 77 78 67 87 19 25 1 7 99 62 2 94 53 33 14 
74 12 16 53 84 92 48 4 57 99 94 60 44 25 14 32 61 1 67 88 23 71 52 4 1 12 78 5 44 98 64 34 72 32 80 93 35 45 35 32 94 20 46 47 1 37 53 63 18 70 72 77 37 92 24 12 59 54 45 35 69 66 34 78 55 31 32 10 55 20 54 62 58 43 76 5 81 52 7 54 97 6 45 3 58 86 53 13 48 51 17 91 7 42 18 41 59 27 88 55 
83 71 6 90 14 0 84 1 14 17 52 96 45 87 93 2 61 25 55 17 97 74 67 74 5 72 29 76 16 15 11 89 60 15 23 71 22 71 86 77 35 18 67 6 78 95 42 89 31 41 49 90 61 43 22 95 55 6 15 63 19 42 91 11 48 73 45 18 32 84 17 10 93 98 74 55 1 40 38 16 99 38 93 56 92 98 96 7 62 22 64 1 56 2 30 62 82 60 44 34 
30 87 3 58 47 6 23 40 49 73 46 12 5 80 77 64 3 91 55 2 41 66 63 82 41 42 89 89 42 59 64 48 91 72 18 17 69 84 39 17 86 94 86 13 69 67 30 22 68 90 20 11 52 16 6 24 20 86 48 17 88 52 52 7 55 83 27 55 39 77 50 61 69 23 30 26 24 63 52 89 57 79 95 74 99 82 51 64 64 10 34 6 89 54 25 24 55 44 78 51 
54 61 83 40 84 92 2 36 45 64 42 22 2 90 8 40 35 39 67 69 42 6 5 27 29 41 35 94 86 63 7 53 85 45 8 83 82 85 81 98 53 35 6 64 26 76 71 97 52 95 86 57 45 46 95 24 66 60 74 11 69 97 69 22 16 3 91 38 0 98 32 45 14 2 18 84 17 95 47 5 56 58 80 40 33 54 29 14 38 57 66 84 90 84 41 90 8 40 41 80 
12 11 39 13 70 91 91 5 23 33 57 34 65 32 56 23 54 66 87 57 96 7 74 19 27 46 52 28 36 97 98 38 49 88 6 49 81 96 69 80 21 80 5 95 42 57 92 98 57 38 97 85 1 18 64 12 56 85 47 17 16 9 10 67 71 74 25 37 41 75 71 80 82 18 51 70 27 69 2 80 49 71 78 37 23 31 70 46 75 55 97 12 45 47 56 48 67 95 71 75 
32 19 19 71 38 37 71 52 5 36 35 46 30 83 68 93 48 20 64 66 18 54 57 6 98 81 58 49 20 60 77 24 9 15 99 6 18 83 64 4 39 62 78 91 33 76 21 74 72 90 24 72 9 4 98 2 59 78 2 65 6 94 91 31 41 21 8 31 76 79 79 98 38 48 89 40 49 64 82 44 66 13 25 87 34 0 49 9 61 70 13 44 66 71 17 74 39 56 74 82 
31 64 57 16 20 24 58 4 30 81 15 2 18 26 82 91 7 26 26 11 42 25 19 64 67 49 79 77 27 40 97 86 92 64 51 43 51 92 18 88 93 73 67 60 88 63 48 25 3 10 93 31 61 38 51 54 37 99 84 37 9 25 12 92 69 14 40 74 7 46 33 20 13 2 44 0 53 94 75 17 63 0 6 33 11 76 42 73 1 72 98 58 30 27 25 44 29 2 55 43 
74 84 39 15 26 83 0 48 64 17 87 86 50 56 4 23 38 0 33 99 10 42 67 83 49 66 46 37 69 32 11 26 18 68 8 49 69 40 44 32 53 34 79 45 24 90 12 47 29 71 26 36 44 92 96 64 71 54 52 63 43 88 45 72 83 60 15 24 65 52 72 61 28 8 81 93 41 62 78 57 16 17 2 13 43 58 37 95 75 7 27 99 42 71 45 5 23 87 6 25 
38 77 31 79 10 70 59 55 18 12 2 14 12 30 4 14 12 88 1 73 53 38 86 85 43 31 23 88 72 5 27 39 4 22 59 73 31 50 50 15 98 32 68 85 36 71 18 50 14 82 49 41 45 93 87 80 24 65 38 94 41 73 98 32 76 80 42 35 33 11 26 44 89 63 15 79 25 94 62 17 10 88 30 45 32 18 52 37 20 58 76 66 87 17 73 0 93 53 21 70 
6 77 98 6 92 59 69 12 53 57 93 77 51 2 42 73 9 19 10 96 63 68 3 25 9 24 11 96 56 30 92 18 81 44 44 90 34 57 76 39 82 14 3 39 53 4 9 54 12 10 25 92 14 44 40 63 19 82 35 64 59 15 67 95 3 36 46 72 75 78 33 57 76 23 20 14 60 55 37 92 94 29 29 13 92 47 31 47 77 80 46 3 64 28 49 55 62 45 89 55 
32 93 91 69 49 98 43 60 77 65 21 62 82 18 61 76 49 20 36 17 16 68 44 37 87 70 24 33 25 28 97 0 52 81 56 88 59 97 10 29 3 96 40 49 48 84 94 17 62 54 70 58 15 31 97 16 42 91 98 63 69 71 94 55 43 48 18 33 41 67 87 2 66 18 95 44 12 62 72 31 2 59 66 90 3 89 12 10 71 25 32 58 52 31 7 27 42 41 23 61 
76 60 87 11 23 93 6 12 67 94 39 71 69 90 12 76 78 91 35 15 46 18 74 37 9 61 2 48 80 24 33 8 23 92 85 79 57 91 12 93 57 79 47 48 27 55 16 21 90 83 8 20 61 4 87 24 20 47 13 75 49 44 64 13 18 43 31 91 80 2 7 66 32 89 80 95 65 42 38 33 99 15 48 0 46 94 93 57 10 7 9 84 37 99 90 57 9 93 7 18 
33 29 1 19 22 88 29 3 2 87 57 67 7 65 43 93 53 15 62 6 14 23 33 14 61 32 97 95 25 90 3 25 51 59 63 45 70 44 83 21 83 10 75 11 32 79 12 20 32 81 23 87 12 13 95 58 28 40 31 24 33 10 5 63 62 94 77 80 60 58 74 89 83 79 42 34 65 36 49 99 93 83 52 89 65 92 41 99 47 61 86 79 86 33 9 13 26 85 15 67 
61 24 66 34 38 78 99 76 79 11 48 38 43 65 48 7 75 39 57 14 49 24 79 37 42 31 13 75 96 32 69 55 12 7 27 13 44 75 6 16 89 14 74 64 47 51 65 47 25 68 25 35 94 69 45 49 76 17 48 8 19 51 50 67 70 3 28 33 62 51 74 43 59 52 63 2 67 13 37 50 40 90 37 17 74 53 42 9 1 29 17 29 4 6 91 68 97 41 10 99 
11 4 69 52 26 33 83 28 62 7 93 2 94 17 87 8 6 46 76 46 83 41 61 45 22 77 8 62 7 11 85 2 39 79 77 12 9 29 45 45 13 6 41 27 34 25 2 45 69 37 44 34 25 23 20 21 37 61 5 96 88 43 33 91 91 73 35 66 68 76 90 45 34 28 13 93 57 22 81 24 3 31 26 53 15 49 42 44 77 0 42 54 38 59 38 42 2 96 3 99 
79 82 34 14 0 78 60 70 65 48 93 96 45 10 58 90 45 85 6 95 63 23 94 98 71 85 87 82 40 10 56 67 27 79 93 57 79 4 52 41 13 79 78 70 22 12 27 74 60 37 33 41 78 7 58 61 74 8 37 67 34 90 96 69 75 72 55 73 68 11 79 92 26 20 43 14 62 20 43 73 12 72 44 44 66 42 18 18 84 84 81 11 3 59 37 78 63 91 8 51 
26 45 50 20 46 73 34 51 18 98 64 30 63 22 96 53 0 70 78 51 80 69 48 79 99 27 84 5 80 73 11 6 5 40 65 24 24 43 29 29 68 61 71 61 55 87 20 78 15 77 94 48 50 78 5 70 67 81 29 39 89 47 29 4 90 75 35 48 24 67 17 53 91 75 32 23 75 31 43 51 39 73 41 74 67 1 55 30 81 93 48 7 98 79 94 41 20 13 2 78 
19 79 82 87 56 51 66 48 24 18 68 59 29 77 49 65 73 54 1 35 76 83 36 10 96 31 74 2 67 0 84 36 96 45 16 50 97 17 83 7 41 44 32 19 36 57 68 0 31 19 56 18 13 23 79 56 82 65 9 95 32 31 58 86 19 32 79 51 73 85 5 81 82 37 75 99 40 32 99 95 74 45 96 99 86 61 11 96 64 75 6 87 5 14 20 69 65 3 2 93 
41 48 13 53 47 57 41 94 17 40 98 44 52 48 37 93 78 1 89 18 99 24 46 67 13 9 17 28 85 92 50 33 47 80 75 52 13 32 10 88 36 60 72 80 24 72 63 36 37 92 56 56 54 0 41 82 69 56 87 53 11 26 27 55 73 38 6 14 35 19 29 26 28 92 18 10 94 66 29 90 8 64 74 43 37 31 43 69 55 47 16 1 55 1 41 30 91 30 16 10 
13 8 56 40 18 52 17 48 11 72 60 4 58 66 25 30 9 4 8 92 6 86 45 10 38 77 32 22 99 45 95 24 28 25 9 53 93 37 3 14 2 36 16 57 20 63 79 31 32 77 59 2 94 61 2 20 91 14 47 21 63 53 88 46 67 88 17 14 69 57 28 73 39 64 29 47 52 97 90 74 88 6 90 75 80 76 35 47 27 72 35 68 7 8 95 73 98 87 39 26 
22 9 38 25 7 34 99 30 44 66 98 28 1 9 99 12 87 52 11 13 69 7 48 2 13 44 32 8 70 8 77 54 25 1 56 49 65 84 29 87 79 44 33 33 6 39 51 37 4 55 52 17 81 43 74 12 63 47 71 28 38 37 97 50 77 62 97 62 21 88 61 58 34 25 42 36 83 48 17 65 41 3 96 29 11 68 73 85 1 52 35 56 6 25 72 89 38 98 94 19 
92 85 69 70 80 16 60 62 88 52 71 1 8 94 36 94 16 39 5 59 25 39 37 46 87 88 42 40 65 35 67 89 41 11 34 8 85 9 40 70 94 72 55 9 77 78 88 31 63 6 1 66 37 39 41 34 39 42 87 94 41 43 55 43 8 2 71 83 46 8 22 33 80 50 51 40 42 85 15 32 32 91 62 95 28 2 63 61 33 3 87 99 14 80 88 94 45 62 34 64 
50 69 1 62 38 72 37 74 33 29 39 99 48 44 60 26 19 55 38 7 50 15 25 97 21 81 40 98 17 23 45 39 17 28 91 74 73 48 1 44 69 5 98 38 46 83 35 26 93 78 60 27 52 94 90 82 33 2 80 78 31 53 97 59 59 73 90 28 68 92 65 10 99 89 17 65 42 54 30 92 58 63 35 50 6 48 38 42 46 75 60 7 76 16 50 60 85 4 19 58 
15 47 55 19 2 8 44 33 93 43 27 7 54 23 96 48 32 57 29 22 16 87 84 92 78 44 4 75 30 73 82 1 19 56 33 80 82 72 74 73 38 29 40 12 82 80 23 27 55 97 27 90 32 36 44 50 19 34 27 56 91 80 75 7 31 29 61 88 72 72 61 23 89 92 58 75 69 75 52 42 14 9 31 5 73 73 19 36 51 48 90 82 94 5 42 96 11 41 44 0 
34 81 75 56 42 8 37 83 71 32 6 15 94 99 11 83 16 95 74 83 4 79 34 86 93 49 14 31 99 32 49 60 26 21 77 94 2 57 68 17 5 24 94 47 89 9 73 34 64 48 93 63 24 24 3 27 36 54 44 13 12 6 22 35 32 97 7 61 16 47 49 48 86 37 45 77 5 77 26 19 49 29 80 19 35 73 13 90 65 86 36 54 13 3 69 53 31 61 33 57 
49 22 42 4 18 9 73 50 61 73 81 61 63 14 59 71 99 52 12 47 86 55 18 1 43 59 39 99 95 85 70 84 36 54 20 71 38 58 78 89 54 67 56 6 31 0 73 49 98 84 87 29 99 87 98 14 53 78 16 45 96 54 24 61 29 51 19 59 9 86 18 87 23 29 1 22 0 93 55 82 88 92 32 57 62 93 75 59 39 61 20 90 63 98 49 74 24 53 83 32 
23 44 31 47 88 94 37 70 82 54 53 49 67 98 69 10 33 28 67 73 77 42 6 23 55 3 90 84 94 29 19 83 1 95 46 78 14 26 24 2 50 56 39 96 85 89 95 57 63 34 44 3 52 86 68 91 92 67 43 58 58 49 13 59 54 89 43 64 8 93 22 25 3 54 33 79 29 85 45 57 29 2 62 2 63 26 36 95 55 36 91 76 44 18 47 66 94 57 22 60 
90 59 63 4 5 87 46 95 4 70 53 63 6 0 35 65 18 60 43 99 87 9 72 20 29 69 42 33 26 11 71 66 92 20 78 62 45 77 76 16 21 96 93 14 26 52 90 26 6 50 89 50 92 61 4 80 96 69 89 46 12 79 29 20 91 40 8 12 9 27 1 17 8 47 7 43 21 26 10 93 90 26 81 61 70 22 68 88 45 17 82 49 82 73 89 67 42 79 25 25 
44 21 94 18 65 3 5 6 48 6 32 51 50 14 61 95 82 35 88 49 85 79 83 10 24 17 99 94 42 33 73 30 23 95 75 45 9 81 3 82 26 60 80 56 71 9 7 77 15 24 15 42 67 18 94 20 53 56 23 95 37 94 32 11 16 97 51 95 99 91 87 8 4 73 62 71 55 35 68 86 54 33 19 89 59 97 17 95 49 44 81 2 81 87 17 43 22 27 87 47 
39 14 11 11 89 75 41 1 13 52 60 27 10 82 18 15 69 78 24 8 16 90 44 92 10 34 49 27 66 33 96 43 78 63 33 44 17 47 99 57 66 48 7 95 23 79 89 22 54 56 61 23 91 15 74 81 67 61 85 54 66 11 12 39 43 44 47 14 88 86 70 60 84 47 96 43 93 45 24 18 77 55 70 27 1 57 13 24 76 22 14 37 9 41 23 0 6 71 49 90 
63 38 11 70 78 69 24 47 85 82 7 54 19 3 37 65 38 2 26 18 37 39 67 47 0 51 71 26 84 14 9 59 93 97 62 18 5 2 56 74 22 11 69 51 35 57 76 72 19 20 33 66 98 62 11 81 13 18 15 96 4 51 30 71 98 5 19 80 67 66 22 81 89 32 0 73 89 39 80 41 59 29 69 81 16 81 77 59 15 68 2 91 74 53 83 63 18 24 61 37 
10 45 26 83 0 98 38 59 97 38 4 23 66 96 95 14 95 11 74 56 98 43 33 38 11 24 81 29 30 61 25 81 62 23 10 53 97 39 44 85 48 42 46 23 9 68 88 58 45 36 74 8 87 65 28 34 78 3 68 57 98 72 63 3 22 17 16 86 52 73 98 73 9 40 68 9 86 79 10 81 96 4 57 4 33 76 58 86 47 92 28 90 84 96 83 12 6 41 89 3 
59 95 31 12 60 82 39 0 24 8 45 54 47 99 3 96 12 30 85 75 6 26 12 61 14 23 13 47 6 77 45 16 48 84 65 73 62 86 63 8 8 19 31 94 83 65 27 55 33 65 87 85 84 41 46 62 3 56 64 97 27 71 72 56 70 70 38 25 14 70 80 7 24 56 90 20 94 82 54 78 30 0 97 47 24 1 84 8 32 47 70 86 15 1 90 84 78 64 75 55 
64 84 34 86 79 47 68 97 87 30 72 85 2 3 67 94 11 75 59 3 75 1 85 13 1 14 58 15 79 26 56 49 73 43 72 0 46 0 91 60 11 85 41 87 70 94 69 1 43 89 66 12 35 64 82 51 54 49 5 58 81 32 44 35 8 90 11 87 91 76 44 54 92 23 25 52 24 5 27 53 31 44 43 55 9 5 85 47 92 84 28 40 48 38 61 18 21 11 3 15 
44 13 94 94 69 53 23 41 75 52 88 73 28 1 92 43 23 72 73 58 74 62 96 50 45 84 9 10 36 13 72 73 93 36 99 41 94 13 72 70 0 31 49 58 0 86 23 77 96 30 48 43 9 87 12 67 27 94 81 26 94 8 78 9 89 18 65 59 28 81 44 78 69 58 94 80 90 96 46 17 44 25 92 39 12 99 87 60 79 72 53 59 74 40 48 58 44 45 57 55 
10 91 15 98 49 61 95 18 54 88 74 78 44 87 78 89 47 70 60 89 12 38 57 40 41 17 15 17 66 87 87 42 92 17 97 17 65 85 76 56 25 21 26 0 99 58 98 10 18 36 48 37 2 29 76 46 98 47 83 37 24 30 59 39 3 93 74 80 39 56 12 24 82 18 88 80 77 68 95 62 82 1 35 45 49 27 16 53 29 3 88 95 80 76 92 11 86 57 61 59 
54 19 36 87 81 69 82 42 71 55 35 40 98 66 73 44 86 70 31 52 30 91 74 90 61 8 96 58 57 76 15 45 54 63 64 88 22 29 5 97 36 49 36 17 43 65 17 23 4 4 66 35 10 80 16 47 84 25 97 55 48 50 60 91 80 30 32 40 86 86 49 46 24 21 67 40 35 31 65 29 55 63 17 40 16 11 0 14 99 41 8 86 68 43 92 68 31 10 64 2 
96 92 18 16 79 59 52 30 40 29 7 31 56 25 67 8 48 82 72 62 81 55 65 76 37 55 6 12 35 74 35 68 21 31 43 92 42 3 3 46 34 57 80 25 82 88 86 58 47 31 89 87 3 79 19 21 53 50 40 45 84 9 43 74 8 23 34 81 80 41 15 57 35 77 84 26 37 99 96 11 64 56 7 43 28 41 12 60 26 88 60 45 31 53 34 2 49 84 97 48 
58 73 6 39 77 52 58 78 21 82 6 2 31 91 53 71 16 85 2 74 43 33 43 84 20 89 13 33 12 62 45 17 99 87 78 7 4 9 80 47 27 16 44 1 89 66 93 10 23 3 38 46 36 45 65 23 93 21 68 30 14 5 94 99 55 15 20 17 70 10 24 54 78 59 93 52 61 15 57 14 66 39 16 5 86 17 6 14 20 97 38 54 14 25 27 67 6 41 7 3 
9 78 75 50 91 86 55 80 75 65 50 35 24 82 23 19 44 7 81 0 64 49 89 84 49 71 34 44 97 30 5 98 32 5 49 37 9 85 16 41 44 44 12 78 2 6 33 95 46 4 11 45 86 25 67 30 1 85 5 87 63 64 60 85 28 15 1 75 8 33 53 6 54 48 50 39 66 0 36 49 5 1 52 43 4 57 5 16 64 45 1 67 36 4 42 82 64 64 89 53 
20 12 26 48 8 1 14 41 14 1 45 70 8 84 96 39 36 21 27 3 78 93 86 53 9 31 5 13 20 72 39 79 10 63 83 50 79 31 82 61 70 63 92 90 91 43 71 40 58 50 4 95 57 71 27 1 37 40 57 47 20 95 84 88 33 38 23 69 93 94 7 34 84 88 93 76 35 29 44 72 41 82 66 35 99 18 62 58 36 38 60 60 97 17 88 69 9 38 36 1 
49 46 13 21 38 27 88 77 95 93 17 23 17 47 91 72 7 41 29 96 83 19 29 31 34 58 23 37 87 45 60 85 59 12 56 69 7 47 32 77 7 57 60 38 82 83 80 65 2 14 41 77 85 26 31 48 87 67 29 33 6 29 56 65 80 42 99 55 60 98 6 99 88 68 82 49 25 52 21 47 11 4 42 86 6 14 19 45 61 62 13 84 70 68 36 27 15 61 39 43 
60 43 38 79 93 10 27 15 97 56 17 89 42 15 16 34 79 89 1 56 67 56 24 11 12 96 67 64 8 86 45 20 3 98 80 58 94 63 42 17 42 53 98 72 47 51 46 55 90 74 4 25 2 98 10 26 23 56 3 43 52 67 18 67 74 91 68 16 71 75 81 62 0 46 42 16 91 76 26 5 94 5 10 37 32 34 91 28 91 79 14 69 82 22 69 19 55 34 57 8 
53 58 94 47 76 86 46 16 13 26 78 69 0 2 81 51 75 10 87 77 33 75 61 93 46 2 41 5 25 87 60 63 75 56 6 91 98 79 98 73 70 33 99 83 86 65 74 0 58 37 25 22 92 71 88 37 69 86 45 40 21 94 5 84 22 81 45 7 56 40 70 62 89 93 53 78 19 83 93 24 18 91 66 3 8 75 94 61 90 24 66 69 77 79 8 16 52 10 6 63 
72 37 86 0 82 71 7 74 31 50 66 2 74 47 74 84 45 79 65 70 21 27 92 55 20 51 5 75 7 49 91 18 57 18 57 10 69 61 3 17 47 83 37 59 50 47 53 51 0 55 39 76 91 39 43 55 74 32 83 20 35 39 34 21 24 15 48 25 83 93 11 72 86 14 37 86 23 98 39 19 64 27 5 62 70 40 15 17 56 95 88 84 98 89 8 47 7 40 11 49 
35 93 12 34 33 24 87 88 39 40 39 54 86 99 11 53 9 6 67 76 45 93 46 70 38 33 89 25 72 58 18 93 45 87 18 85 26 39 91 41 33 9 99 85 12 92 85 48 1 77 1 97 81 64 38 94 71 81 89 46 47 11 25 9 14 97 81 97 75 73 41 28 6 77 29 27 84 40 78 20 20 29 83 95 1 94 67 78 59 32 91 87 87 60 75 26 21 85 52 3 
75 85 81 73 48 81 50 20 38 28 96 17 81 34 86 83 68 82 87 80 12 21 13 20 72 50 33 44 54 38 24 91 91 82 10 77 86 87 13 98 69 93 25 26 80 32 85 24 6 47 4 4 82 86 9 68 50 3 15 71 49 43 89 4 42 58 78 76 96 96 76 83 5 81 46 75 26 96 26 79 68 87 15 59 31 26 72 51 58 29 25 53 51 90 11 47 80 52 55 85 
31 8 97 19 30 26 87 2 2 92 55 28 37 85 0 29 69 5 62 10 31 14 87 17 20 98 54 11 50 20 98 89 54 88 74 11 92 7 31 12 5 26 57 74 53 37 91 69 83 55 10 77 97 0 40 57 86 51 90 17 59 2 18 84 9 34 5 18 4 87 80 60 9 96 20 82 88 55 44 79 38 40 18 75 48 6 18 77 67 1 22 69 7 50 81 37 17 44 58 61 
34 12 24 31 0 72 68 71 75 35 62 29 8 56 88 17 33 67 67 55 54 96 95 34 58 0 65 24 9 77 75 80 48 77 40 96 9 52 28 86 41 21 74 32 52 99 61 7 35 5 24 8 15 21 85 32 37 72 11 26 29 28 94 42 8 58 20 57 45 2 30 26 7 5 60 43 31 93 49 72 27 19 77 98 67 22 8 80 95 98 39 3 98 91 29 68 1 79 15 26 
63 17 40 84 55 63 52 20 59 35 63 32 12 61 33 89 1 12 83 46 81 62 93 82 51 93 62 41 80 16 27 92 59 29 95 7 0 20 2 31 23 79 53 28 54 27 58 89 22 3 64 57 69 64 1 4 96 90 10 30 20 25 10 15 78 98 35 72 11 14 49 17 91 18 73 28 13 65 62 45 12 76 9 34 97 17 78 12 25 38 92 99 29 46 5 94 7 19 36 39 
58 2 19 62 76 77 12 55 42 76 14 77 65 5 11 48 65 51 61 59 39 29 70 99 7 99 40 74 14 18 9 63 36 21 90 21 65 6 62 90 88 34 38 50 21 0 70 4 95 12 38 72 49 83 34 38 19 88 63 34 7 55 71 57 1 57 59 91 62 99 51 5 32 36 37 32 94 36 18 22 77 26 17 84 80 52 17 54 88 34 73 67 11 52 74 88 42 80 14 75 
12 71 46 94 8 26 41 66 14 52 26 49 63 7 58 71 99 92 19 0 66 35 60 1 93 34 74 49 2 41 90 86 6 9 49 12 18 97 96 37 88 90 99 26 27 10 44 80 86 19 76 27 34 45 94 75 97 89 27 23 57 7 12 75 12 31 30 1 90 55 3 36 65 21 50 12 43 10 8 0 33 18 27 72 99 94 4 33 48 6 96 19 43 60 93 35 78 88 98 30 
10 94 14 28 8 81 56 28 78 1 38 26 45 71 50 66 33 0 70 29 13 3 47 1 93 99 27 66 97 60 96 22 0 16 36 84 93 6 68 49 93 86 74 31 33 27 23 63 33 57 91 20 73 1 78 24 98 4 66 7 72 31 42 94 36 47 95 21 37 99 73 44 79 53 44 58 25 67 63 71 26 47 53 9 18 85 94 33 47 71 80 43 84 13 50 17 92 90 37 23 
2 63 22 36 88 74 28 24 58 38 22 27 64 65 94 33 18 37 71 99 55 44 59 57 60 86 42 56 70 29 95 85 67 27 12 42 64 1 57 57 47 51 55 23 0 55 75 11 21 7 16 15 30 19 13 50 4 26 8 30 33 36 21 44 49 92 71 34 84 2 20 20 84 84 88 6 41 8 8 29 85 78 46 32 12 36 4 21 64 81 9 84 74 58 87 39 14 90 95 39 
83 29 21 54 78 80 15 85 95 70 56 83 80 62 10 59 70 91 49 15 37 24 40 22 76 33 85 23 5 81 88 14 58 15 20 74 8 82 1 55 26 96 73 78 89 38 26 27 95 88 83 51 94 97 35 67 55 40 58 83 74 66 85 2 0 74 64 1 38 64 82 5 99 94 97 90 5 20 18 62 80 52 96 86 83 9 96 35 87 80 39 52 22 67 31 4 65 3 83 62 
72 33 62 15 69 21 17 70 99 51 80 41 39 21 62 52 69 65 64 4 9 95 12 2 60 82 34 47 33 19 31 94 63 29 80 84 53 11 13 43 87 75 39 70 86 17 10 88 91 3 47 68 52 18 49 76 40 1 10 12 81 80 45 40 38 56 49 40 65 21 49 76 29 32 62 9 97 74 56 43 65 29 57 15 45 25 74 62 67 50 75 74 80 0 17 85 6 18 82 68 
11 51 8 42 34 31 18 45 70 14 68 68 24 46 77 26 6 13 62 53 48 19 48 31 30 37 90 85 49 84 28 40 95 90 28 53 17 46 11 87 39 3 65 60 39 21 24 68 89 20 46 17 75 98 23 68 91 69 66 39 2 88 10 55 79 0 99 32 75 14 48 67 60 27 57 54 98 24 55 38 2 7 74 62 49 42 90 99 20 19 91 52 2 99 15 2 57 35 30 71 
78 39 79 44 19 49 70 59 30 54 60 52 51 15 18 34 48 39 46 60 33 95 6 71 71 50 70 61 81 57 53 44 80 62 46 66 98 53 85 91 78 11 99 17 70 99 66 92 31 73 90 78 8 84 99 49 72 71 4 67 65 48 47 88 13 81 70 70 40 67 70 41 62 91 6 66 91 30 29 98 31 64 60 70 87 28 82 13 81 96 85 16 87 3 86 58 79 34 39 20 
50 71 44 6 46 26 79 54 0 98 1 88 98 28 26 44 37 78 18 0 87 83 13 57 83 69 24 7 4 51 41 67 91 61 81 93 7 44 24 62 51 38 0 75 55 85 65 63 87 38 57 50 53 66 28 2 87 40 2 38 48 2 72 92 59 81 7 79 0 41 47 93 91 2 59 43 7 47 89 51 95 93 1 46 91 3 5 14 25 91 84 53 53 82 95 58 74 23 35 51 
58 77 24 44 61 58 2 51 32 30 46 89 16 9 7 44 21 56 89 18 52 82 17 64 41 90 75 94 53 95 65 70 55 13 37 31 96 22 36 32 92 15 20 13 27 71 82 77 12 48 28 93 21 21 71 60 11 56 84 48 75 89 49 4 17 71 69 97 60 94 59 62 59 12 34 82 38 43 60 49 40 39 74 44 6 32 32 1 4 7 94 59 12 46 58 60 44 76 3 43 
13 54 81 84 79 66 77 17 20 42 51 4 27 85 47 66 18 51 77 22 11 3 81 55 33 52 85 86 46 21 64 24 76 66 7 22 14 90 45 94 5 94 29 60 43 10 38 13 22 2 66 96 28 40 24 61 65 81 42 7 13 24 12 89 64 10 89 5 4 90 70 76 18 13 44 80 99 66 9 58 48 90 79 74 3 42 72 53 0 83 29 19 49 7 6 9 54 78 2 69 
95 76 16 55 14 93 40 62 52 41 90 71 87 29 51 45 89 65 78 66 23 96 94 25 96 25 16 81 48 51 8 57 53 87 54 12 77 12 79 14 36 23 46 8 91 92 36 73 21 1 95 61 81 38 45 38 48 93 72 57 84 19 17 86 82 30 94 51 84 28 40 54 65 28 49 84 41 28 40 29 12 39 18 54 14 7 37 10 41 33 83 80 86 92 66 15 0 11 42 67 
6 83 26 99 67 41 38 72 12 3 24 57 16 65 6 52 95 22 47 32 85 92 89 50 44 24 7 9 37 65 79 81 79 0 22 16 40 12 90 67 40 31 0 11 71 0 90 19 19 79 75 4 10 22 2 60 76 25 11 39 32 64 20 68 95 19 4 6 2 55 18 90 90 79 35 16 89 65 71 44 78 26 37 67 51 35 34 26 62 81 8 54 38 8 87 29 47 28 32 16 
77 84 4 53 89 22 15 39 60 74 89 75 96 91 37 37 89 11 4 20 40 98 8 6 54 65 34 55 86 63 85 28 3 81 32 87 89 26 46 53 22 81 16 11 86 54 62 1 50 66 33 36 12 27 44 90 84 3 54 95 25 12 96 2 62 56 28 53 43 34 53 9 55 1 95 49 59 75 25 88 41 8 77 33 9 72 36 75 52 18 7 21 71 75 53 71 14 87 47 34 
25 6 48 61 17 81 76 40 88 62 54 1 7 49 64 85 56 17 88 68 87 11 61 96 60 72 28 75 97 85 52 35 42 50 30 69 46 3 5 57 72 43 33 17 14 66 90 28 4 94 92 54 0 44 16 9 88 99 13 61 29 57 8 87 27 58 85 74 57 14 71 68 39 58 30 88 29 65 86 55 1 19 59 56 43 10 75 67 16 9 56 50 69 13 83 11 42 2 83 84 
11 90 62 28 77 96 68 5 40 23 26 82 91 24 54 71 17 42 15 7 31 96 52 69 26 92 48 86 10 6 17 50 11 43 5 49 39 63 89 64 72 77 12 16 43 89 29 39 65 62 81 56 13 42 54 91 47 34 77 49 47 74 95 65 73 49 30 4 4 81 87 43 68 1 89 90 56 42 56 3 75 0 50 27 39 41 70 24 64 43 80 24 70 26 85 60 25 84 35 89 
12 84 11 19 76 65 0 56 91 64 23 83 16 78 9 64 48 39 88 83 49 56 6 62 82 67 34 76 8 88 89 20 32 26 28 79 29 72 63 61 34 77 41 8 31 54 45 94 4 62 56 28 55 43 71 4 88 43 16 61 5 69 96 7 27 9 96 52 66 57 28 41 3 62 75 42 76 19 45 73 4 52 1 56 45 5 27 81 18 60 85 34 77 32 0 85 21 15 85 41 
71 90 84 57 10 8 9 96 20 25 38 15 35 68 45 75 28 10 65 82 62 32 18 23 30 47 76 76 2 11 92 20 44 2 55 25 25 57 11 83 74 27 88 53 81 49 22 96 22 23 47 54 76 57 47 65 18 19 42 28 19 45 97 5 94 93 37 88 18 63 5 27 30 47 59 50 55 53 57 72 25 78 31 34 6 49 19 36 37 17 12 82 12 13 0 90 72 95 94 43 
49 1 66 23 24 0 54 20 95 83 93 67 81 37 86 14 30 38 72 19 61 75 11 98 19 62 89 36 79 4 25 13 76 22 60 75 1 6 46 39 72 27 28 43 8 30 48 81 51 3 60 39 8 27 26 63 74 87 35 17 22 84 3 47 85 64 65 96 20 82 44 72 79 21 12 83 8 87 20 76 2 4 60 60 78 39 19 22 68 33 99 77 57 27 0 12 87 46 86 70 
86 74 26 43 42 17 46 97 89 2 80 30 10 52 68 53 45 9 20 42 57 57 62 4 16 97 60 5 91 68 11 88 45 31 40 95 48 16 54 78 73 1 70 36 31 5 63 98 63 68 31 80 26 35 21 25 44 51 63 78 68 14 15 19 24 1 40 0 9 0 80 89 26 43 75 5 14 70 51 84 63 12 18 88 18 59 63 72 28 15 92 6 46 16 60 35 60 29 44 88 
2 2 84 35 27 88 43 42 5 39 50 35 58 37 89 69 6 70 27 54 36 46 33 22 53 22 92 83 35 25 46 72 30 3 49 27 33 56 98 10 10 85 69 54 99 35 54 55 24 86 4 55 81 1 76 49 42 96 16 51 44 67 4 67 57 65 76 86 75 71 95 94 97 26 4 82 54 34 91 0 70 48 7 30 86 35 46 36 96 82 16 36 91 97 19 35 12 33 89 3 
1 89 64 38 97 67 67 2 99 58 18 49 32 9 0 76 83 35 38 54 24 45 67 74 61 25 54 0 14 72 28 47 67 62 99 73 30 28 25 3 59 67 17 37 96 4 3 96 21 55 86 32 96 91 99 40 81 89 83 11 79 21 89 58 10 10 37 60 52 10 0 17 1 81 45 57 76 84 51 3 23 13 56 57 14 81 22 87 23 63 44 4 20 75 83 83 41 85 77 78 
76 63 98 79 2 92 93 92 48 83 69 80 25 95 21 38 6 24 37 70 7 18 14 10 40 8 15 47 52 72 97 0 77 21 80 69 20 21 91 16 78 84 38 56 8 16 57 43 26 11 32 58 94 26 41 46 75 11 37 45 48 17 3 21 23 98 26 72 90 86 69 61 68 83 52 63 31 60 40 63 60 81 78 86 59 55 5 91 86 56 89 14 8 6 76 62 83 92 99 16 
57 41 60 48 41 63 27 40 62 7 86 15 20 88 5 71 55 9 93 10 96 31 67 97 24 17 32 3 12 50 89 32 47 36 36 57 86 18 69 3 17 5 10 70 44 71 87 65 9 52 95 95 57 72 15 47 69 32 91 7 34 31 34 29 94 89 5 91 86 95 0 74 89 98 33 25 2 81 93 95 65 88 69 61 81 35 68 56 90 93 5 2 97 49 59 55 49 82 11 43 
49 55 98 46 17 66 47 0 57 56 75 98 43 13 44 80 45 52 11 23 47 14 69 38 78 63 76 97 1 65 65 65 47 4 57 94 50 54 12 42 2 47 5 81 40 91 52 49 48 43 84 20 13 38 45 20 84 81 16 19 56 17 52 31 49 71 62 56 46 68 24 15 88 18 7 29 99 55 92 56 91 72 47 97 71 73 95 79 80 95 1 58 62 18 92 8 14 28 12 20 
47 53 82 16 95 53 92 97 8 99 6 44 28 24 11 39 13 94 55 37 29 45 33 90 77 79 9 50 66 31 1 43 37 82 23 93 67 16 61 50 0 16 0 14 17 93 10 77 16 7 63 70 19 19 69 34 7 46 27 74 90 89 99 57 74 93 20 53 41 55 30 27 18 3 51 93 6 60 26 45 26 87 62 83 70 89 89 15 3 94 41 15 97 52 71 1 68 60 14 61 
16 31 3 6 83 82 7 30 1 90 68 55 10 2 91 68 27 76 57 32 58 32 52 1 27 26 65 56 3 85 52 4 84 90 72 72 29 15 51 65 44 57 92 88 5 93 35 40 97 82 56 58 42 34 96 86 85 29 49 9 41 42 17 95 34 57 12 87 2 57 5 29 67 23 9 4 65 26 42 44 17 24 56 73 77 73 9 44 98 63 10 89 56 30 24 70 49 77 88 51 
57 63 91 43 96 31 85 66 85 70 0 75 49 71 15 32 55 21 35 43 26 11 58 63 35 16 30 56 42 40 84 39 63 91 2 86 21 4 70 15 41 93 64 90 87 5 10 95 51 50 18 40 54 5 51 8 75 2 95 37 15 88 36 32 31 60 70 59 25 16 1 30 86 96 28 0 83 24 69 67 17 65 5 50 65 60 70 8 51 55 43 23 38 43 68 54 53 22 59 25 
89 58 70 96 83 73 22 78 83 43 43 56 81 32 81 11 67 42 83 18 83 3 41 43 38 43 87 32 29 97 4 65 16 34 85 76 76 94 43 15 1 57 2 77 52 89 34 52 64 94 77 71 36 78 23 88 8 43 59 6 76 69 15 22 10 64 77 71 18 17 95 65 4 80 0 91 49 66 88 59 89 12 58 70 52 76 91 3 99 46 30 85 17 54 62 93 99 84 32 56 
8 40 17 1 61 3 14 94 36 65 2 44 1 40 52 96 21 25 54 95 55 70 37 57 89 68 94 70 76 46 48 81 90 58 51 89 31 6 72 25 21 49 42 75 25 7 40 68 7 86 88 90 21 18 36 77 39 92 59 96 60 18 50 35 53 62 7 21 2 13 89 96 61 18 38 75 8 83 54 47 89 85 73 72 64 70 34 82 27 72 40 76 64 17 81 16 28 46 34 77 
26 64 35 28 52 31 63 60 94 29 14 0 55 79 24 87 48 62 93 76 57 21 95 37 62 5 71 28 27 1 52 59 80 83 64 49 36 54 21 71 91 17 55 36 37 93 30 64 33 38 95 41 46 84 78 0 61 67 34 50 74 83 13 98 71 10 49 58 71 78 55 72 68 36 74 35 84 17 79 29 40 99 41 32 53 3 86 36 90 64 72 35 2 48 40 12 0 33 54 32 
88 31 79 14 84 24 47 56 15 41 63 30 84 87 51 11 18 56 15 82 11 74 7 43 90 52 98 78 30 20 91 18 32 37 7 46 31 35 6 60 34 15 78 39 41 31 32 47 90 49 32 25 43 95 48 73 63 15 47 95 85 28 27 41 57 88 92 99 62 35 3 86 54 97 56 15 16 43 82 83 64 24 43 15 2 33 54 65 88 21 23 55 49 87 52 65 65 9 90 2 
24 46 42 11 98 70 32 14 76 16 43 72 12 88 18 21 68 18 75 5 45 59 94 40 39 51 36 93 36 18 57 38 89 99 14 55 2 85 11 45 50 88 84 69 86 76 2 73 78 21 77 78 26 75 68 19 94 50 40 69 25 72 56 48 30 78 96 9 46 60 1 76 56 53 25 7 83 62 43 91 68 34 49 15 68 22 88 59 18 34 80 14 0 92 84 28 9 78 20 41 
91 10 14 98 16 49 38 93 43 13 21 50 96 29 31 53 50 81 31 78 44 33 51 88 9 28 10 69 21 17 2 56 4 83 29 60 41 66 50 72 84 33 55 19 56 61 83 3 0 98 17 20 63 61 43 22 9 34 4 15 19 54 46 38 2 59 32 1 4 7 74 0 4 22 71 22 31 68 84 15 55 55 62 86 31 13 26 25 35 92 6 4 85 37 7 6 12 50 9 18 
40 92 74 68 10 80 91 38 34 70 35 49 30 62 22 4 28 33 93 13 3 52 62 61 62 58 30 25 2 36 85 98 13 88 38 81 22 40 12 43 39 33 57 38 17 65 88 85 67 80 24 5 38 29 82 73 23 61 11 30 24 94 20 86 80 49 38 46 73 64 98 98 17 42 87 22 57 39 57 74 19 64 82 65 42 2 87 46 34 39 66 98 71 66 41 18 27 6 30 80 
38 17 84 59 29 65 52 48 64 96 61 98 85 76 21 30 34 53 93 80 57 30 31 13 82 93 86 17 37 75 93 38 6 95 44 33 37 82 31 69 69 40 32 46 60 88 11 44 3 25 24 32 48 91 25 34 73 84 21 36 51 57 92 89 39 59 48 93 60 26 23 16 41 46 10 30 32 25 9 58 55 30 8 82 57 63 62 25 9 77 19 46 39 94 79 32 51 35 77 95 
78 7 45 90 34 88 34 85 53 89 63 97 9 44 4 33 99 32 68 95 93 46 24 80 32 83 58 84 62 49 11 54 36 91 5 35 75 70 82 71 36 69 1 60 22 43 82 14 11 68 56 88 45 25 48 57 26 4 53 29 6 28 66 46 5 20 59 34 73 62 36 38 56 65 6 20 36 99 40 44 62 89 97 60 94 56 70 26 74 18 7 26 29 59 97 68 17 88 87 11 
10 65 77 27 81 98 52 25 34 88 51 32 53 33 45 37 47 70 80 54 27 31 17 12 86 68 93 40 69 38 16 99 52 51 60 4 8 34 25 94 77 83 58 77 72 15 6 22 24 70 28 70 29 36 67 58 78 74 82 9 12 93 36 70 7 84 75 57 96 55 6 23 7 18 71 72 5 98 9 25 22 22 43 90 85 74 61 49 52 33 92 44 34 95 13 3 94 33 48 98 
65 27 55 49 7 98 72 97 2 68 2 62 16 93 17 89 30 36 55 73 64 65 91 4 43 67 40 51 77 60 9 98 96 64 55 80 41 28 78 23 38 20 17 90 26 79 81 0 60 57 25 93 83 86 47 6 16 13 24 9 32 99 88 17 32 29 12 99 18 6 45 46 18 34 42 73 16 12 37 10 64 95 66 45 23 48 31 25 20 53 67 46 48 44 89 8 77 65 44 99 
89 34 61 56 5 70 48 50 99 88 55 68 61 17 95 42 11 35 88 94 84 91 15 70 20 25 86 11 32 70 96 76 86 79 22 58 95 8 32 34 26 67 8 10 31 43 80 36 12 95 62 1 99 11 5 96 28 37 17 93 88 19 64 69 50 36 23 91 8 72 71 44 98 78 8 31 15 73 77 50 12 76 1 25 85 49 93 49 60 71 32 43 69 4 27 58 36 71 65 77 
97 39 30 41 25 79 66 15 15 91 61 53 2 26 25 39 22 85 23 92 49 21 41 76 23 33 91 96 40 47 52 0 37 31 64 25 29 95 0 7 98 29 94 84 18 22 85 66 19 20 91 62 38 78 65 29 99 94 6 43 42 60 88 65 68 89 12 71 46 51 28 39 53 35 22 92 13 42 10 63 79 68 76 6 52 66 23 30 0 63 17 34 95 2 85 4 27 2 97 28 
50 69 75 34 70 73 82 97 10 32 24 1 2 59 15 9 90 41 41 66 63 24 16 78 98 33 86 36 73 8 64 19 35 7 65 73 28 87 94 94 49 30 27 49 13 3 64 30 32 55 45 45 82 18 19 90 64 13 8 74 31 93 81 40 69 15 94 95 7 41 97 20 15 50 19 63 67 98 63 38 2 32 0 68 16 95 25 27 80 66 71 53 87 59 32 97 94 83 93 61 
76 44 89 86 35 94 67 22 80 50 8 73 1 56 6 95 14 24 56 85 82 48 95 98 87 24 52 32 4 62 0 27 70 22 80 41 81 4 16 66 29 89 46 50 76 80 99 69 62 22 18 3 46 48 72 92 6 23 35 65 2 3 17 0 81 17 71 76 38 51 7 25 89 54 78 58 52 86 86 67 63 87 72 25 97 88 97 12 81 3 91 57 1 56 53 48 2 51 50 92 
68 7 85 48 56 69 92 92 31 91 77 17 57 37 62 4 70 53 36 54 43 98 49 72 92 36 20 97 80 34 21 92 82 40 1 82 63 73 28 25 95 12 50 38 40 35 23 32 45 64 87 73 84 87 28 85 47 27 65 28 95 84 79 25 61 18 42 25 96 88 46 32 4 27 22 74 41 24 41 76 47 71 91 82 93 98 98 76 79 73 38 48 88 7 69 43 3 77 95 69 
10 85 26 98 60 18 13 94 80 38 22 45 43 92 52 16 84 79 50 35 82 22 61 19 94 90 23 9 51 17 53 95 82 16 35 51 13 95 42 90 3 84 23 51 49 9 49 4 68 54 91 23 94 50 23 29 41 1 61 56 58 34 44 11 22 49 26 54 91 72 71 45 92 58 92 85 58 4 96 97 82 3 18 79 31 70 52 55 90 24 87 27 54 28 68 44 65 37 71 15 
96 56 26 64 82 32 92 75 5 92 7 36 96 15 15 77 52 56 11 0 91 59 61 39 49 64 93 14 7 78 30 48 46 91 40 10 10 34 77 58 6 17 71 20 1 32 49 1 65 85 66 58 95 22 26 15 99 0 54 3 41 53 82 6 36 17 81 8 67 68 17 78 21 91 44 38 21 75 78 12 86 30 19 42 7 77 15 52 66 1 96 8 22 95 93 88 71 42 85 33 
13 90 37 86 55 94 17 6 9 21 76 74 76 97 79 95 33 4 12 89 64 92 27 24 62 50 13 92 70 38 95 22 96 40 81 75 91 66 88 59 8 52 72 26 10 92 18 78 72 99 89 39 81 99 31 65 74 80 15 30 61 77 20 35 65 70 81 76 22 83 55 26 26 42 82 49 36 85 52 18 16 43 34 86 47 48 56 39 61 27 59 87 84 95 41 87 59 17 52 62 

