96 97 95 44 80 9 17 98 56 94 18 54 64 48 30 27 40 68 41 75 49 35 53 2 43 86 9 69 83 22 50 16 4 30 44 39 66 44 83 1 16 30 6 50 93 94 60 48 57 68 77 60 6 10 39 90 99 4 41 88 51 29 68 26 17 18 89 15 91 17 47 95 33 45 97 10 19 84 85 20 13 52 90 50 38 43 6 40 35 29 73 39 25 16 18 44 14 90 23 21 
67 44 72 72 90 86 78 26 59 62 34 62 56 38 55 42 89 94 32 17 55 41 63 9 0 19 20 75 76 79 42 29 3 97 47 95 47 31 43 81 88 87 83 28 8 41 21 83 95 39 79 24 43 48 4 43 69 89 78 94 73 17 10 2 34 92 12 41 9 23 86 80 78 37 99 14 43 41 37 86 61 2 28 38 92 95 91 77 51 60 84 50 44 0 31 61 25 62 91 21 
91 69 4 22 97 3 0 57 8 49 89 46 78 59 50 42 41 88 26 34 26 47 49 34 77 57 40 81 35 89 31 24 89 79 1 60 74 89 24 33 96 47 1 89 3 99 35 29 74 36 11 66 2 51 6 43 73 50 46 67 16 70 98 13 75 60 45 74 96 88 96 61 46 10 99 60 54 28 89 31 20 12 19 47 20 46 39 49 7 5 61 10 16 54 74 89 34 84 79 31 
52 34 92 66 6 50 78 97 9 0 9 19 18 54 26 39 75 33 52 63 3 48 97 59 48 99 68 63 61 23 80 91 16 16 12 47 72 39 37 28 44 17 43 10 20 0 44 66 64 88 69 5 26 5 74 53 79 87 36 84 97 45 61 39 34 2 39 77 49 22 45 72 25 33 59 87 55 53 20 73 37 72 33 36 55 98 75 94 45 76 57 12 92 23 39 83 38 45 43 4 
88 1 74 6 18 82 44 15 30 48 7 95 48 59 41 56 46 85 94 31 6 8 29 42 13 23 69 18 26 11 14 47 18 85 31 62 47 14 8 61 33 87 62 61 73 10 13 41 68 53 89 46 51 10 34 83 65 46 6 37 24 18 29 34 77 10 30 31 98 96 9 34 25 37 7 87 18 98 49 69 31 90 89 7 64 86 45 78 2 25 9 84 52 28 52 71 19 81 85 93 
85 76 96 18 17 30 70 80 17 46 73 67 62 48 61 9 55 27 18 84 55 58 43 94 56 91 98 31 40 0 45 89 19 50 69 4 93 30 17 9 66 57 60 29 26 79 75 1 34 71 65 92 32 43 72 63 82 2 37 65 46 1 66 15 69 30 47 89 21 69 14 93 87 89 76 59 41 35 69 91 0 73 13 39 90 10 32 76 66 40 59 30 59 18 4 54 2 80 40 44 
42 7 99 81 34 9 99 2 62 32 20 78 50 33 16 33 24 21 63 9 6 99 37 25 43 85 55 87 78 76 70 82 11 40 46 8 18 37 34 10 94 86 4 82 74 40 72 57 14 2 4 25 64 22 3 88 4 97 46 13 17 10 86 90 29 96 63 71 84 41 37 74 51 9 5 20 27 92 42 99 12 83 4 49 63 69 36 31 32 21 46 57 72 26 88 61 70 68 0 54 
31 1 47 63 59 18 7 60 54 38 97 92 55 87 75 28 52 80 74 75 90 19 91 3 18 12 60 31 92 14 4 0 91 53 94 81 22 23 65 97 33 78 71 8 51 6 69 67 41 79 3 80 23 86 21 54 63 45 73 39 63 23 62 42 56 77 92 43 90 1 36 16 31 93 10 23 90 64 74 93 73 38 32 49 18 82 44 10 8 11 56 1 57 20 63 35 47 37 10 37 
89 65 16 25 48 13 16 23 74 17 81 28 81 77 21 55 75 67 39 24 48 16 85 74 68 59 35 96 47 77 68 60 27 89 1 91 45 84 79 71 82 17 84 77 27 69 86 13 38 1 23 8 7 78 92 54 64 30 69 96 33 93 41 48 82 83 59 70 41 32 3 97 3 88 45 78 70 32 58 16 64 40 49 29 38 67 29 80 87 84 35 64 7 62 55 8 88 18 25 43 
20 35 22 9 39 14 1 19 94 99 27 92 52 8 2 16 88 1 68 61 99 72 99 52 3 10 24 61 81 69 41 50 59 19 47 93 4 15 20 83 48 91 99 80 15 62 77 17 29 14 64 85 36 48 34 71 85 47 81 62 79 6 17 50 65 58 45 98 90 40 41 43 39 70 99 56 43 88 1 7 34 21 30 43 8 95 80 53 71 27 14 12 80 68 66 96 70 43 5 59 
31 71 41 58 71 22 43 74 70 71 5 82 66 54 30 67 9 93 49 27 83 24 94 82 23 91 35 67 70 14 67 77 45 94 1 53 9 74 62 27 44 68 90 67 17 61 80 66 42 26 89 5 97 60 51 53 61 43 46 28 22 23 59 31 56 51 35 36 44 73 10 82 87 61 60 38 75 2 84 88 24 74 83 95 87 41 59 13 57 24 21 38 77 10 24 3 66 60 95 74 
32 49 57 44 5 0 23 34 57 57 97 88 45 81 84 91 55 18 55 53 51 2 85 78 48 27 99 21 93 95 39 28 90 13 32 32 78 36 54 80 6 54 32 27 12 59 52 16 64 59 55 10 99 9 66 88 10 42 36 50 65 38 58 13 92 89 11 64 96 48 71 95 59 69 49 76 6 20 79 48 39 84 99 27 66 10 64 63 99 39 7 98 16 64 11 2 13 89 61 4 
97 86 20 88 51 26 0 44 89 41 29 19 99 25 79 53 59 99 47 92 43 18 72 44 32 48 99 58 18 69 0 57 64 29 22 91 42 33 85 51 32 60 33 26 92 98 38 11 66 73 50 50 71 96 11 77 8 32 22 70 37 69 98 31 90 21 33 59 88 15 27 52 51 54 29 49 94 99 9 66 88 29 18 74 2 67 19 24 49 23 19 17 25 45 16 45 46 6 12 72 
42 74 36 15 11 28 55 63 42 44 44 90 0 57 28 23 84 81 53 90 6 93 96 0 66 1 62 92 80 28 57 3 15 68 6 46 83 88 56 65 67 61 79 94 58 19 25 78 26 64 81 83 7 46 99 79 9 25 68 35 56 95 30 12 47 63 18 90 19 72 7 79 30 63 38 98 63 37 96 15 35 30 63 86 28 55 73 37 25 54 85 83 11 15 36 19 75 49 7 70 
48 83 94 80 85 8 32 27 26 5 92 29 7 37 43 59 86 54 2 51 19 70 51 16 96 28 47 30 94 24 95 11 77 88 99 72 50 5 58 85 35 42 4 8 7 63 52 31 44 44 74 48 85 75 20 53 8 75 3 84 64 74 24 52 94 57 11 16 69 15 68 11 27 40 25 66 54 63 8 10 79 93 44 21 17 19 5 90 17 22 15 67 69 62 19 99 27 89 90 64 
80 44 62 22 45 50 19 4 0 12 49 75 41 2 74 81 35 32 34 64 77 10 1 27 26 72 28 4 53 84 96 23 17 82 32 6 49 26 18 85 90 0 64 79 96 1 58 65 85 96 22 83 52 40 75 73 11 0 87 25 91 6 93 58 12 32 85 58 39 87 57 55 62 98 96 50 20 56 61 33 13 41 43 30 48 14 58 97 26 25 80 23 74 19 48 24 83 17 87 50 
64 17 9 90 55 26 11 54 99 93 87 4 54 78 15 98 51 98 9 54 5 10 14 72 45 51 98 70 88 39 52 27 15 1 19 91 62 88 91 70 67 46 75 19 9 35 83 51 61 26 22 89 7 64 50 52 56 98 19 31 2 85 49 41 61 17 29 78 9 68 5 12 0 5 67 45 37 87 75 92 16 28 27 33 88 48 1 15 75 20 19 4 2 55 66 83 84 82 87 30 
47 3 77 37 52 32 73 71 62 96 38 69 74 3 90 47 65 70 64 20 79 78 46 73 91 65 78 86 11 8 47 19 92 71 15 8 57 54 42 12 33 33 42 35 30 47 13 79 81 86 62 35 91 62 15 13 65 47 83 26 11 44 63 7 17 73 83 98 26 59 26 37 60 58 9 18 97 20 36 36 45 73 30 37 43 29 80 25 16 17 91 46 34 64 93 75 61 26 60 18 
16 39 13 9 85 8 12 85 94 50 5 14 87 49 95 74 48 4 63 64 1 3 7 38 7 14 95 70 88 88 51 21 94 82 58 81 44 5 47 45 21 65 94 35 41 87 70 1 61 42 89 15 67 53 83 63 2 68 38 54 59 8 44 98 72 12 59 29 96 18 94 45 90 89 57 8 95 8 51 83 86 62 21 45 23 96 26 57 36 36 17 19 61 15 79 86 6 13 10 52 
1 67 52 78 22 46 76 72 99 79 58 55 0 18 93 19 75 6 34 63 36 24 74 14 42 16 20 57 33 73 12 43 43 89 79 40 52 60 40 16 71 51 94 30 30 96 71 56 21 76 49 66 10 6 79 7 83 70 78 94 0 76 68 81 71 30 45 34 93 87 8 59 51 94 52 27 8 82 60 33 93 51 40 89 74 85 77 29 19 55 22 18 63 7 20 7 92 60 43 72 
67 48 42 43 5 87 9 71 51 23 36 18 41 18 27 65 25 33 48 33 54 26 40 92 27 48 74 16 42 93 89 7 9 61 4 28 3 30 27 30 50 3 75 34 87 84 49 1 38 54 40 94 81 55 40 89 39 49 79 29 22 59 14 31 32 16 99 7 0 2 90 43 41 70 61 98 75 71 0 42 30 48 40 13 91 30 14 16 23 88 51 90 55 5 72 79 62 59 95 92 
21 33 4 58 40 4 9 49 11 18 26 8 0 15 70 82 68 91 42 26 20 47 74 66 97 58 33 24 65 12 0 50 45 70 23 65 72 17 72 16 65 76 24 62 20 91 88 48 92 54 91 79 9 36 4 81 64 32 58 14 92 21 58 78 48 6 93 89 76 89 10 55 0 15 14 5 78 40 23 51 72 23 14 6 18 37 0 89 33 50 59 4 0 36 48 92 38 15 40 5 
69 97 15 9 73 18 36 44 39 94 75 20 75 14 83 47 52 89 24 91 75 24 35 58 27 4 55 66 48 90 49 87 9 47 51 78 71 53 14 32 46 82 11 11 66 95 26 52 94 68 6 22 59 10 36 45 89 5 31 35 5 7 55 19 70 52 49 59 74 68 59 56 87 66 69 31 71 47 86 70 72 17 14 0 44 48 68 9 76 14 0 53 65 54 48 94 36 17 46 32 
58 95 4 49 59 7 23 53 76 0 65 36 27 42 22 37 22 94 56 1 30 13 54 1 13 4 34 44 33 48 51 4 28 14 65 82 41 2 86 64 97 3 45 16 5 50 69 38 77 20 44 14 98 77 88 18 28 43 78 40 71 19 1 8 47 54 46 1 54 5 2 85 76 17 67 18 41 77 30 27 54 79 28 11 41 15 35 28 50 77 60 31 66 64 47 63 11 93 7 91 
64 78 58 20 19 52 87 95 4 96 22 87 28 73 27 69 65 65 31 89 48 56 16 4 80 57 68 50 73 24 23 78 85 44 40 0 58 2 84 39 16 41 29 95 36 87 79 32 56 36 48 39 53 82 65 52 23 65 15 5 84 92 59 66 4 58 70 82 19 78 24 45 4 13 35 14 4 90 38 55 74 68 26 46 21 74 17 78 78 87 13 87 21 51 63 26 90 10 9 41 
28 35 21 54 12 48 63 33 62 96 17 34 26 29 45 35 9 28 98 59 78 61 50 48 90 47 75 75 90 19 21 82 32 83 16 13 25 11 43 31 62 71 44 70 96 60 52 53 60 59 89 11 98 82 22 62 25 98 15 37 92 5 38 96 44 9 97 7 74 68 69 13 50 62 2 7 16 59 64 6 54 33 90 89 90 18 60 94 21 46 94 39 0 88 95 4 71 53 76 63 
35 49 38 38 4 64 61 60 27 64 37 55 91 61 88 94 19 29 66 3 3 10 74 85 27 84 66 77 81 67 48 86 29 84 90 92 95 59 43 22 80 41 27 54 8 39 25 29 95 47 74 30 22 25 5 88 32 77 25 16 70 55 99 47 55 3 60 48 56 38 57 89 39 56 93 15 96 43 91 75 40 0 93 86 58 81 88 32 84 47 85 9 31 1 95 0 21 65 58 8 
46 13 67 68 80 40 69 38 76 2 67 83 54 81 35 93 52 41 79 76 66 79 94 35 47 41 61 98 52 97 30 28 21 8 84 71 92 57 85 46 67 22 85 14 12 16 76 71 7 25 85 53 34 83 3 99 67 24 4 39 79 93 89 88 65 31 14 51 39 70 78 23 45 60 33 35 38 30 35 98 87 29 4 71 96 40 2 60 65 48 58 95 14 76 55 58 23 6 43 36 
63 41 56 42 50 24 46 23 64 48 97 71 84 69 14 8 65 27 13 39 80 26 33 45 45 70 48 1 34 5 80 93 54 65 26 35 51 3 53 58 71 92 86 16 87 10 52 23 4 54 65 43 9 59 35 74 41 31 91 3 67 16 85 99 43 66 70 53 75 67 30 31 46 52 94 13 75 62 38 74 49 31 22 5 46 21 50 42 81 79 13 73 17 43 6 33 43 72 34 9 
14 38 45 71 25 46 49 66 28 54 79 34 85 64 83 48 10 42 19 16 22 70 78 78 76 71 42 88 40 39 71 70 53 14 46 49 21 64 51 6 15 62 37 10 39 31 54 22 53 32 5 36 99 88 86 42 28 2 51 92 4 92 5 33 39 85 41 10 25 57 67 17 71 15 90 55 19 35 41 28 51 17 90 52 24 54 73 47 54 22 3 52 15 17 92 77 12 14 17 6 
5 76 70 44 57 51 7 24 41 47 53 64 45 72 72 53 57 82 79 98 97 93 91 76 60 3 59 11 45 85 87 96 77 3 0 55 59 64 40 86 2 73 38 82 35 53 40 34 67 57 79 26 25 33 31 53 7 39 7 67 32 29 83 12 98 57 69 73 31 24 29 12 10 16 44 25 79 32 2 32 69 28 22 49 71 4 86 75 72 7 37 0 36 60 53 63 71 82 24 47 
84 21 1 47 47 44 22 26 39 32 50 26 87 73 56 11 94 20 46 73 44 29 83 54 74 41 1 97 13 62 19 84 59 58 33 47 15 57 66 13 30 23 31 66 94 74 33 49 82 44 13 92 26 19 21 35 64 16 18 1 15 73 36 81 91 23 93 39 85 55 30 97 33 93 46 44 69 9 41 87 83 20 80 44 34 95 97 0 49 13 45 72 49 63 68 57 76 83 33 92 
45 39 79 18 54 8 48 93 76 24 7 40 42 71 95 84 57 4 53 4 2 76 14 13 31 41 43 57 39 24 57 13 60 71 9 73 64 85 74 21 84 94 24 49 98 11 21 8 1 93 10 53 21 30 41 33 54 49 56 85 98 45 25 19 73 48 23 50 60 92 19 39 43 95 92 77 52 95 44 21 81 76 52 11 68 13 26 84 25 96 41 64 4 62 80 69 37 66 27 92 
0 9 94 72 16 35 79 13 63 63 34 67 90 64 3 39 67 18 60 57 60 23 32 11 62 40 23 24 18 54 27 68 39 5 66 79 40 85 89 1 55 72 84 29 66 69 23 13 68 82 85 84 56 36 38 1 78 57 2 59 94 70 0 70 57 54 52 97 1 55 61 44 80 24 70 32 24 31 39 40 50 27 95 38 84 41 99 31 51 78 89 83 21 76 94 13 31 22 24 70 
94 49 9 34 51 76 92 43 61 62 85 13 54 23 39 67 96 8 63 88 73 79 76 84 29 95 61 5 0 19 42 13 60 69 11 57 75 28 65 35 79 2 63 51 81 88 84 91 21 75 9 53 1 89 6 89 32 50 52 43 96 71 82 50 49 84 84 50 20 33 95 88 1 23 10 63 28 24 20 4 34 9 59 93 50 82 8 63 53 67 60 83 12 89 75 82 59 98 15 47 
51 57 36 89 16 66 69 84 55 14 53 9 55 45 31 5 96 51 34 49 93 97 9 68 39 96 75 13 66 43 62 4 59 50 33 66 2 1 86 71 80 25 44 80 13 85 86 5 48 37 88 96 31 64 31 3 93 66 48 90 21 20 83 33 32 10 50 56 74 97 39 4 85 71 41 69 83 92 16 32 5 95 90 60 23 52 90 47 86 22 55 66 56 91 76 5 83 87 34 35 
64 59 49 22 45 15 12 65 53 98 88 55 63 64 20 36 74 81 58 49 59 36 3 68 79 26 71 44 23 40 91 86 81 53 0 21 33 5 41 68 87 35 68 61 47 98 69 28 62 35 70 52 79 28 58 65 79 15 4 39 88 16 75 34 8 13 20 55 12 1 3 81 30 63 58 99 72 68 90 49 46 62 71 21 43 66 2 33 87 92 49 30 47 9 27 75 9 74 1 33 
10 15 91 17 33 46 35 37 54 90 51 15 63 46 73 44 74 38 72 87 47 48 80 16 23 30 79 84 97 63 38 58 15 71 18 95 33 77 75 38 34 68 8 53 27 35 56 36 60 76 24 16 47 10 75 54 8 3 10 37 55 14 32 52 44 14 49 44 36 14 57 18 46 50 0 96 97 41 8 66 13 64 34 19 20 72 84 91 50 4 90 55 15 90 55 67 76 66 71 64 
0 50 31 22 57 68 25 83 45 45 80 61 42 67 98 1 45 25 56 32 30 21 73 34 89 51 11 8 15 0 23 62 93 10 83 50 24 38 29 63 20 89 65 6 86 99 63 5 11 25 46 37 51 94 68 73 98 25 76 71 98 73 96 55 25 48 70 57 37 56 81 92 81 19 91 12 41 58 98 52 17 60 12 61 18 79 35 49 41 40 97 79 52 55 3 98 86 22 84 92 
75 34 69 29 68 9 54 76 68 86 27 33 11 54 48 44 57 45 22 9 63 52 55 41 2 0 8 87 80 50 53 94 14 68 64 11 98 69 90 90 22 49 90 85 49 91 19 55 27 10 28 10 51 21 70 28 98 42 95 64 81 22 76 56 63 35 32 49 98 37 34 33 51 53 15 48 0 27 57 18 81 43 43 84 9 35 98 65 90 67 71 35 19 21 23 34 85 25 15 28 
8 55 59 45 68 92 49 1 43 79 98 48 65 97 73 66 45 51 95 35 17 42 26 20 93 30 64 3 76 84 82 3 13 26 78 20 76 9 61 37 71 97 17 50 54 34 43 36 52 23 56 79 84 82 2 80 52 3 40 31 25 66 53 75 75 90 68 43 43 92 71 15 18 30 56 88 84 40 1 79 65 4 47 97 54 53 0 15 87 55 31 76 15 45 0 15 69 79 12 61 
66 80 87 8 34 63 61 13 55 42 46 23 96 47 2 40 19 34 99 96 34 98 48 19 26 75 50 4 12 33 97 4 99 63 1 59 79 6 49 37 92 55 32 31 70 70 90 25 36 89 41 39 10 80 13 35 31 30 48 62 2 16 78 64 97 44 61 53 19 9 4 61 51 73 29 48 22 23 55 51 51 62 81 34 73 49 8 86 65 93 62 84 14 28 80 90 1 43 66 82 
8 14 49 45 46 75 98 86 0 56 4 15 43 13 26 74 61 81 94 24 92 0 8 71 69 37 99 90 57 28 37 13 70 35 10 36 55 53 51 68 65 51 87 32 49 54 9 66 58 21 31 98 69 3 94 98 61 39 67 23 0 84 46 50 43 15 81 43 49 83 19 22 52 87 18 47 3 10 10 16 91 11 46 39 82 2 44 50 4 99 52 77 58 9 85 11 45 94 27 61 
97 57 88 53 41 44 18 55 0 19 0 76 96 92 41 9 82 45 1 82 18 43 25 66 92 52 33 13 3 16 16 79 58 79 28 5 96 2 11 49 28 6 1 39 93 41 18 21 6 64 66 59 33 0 95 87 89 46 56 55 58 53 52 8 24 41 32 61 86 69 20 9 40 44 87 69 11 60 18 54 28 39 55 20 95 99 38 3 29 1 40 71 25 77 10 85 11 79 76 14 
94 57 43 70 47 19 87 73 21 59 81 33 11 98 40 42 92 30 2 28 57 15 22 69 0 60 67 2 68 81 60 63 81 74 46 29 57 1 85 32 75 72 87 85 51 54 45 13 90 87 71 2 76 98 62 2 59 6 4 10 66 84 99 81 54 28 30 37 39 44 13 65 70 37 51 20 69 33 13 24 35 25 64 90 54 44 35 62 19 51 2 82 41 70 31 48 29 91 67 71 
88 14 26 1 13 57 27 6 80 12 41 12 83 0 75 48 84 95 43 44 43 31 52 17 58 9 46 19 34 3 33 30 64 29 66 75 88 31 1 4 28 16 13 16 68 35 26 51 89 9 0 88 39 10 41 36 76 47 53 86 46 69 71 39 20 55 27 96 95 61 30 34 22 83 33 85 36 84 82 4 17 61 11 76 28 25 96 54 47 86 52 22 12 23 30 46 3 7 22 48 
75 78 77 35 93 7 57 43 10 98 42 34 17 39 0 58 73 6 46 72 52 4 54 3 64 38 95 22 89 81 19 54 15 82 40 72 37 23 61 85 95 65 76 90 60 15 11 30 19 83 91 54 70 99 33 76 11 47 51 96 82 57 69 79 80 1 53 36 79 18 72 15 2 1 22 48 14 9 7 61 16 86 99 15 1 50 43 34 4 49 25 55 15 63 50 94 13 31 86 40 
70 98 43 10 91 22 57 39 43 57 38 58 98 45 10 64 82 49 93 9 7 79 76 76 15 11 84 80 34 36 45 19 90 14 6 58 62 12 25 51 4 11 74 38 76 55 31 68 4 7 79 4 97 67 67 94 71 25 20 20 43 41 74 38 79 66 53 14 68 84 42 65 84 39 36 25 71 39 75 16 55 50 80 99 25 44 99 34 29 81 90 79 17 72 55 13 42 38 23 15 
64 84 60 53 96 57 36 14 50 59 90 55 55 53 70 15 59 6 76 43 39 72 46 20 79 22 3 87 42 62 46 64 90 25 98 6 82 66 1 46 89 6 60 90 13 4 99 80 75 48 2 30 5 68 59 20 29 16 37 93 72 86 68 78 95 20 49 45 80 8 80 96 13 36 41 16 4 12 76 25 94 32 21 91 62 26 90 95 12 40 46 22 51 6 26 45 6 43 73 9 
54 84 10 53 88 5 89 86 29 27 97 63 15 17 44 13 70 51 83 0 19 20 58 87 63 70 40 92 59 40 2 35 30 39 45 9 61 1 31 76 82 22 74 73 51 95 89 41 21 61 38 0 82 6 33 95 16 71 17 24 75 81 36 43 30 99 58 63 21 12 64 85 89 49 42 80 89 23 6 10 36 26 71 30 50 56 2 39 51 19 51 48 45 12 78 16 38 10 12 91 
38 22 24 6 70 45 23 80 29 91 51 81 57 33 54 3 46 53 70 74 31 75 56 84 45 68 2 91 96 63 57 74 91 20 79 18 35 24 55 44 19 56 50 69 63 77 10 38 6 80 42 10 20 80 65 90 24 57 18 63 10 66 23 36 4 52 36 62 62 20 99 84 80 70 30 15 55 12 52 60 43 23 56 80 39 57 98 64 13 46 39 85 15 42 99 36 82 3 5 33 
87 15 67 53 15 90 22 51 99 1 76 69 83 97 92 10 39 13 63 78 84 9 12 0 40 65 61 83 72 22 64 52 8 7 26 43 4 98 27 32 86 24 66 72 97 82 64 48 32 70 83 45 89 13 27 9 40 90 33 17 98 55 30 63 19 7 30 53 4 16 17 3 73 77 26 18 98 94 90 33 59 99 39 53 61 90 38 3 67 85 30 57 33 16 23 33 40 78 17 92 
86 90 32 67 71 40 11 94 48 77 23 62 87 51 63 29 7 77 71 31 33 6 17 95 92 52 30 54 53 98 12 76 94 6 15 53 28 5 66 97 82 44 88 23 48 64 43 9 80 4 52 65 15 53 83 64 67 70 77 76 36 94 27 24 57 11 48 44 12 16 87 62 85 37 42 27 30 21 47 35 10 0 49 0 80 78 98 72 31 84 26 4 60 6 29 0 10 84 45 49 
60 97 22 34 83 33 20 74 90 22 71 57 76 65 96 93 61 46 22 30 67 1 74 5 94 94 36 41 69 75 95 0 63 57 75 29 82 8 16 25 7 83 22 63 63 28 31 51 80 39 69 63 3 29 57 65 64 30 18 23 94 59 86 52 14 86 33 74 34 35 72 64 22 36 1 54 5 47 96 11 60 22 69 62 11 76 78 60 61 70 0 33 90 16 77 53 95 21 74 65 
97 20 90 62 42 25 92 65 77 20 33 32 14 76 75 0 76 46 47 63 70 86 94 60 72 54 34 8 52 51 24 11 81 37 47 52 95 83 99 77 3 69 90 31 88 27 59 84 93 11 38 98 69 99 32 71 37 81 51 45 61 78 0 24 70 88 54 21 77 52 14 42 84 88 21 79 17 89 45 99 71 75 68 16 33 75 61 7 88 73 33 15 88 24 1 91 58 11 29 50 
9 25 12 87 95 99 9 42 1 53 45 37 25 42 85 58 98 67 87 80 9 71 52 95 31 88 85 9 55 41 54 7 74 15 90 45 60 92 45 41 68 30 90 61 55 12 77 55 93 44 0 45 96 77 48 85 81 53 22 78 12 78 86 19 16 44 0 91 15 90 90 54 75 10 98 12 33 86 0 96 45 20 77 62 90 64 0 8 59 85 77 73 94 89 17 2 76 86 46 42 
5 13 72 17 38 68 71 1 48 30 13 60 38 29 82 36 42 37 90 12 12 35 94 46 76 76 39 34 53 31 48 86 53 13 59 25 35 60 2 49 95 9 13 52 57 50 62 75 48 30 68 70 48 63 77 86 78 34 52 12 75 53 18 18 96 42 18 27 40 22 66 83 18 56 0 32 9 10 55 62 17 45 55 78 40 17 42 25 64 27 23 59 35 3 83 10 81 52 91 31 
20 10 29 72 6 97 74 83 66 27 15 90 68 80 74 55 18 25 32 2 11 19 21 53 16 84 28 7 32 59 52 68 40 92 37 92 54 98 43 49 61 24 87 55 97 5 55 78 13 31 5 94 74 71 54 34 98 18 53 93 85 11 78 62 22 88 63 90 42 50 46 96 84 45 99 96 81 82 92 14 42 27 75 56 86 9 34 95 57 36 14 27 57 24 52 58 89 98 95 91 
23 49 64 45 30 50 30 25 39 77 87 24 91 89 74 81 90 26 5 56 94 90 86 42 71 43 28 28 18 38 77 26 32 18 77 79 12 47 86 63 71 85 42 88 71 10 88 37 74 14 50 24 8 44 99 45 67 82 24 31 19 8 69 32 45 51 37 68 8 24 53 38 54 34 29 13 54 60 56 99 6 66 91 67 92 14 99 85 26 50 66 20 95 21 22 20 18 3 32 40 
93 21 72 49 74 20 26 95 9 28 37 47 99 68 82 43 97 97 55 82 43 60 48 71 78 7 69 79 88 98 85 48 67 26 71 41 34 99 44 23 63 87 76 7 76 78 48 29 75 3 87 31 91 86 67 15 29 12 34 32 98 88 26 68 27 43 98 93 7 67 66 41 8 55 37 72 69 82 20 68 66 29 2 37 48 70 90 76 35 30 57 80 73 97 81 67 96 25 52 30 
51 80 77 84 97 70 40 17 27 34 96 86 11 19 62 7 48 87 55 3 44 71 34 67 79 42 55 69 27 6 23 47 1 94 33 13 9 47 20 84 72 21 10 3 9 98 13 93 62 40 68 32 37 62 44 72 67 41 47 24 66 36 49 86 1 66 25 12 84 21 39 93 43 91 3 64 20 40 56 21 7 3 6 26 17 10 56 84 58 79 67 2 23 49 91 88 76 82 15 84 
95 42 3 1 49 95 47 69 1 71 43 21 46 47 49 38 84 5 58 66 58 40 57 99 2 27 29 39 93 31 33 97 5 41 13 43 20 83 54 9 35 29 50 33 87 40 13 43 34 54 90 23 78 37 62 4 97 64 94 67 64 98 48 72 38 30 17 61 91 2 72 65 2 36 32 70 14 86 49 10 92 77 12 98 46 84 66 24 6 78 8 71 82 65 96 89 18 41 86 0 
11 68 52 12 43 31 70 20 60 17 47 62 41 14 4 8 67 31 53 65 80 28 41 92 50 54 21 51 58 18 78 82 71 57 47 79 57 66 32 10 96 1 1 16 62 81 33 81 20 53 15 16 36 58 54 46 80 44 63 83 37 21 67 39 43 50 81 85 76 8 34 40 47 2 4 44 94 82 84 48 1 61 39 59 85 95 91 51 1 50 69 72 60 26 18 71 11 89 14 11 
24 11 84 56 40 21 88 41 41 1 97 49 14 1 91 2 31 81 51 74 12 54 92 59 58 93 79 89 68 83 78 57 54 6 38 39 19 84 88 28 67 71 0 65 8 80 1 77 43 75 88 49 65 3 16 76 95 62 85 77 85 76 36 82 81 77 75 12 4 88 10 48 97 38 68 52 15 74 69 34 47 49 36 89 53 73 65 46 59 90 94 28 14 41 25 71 46 89 60 41 
64 62 28 6 18 3 71 70 69 55 1 56 33 28 56 9 46 76 31 49 35 47 80 74 84 16 54 27 20 52 45 94 6 32 51 57 78 79 91 53 56 63 72 9 89 78 92 70 95 88 9 23 34 91 4 86 66 43 96 19 35 31 66 88 86 24 63 54 22 60 1 16 7 2 57 53 90 24 40 35 93 85 0 29 32 56 50 45 80 56 30 98 51 38 15 39 73 96 11 69 
85 92 93 5 27 76 37 74 12 34 51 13 14 75 73 86 30 96 50 6 55 61 39 13 89 66 35 74 42 74 85 65 35 65 10 12 34 89 64 9 23 25 31 83 73 30 97 3 91 9 27 62 98 93 74 32 0 89 23 62 17 77 39 30 33 93 18 71 94 41 90 61 88 99 34 34 34 22 83 15 7 17 23 16 61 52 24 14 28 68 95 10 34 28 2 78 34 31 67 51 
47 1 38 15 66 38 5 94 70 92 74 44 98 15 96 45 9 37 13 11 46 44 91 99 70 17 70 10 54 87 62 67 11 99 2 18 41 40 8 30 32 38 53 38 45 19 95 97 84 18 69 32 53 72 31 21 85 27 7 21 73 16 59 72 53 36 44 8 98 87 22 19 84 2 69 70 92 61 20 31 5 22 24 41 45 55 59 3 45 78 84 93 32 24 70 93 14 77 97 77 
44 74 21 12 67 46 78 36 73 17 58 75 5 81 77 61 47 51 2 81 32 86 75 34 31 30 22 32 15 49 29 78 83 80 59 34 32 76 36 55 90 19 83 71 26 59 33 73 10 27 45 4 37 3 18 77 0 6 69 97 21 15 79 87 15 99 77 80 79 86 70 4 2 75 85 96 23 49 32 13 14 3 24 20 96 78 62 10 29 69 77 73 44 37 57 67 69 42 39 91 
49 46 46 18 97 45 81 37 60 45 18 76 99 79 59 24 58 57 87 80 73 53 3 48 70 74 41 11 33 1 92 47 97 83 94 22 60 73 35 88 18 40 71 46 70 7 25 13 50 53 44 23 76 39 91 85 33 85 44 30 21 16 74 99 51 61 51 32 2 47 99 49 84 26 74 0 90 83 52 62 41 46 23 69 83 63 68 57 44 96 86 97 47 43 3 76 92 8 93 19 
28 76 80 29 91 60 12 6 52 91 54 52 13 49 14 67 97 38 52 43 28 62 87 40 50 90 88 45 7 20 59 15 72 46 35 44 85 32 41 51 74 59 32 71 96 68 78 60 82 58 9 60 16 39 38 78 66 77 57 15 60 21 63 42 64 31 45 49 88 64 89 20 43 67 74 14 26 17 79 82 99 5 96 4 88 83 32 87 24 41 58 33 31 3 55 41 96 49 71 41 
4 10 84 80 64 43 19 17 53 35 84 21 35 5 21 6 0 14 69 68 79 68 58 92 41 58 52 51 18 70 68 23 43 24 90 64 11 32 97 58 7 61 31 26 6 36 43 42 57 17 81 77 20 59 11 87 25 10 10 29 76 44 7 76 31 57 10 56 51 92 54 86 59 37 58 69 57 56 80 25 70 78 4 97 25 67 23 91 27 47 53 62 82 73 43 83 35 61 49 67 
76 65 55 60 62 34 10 77 59 7 30 47 32 14 46 1 4 54 87 80 40 58 44 52 34 4 89 37 72 20 47 98 11 73 88 46 11 56 67 3 48 80 82 3 77 42 82 17 93 38 19 73 95 93 81 35 34 5 9 38 33 13 84 72 39 58 61 48 46 39 77 90 85 79 76 62 87 76 57 32 22 50 14 31 9 41 30 96 73 20 87 61 86 26 39 5 4 42 97 47 
20 51 60 7 25 28 40 36 90 30 23 22 53 33 30 53 36 87 96 51 72 13 91 19 47 2 98 39 83 27 77 63 63 28 39 78 88 95 17 43 52 18 32 24 73 85 69 48 82 14 86 67 46 28 12 99 77 58 79 68 74 68 34 91 18 34 71 82 86 68 12 42 27 86 4 30 31 17 24 95 26 69 46 5 39 61 27 34 79 68 75 80 12 33 85 31 2 69 20 27 
28 15 42 31 39 76 66 19 38 89 75 51 61 70 86 85 23 52 32 91 70 77 46 20 82 74 37 29 49 65 50 10 81 52 45 19 58 34 11 36 30 41 54 12 58 96 92 45 99 29 11 47 9 61 20 56 42 55 81 30 66 18 96 83 46 47 49 17 38 67 7 8 11 33 44 13 29 26 82 20 26 32 64 53 4 97 64 79 3 28 96 29 9 57 96 25 77 17 0 82 
70 51 86 56 74 37 50 67 71 74 12 32 28 18 14 3 3 91 47 41 42 21 11 20 11 76 92 37 64 88 96 41 63 58 88 28 42 9 32 57 87 15 44 94 90 57 71 26 3 48 77 16 29 50 14 75 15 37 93 78 23 77 22 99 32 28 84 23 68 21 34 76 61 61 72 45 23 6 61 96 43 77 62 65 31 11 41 75 41 30 83 65 60 13 50 95 73 33 88 69 
63 93 52 87 85 52 62 45 35 66 69 93 7 45 82 15 73 81 16 4 58 49 42 70 49 39 72 50 94 9 78 83 67 94 6 67 0 65 48 48 63 92 26 72 92 23 16 40 77 86 82 89 45 49 93 24 90 82 32 20 48 60 39 73 84 42 95 59 89 2 71 28 34 15 90 26 72 81 86 12 58 3 4 31 22 53 57 16 9 52 61 4 62 86 91 2 11 39 80 88 
49 40 70 85 8 89 99 59 34 86 78 56 96 25 99 37 26 51 30 89 28 40 45 39 80 56 57 95 39 31 37 46 18 47 59 12 38 77 50 78 39 6 85 60 96 58 36 24 67 30 40 16 66 17 18 40 87 0 62 96 88 20 62 36 82 28 84 88 71 63 55 35 33 4 99 27 93 24 38 47 72 42 55 20 0 77 41 60 14 88 71 7 7 84 70 3 5 85 98 87 
51 6 82 19 99 46 87 26 47 30 48 3 74 39 75 54 37 55 53 26 5 46 82 59 71 89 67 26 25 88 53 34 14 92 51 62 70 63 15 12 82 95 29 96 55 5 7 25 45 39 56 7 45 40 63 2 52 10 39 66 32 99 41 87 61 44 1 35 57 52 53 98 19 57 30 69 6 24 92 98 88 65 96 79 1 64 88 77 82 11 63 54 22 56 22 22 83 43 94 51 
12 39 10 55 2 35 19 7 64 44 78 29 23 85 78 89 49 80 31 83 22 99 67 27 37 22 59 39 37 47 40 29 35 17 62 44 73 61 20 5 75 81 77 97 69 68 90 61 46 47 6 45 27 36 67 33 63 92 53 29 6 97 39 98 39 82 88 85 2 87 72 60 33 80 77 7 7 28 76 61 55 93 91 42 82 61 98 91 99 32 72 8 34 17 45 90 43 23 6 17 
52 77 73 79 78 87 29 86 11 30 32 58 24 5 39 79 30 98 81 62 90 69 92 17 93 16 97 48 83 66 34 9 84 47 1 11 56 79 94 51 87 90 37 31 74 9 37 51 11 20 24 13 23 31 53 52 20 48 18 52 36 32 61 84 84 93 93 44 61 69 32 13 99 5 96 34 71 96 11 43 93 13 23 53 30 78 2 68 42 82 89 28 93 78 15 91 66 95 69 5 
33 32 39 37 74 85 97 91 98 50 87 67 73 82 90 97 55 34 20 74 83 75 74 69 22 59 24 33 10 14 4 98 54 7 19 46 63 92 48 71 8 96 30 54 74 79 93 2 23 91 95 9 64 62 57 50 68 58 51 7 51 92 24 1 54 36 71 22 89 5 9 82 39 16 72 29 48 73 19 99 33 6 47 30 96 58 77 12 22 97 2 65 57 58 43 63 37 94 5 2 
89 79 63 71 70 31 17 7 44 14 41 93 30 33 68 20 87 65 92 10 20 27 79 18 88 85 62 43 89 48 63 48 73 92 43 27 25 89 4 61 37 36 55 60 4 61 85 88 42 66 12 2 11 96 91 98 69 31 33 71 72 40 58 48 9 67 70 13 9 43 11 86 27 85 5 87 25 11 64 98 23 92 34 52 17 55 82 66 15 2 64 55 93 37 73 9 55 76 17 34 
1 71 16 3 83 27 90 67 5 33 39 5 25 57 42 5 45 18 99 2 38 53 78 40 73 75 62 0 69 7 47 65 61 91 36 88 28 73 32 99 34 81 15 21 1 24 71 73 8 32 28 13 46 87 24 82 39 54 11 45 38 64 71 59 26 13 23 44 86 54 1 24 50 69 32 84 1 37 83 43 32 10 55 64 8 94 35 72 35 42 81 59 7 67 56 75 79 51 32 28 
70 12 58 25 33 83 65 19 0 24 48 48 88 62 37 39 20 73 92 14 13 3 68 14 82 84 87 47 12 47 89 91 59 42 47 55 41 1 64 13 71 62 67 56 60 33 2 17 72 8 6 86 38 70 36 75 33 99 40 44 98 15 20 38 57 52 68 46 12 41 11 72 80 41 20 41 41 67 45 34 18 67 32 65 53 37 53 94 60 12 39 16 20 94 94 32 32 34 36 33 
61 46 59 96 57 2 10 58 70 37 0 15 73 66 81 46 78 1 22 14 86 40 95 19 38 92 75 98 45 92 60 93 49 96 64 42 90 37 95 97 32 85 37 76 78 1 54 59 14 59 88 40 99 77 10 12 60 85 71 43 87 18 96 77 79 35 85 22 29 83 13 23 53 16 93 92 71 88 67 40 4 33 59 96 79 72 34 0 35 9 85 72 75 16 56 78 35 71 88 75 
88 94 61 43 75 71 80 28 50 88 24 70 68 53 51 97 3 54 72 91 26 4 99 13 87 39 36 95 77 16 67 62 7 76 55 69 82 85 10 4 43 11 17 69 75 9 80 83 78 65 48 36 42 74 91 45 34 89 88 33 78 74 27 34 20 11 95 91 36 29 62 98 37 86 21 28 36 91 65 87 0 3 9 59 98 87 78 13 81 19 47 7 89 21 72 68 93 37 36 3 
79 5 58 81 48 90 69 16 39 22 0 29 66 39 85 94 26 79 47 80 94 62 6 38 39 62 78 31 18 69 20 37 30 16 84 47 20 45 10 8 89 58 7 88 63 0 26 10 34 51 88 35 64 0 73 54 66 99 88 80 77 39 73 6 86 26 65 81 62 61 13 17 61 18 19 33 75 60 37 21 75 33 27 57 79 67 12 90 24 5 19 63 56 62 76 26 22 35 96 54 
5 24 69 34 47 56 67 91 14 74 10 47 80 95 61 51 51 42 6 23 9 17 88 19 94 36 29 52 58 6 75 35 13 44 21 56 83 91 21 11 21 14 85 52 57 63 54 77 93 20 25 36 27 65 49 8 32 8 87 84 26 74 36 11 74 72 64 19 50 7 87 36 31 68 61 99 95 71 78 18 41 83 23 54 0 87 90 88 65 38 88 60 35 64 17 31 9 11 47 34 
71 21 6 31 73 36 56 0 93 45 69 18 93 90 77 40 24 14 9 64 57 2 94 25 8 5 56 30 30 47 6 54 19 79 58 52 38 6 36 36 59 47 2 43 11 17 15 35 41 77 0 75 92 97 82 34 10 25 98 37 79 15 97 70 4 98 91 10 78 78 26 99 50 36 58 14 18 24 21 83 5 74 64 43 59 61 20 77 83 84 90 4 90 31 27 15 57 90 57 78 
41 69 2 52 64 72 18 14 95 51 26 71 15 68 5 84 65 87 60 58 86 7 14 6 30 27 58 96 79 36 43 47 36 9 59 32 48 46 63 13 89 54 55 60 48 19 27 7 50 47 73 18 16 48 56 43 23 51 72 62 20 78 6 6 98 47 47 18 55 48 52 71 40 41 48 85 23 91 42 72 51 98 20 5 55 69 41 41 90 68 70 1 75 30 43 94 95 80 32 31 
23 33 40 77 80 0 33 87 76 8 93 2 27 42 78 42 22 20 25 9 14 20 40 72 80 62 15 12 52 18 39 95 27 25 22 7 74 99 58 81 15 62 66 74 38 1 44 94 89 59 40 58 4 72 21 47 20 88 93 16 56 59 40 45 28 77 95 92 45 59 23 92 65 13 75 91 1 77 73 96 32 36 81 14 30 0 43 4 89 78 44 21 91 9 98 21 24 39 59 25 
13 14 47 83 25 81 13 78 63 20 0 61 12 73 85 29 95 97 16 24 62 74 75 63 2 98 27 72 97 64 50 53 91 82 39 91 76 90 67 86 0 65 84 40 97 53 93 48 24 37 77 34 88 47 31 8 60 97 61 22 39 4 75 49 54 61 59 96 4 29 71 56 81 27 34 26 65 92 43 39 74 78 78 63 97 33 56 5 65 66 89 30 53 8 12 8 6 33 19 81 
48 48 51 52 37 72 50 87 78 74 79 25 30 26 91 54 96 36 2 65 45 41 15 37 51 90 39 51 12 64 18 7 85 37 76 29 60 79 80 94 71 47 51 23 36 3 43 85 6 24 20 22 93 13 3 18 61 0 37 90 31 32 46 41 41 10 86 0 38 44 96 64 93 55 41 4 66 80 47 76 54 65 99 0 92 52 96 58 20 80 94 24 83 32 37 56 18 21 53 0 
88 79 53 84 3 14 39 65 22 9 68 89 16 59 0 16 23 10 63 17 43 80 65 45 53 76 20 35 31 16 20 58 85 12 96 83 5 68 67 61 67 25 59 57 12 38 49 74 57 57 57 26 90 43 8 39 16 55 39 99 37 13 69 25 2 19 85 64 83 93 17 37 26 82 91 59 75 98 78 37 66 74 16 94 65 44 85 7 44 15 26 44 10 91 82 74 6 93 72 72 
98 33 55 61 18 43 91 76 12 40 57 25 14 97 0 32 21 93 93 52 5 11 0 73 62 30 80 40 89 72 93 90 21 97 80 24 91 60 34 31 11 22 56 84 58 74 55 97 17 33 36 24 60 83 98 99 19 74 51 44 43 81 67 43 68 23 27 43 53 30 21 90 73 73 17 47 53 2 79 16 94 68 49 3 0 88 80 69 55 66 55 34 85 25 40 31 4 21 69 93 
77 31 68 89 73 22 50 41 47 27 26 26 67 38 42 58 42 96 22 12 85 20 55 13 94 58 38 93 0 25 82 71 26 28 15 9 67 59 67 16 17 47 66 2 0 15 57 49 64 28 56 91 38 76 16 78 78 18 10 74 40 45 45 64 61 65 18 2 56 78 58 76 34 4 55 29 65 3 75 59 76 20 98 47 16 40 74 12 38 23 91 97 89 79 8 21 68 35 52 27 
83 34 38 22 30 60 43 99 51 70 80 96 46 57 19 27 41 53 1 92 5 75 35 23 86 33 21 42 1 48 50 53 4 50 98 6 34 22 56 7 17 21 24 26 4 37 76 52 5 87 5 85 35 89 16 20 51 38 5 86 68 29 29 87 24 48 99 7 33 49 48 62 8 18 67 35 8 14 45 50 51 15 29 48 85 32 64 62 49 98 88 73 75 19 58 78 18 83 37 30 
79 15 89 75 74 98 64 71 46 50 58 24 27 71 91 97 65 54 57 36 18 9 94 44 24 73 60 81 78 39 12 98 17 75 36 35 81 26 48 71 32 59 62 83 65 60 73 67 22 82 95 64 17 3 91 99 43 30 78 93 72 4 91 64 86 69 64 33 5 96 83 62 8 72 95 10 6 15 96 91 57 32 0 43 39 44 42 58 22 12 7 18 17 94 84 36 22 17 7 38 
64 42 5 62 14 32 11 30 37 70 52 20 36 96 10 80 98 28 88 35 47 54 64 35 68 25 29 45 21 87 79 62 28 90 54 12 48 37 19 74 86 59 32 99 54 54 55 20 13 83 1 69 97 8 85 93 62 13 39 79 40 31 49 16 5 70 37 78 36 94 51 47 97 45 69 95 0 30 77 82 48 37 93 86 49 42 90 19 82 7 29 19 66 85 9 60 81 73 99 52 
1 95 19 29 91 60 96 33 20 1 44 59 52 14 8 38 2 40 22 14 52 85 53 69 79 97 67 92 26 59 56 45 28 16 58 39 0 31 15 28 96 57 10 55 76 75 97 34 56 66 11 49 44 60 30 56 88 0 51 13 15 52 60 98 59 45 25 6 98 56 67 21 0 3 78 9 57 42 14 42 35 36 35 73 7 45 51 65 64 8 44 38 41 75 63 3 37 90 92 29 

