0 18 99 56 96 25 86 26 9 1 5 51 90 12 33 23 79 24 55 94 14 46 49 77 50 20 8 62 91 94 66 29 54 88 44 28 95 98 81 52 32 20 52 96 95 99 88 38 87 56 86 44 71 91 28 52 64 62 76 59 4 27 46 18 98 11 29 98 28 69 38 62 51 55 15 18 74 51 31 86 10 56 59 27 76 86 57 74 90 95 74 43 79 60 86 87 29 88 86 65 
66 23 93 93 71 49 20 22 66 43 26 98 86 74 88 84 63 60 48 21 25 28 4 46 31 93 41 53 90 45 85 45 38 26 74 95 7 9 0 43 36 31 24 76 98 89 94 78 94 83 40 44 40 71 28 97 12 42 61 39 2 79 96 88 70 27 60 88 55 45 55 31 15 91 31 97 3 13 65 70 93 80 55 33 51 29 84 12 94 71 72 10 63 87 61 92 17 91 49 68 
55 96 56 66 23 11 5 47 7 22 28 36 43 56 67 89 87 11 10 30 18 61 95 38 83 27 58 49 91 96 27 69 56 2 45 85 12 96 55 82 61 92 13 83 56 33 5 83 55 19 51 16 79 6 34 34 54 25 99 44 37 39 99 70 89 35 0 80 63 32 48 38 58 67 18 4 72 81 85 96 39 95 82 57 73 51 12 50 38 39 70 48 94 65 89 53 27 63 66 66 
83 88 34 17 37 55 12 18 96 18 75 15 36 6 89 2 21 24 75 16 17 95 90 94 26 33 8 42 20 59 27 20 72 17 15 70 14 60 99 70 54 46 26 1 21 19 54 51 38 70 17 29 47 80 82 2 62 18 90 71 35 21 39 73 31 85 17 83 21 23 23 23 41 47 52 57 10 40 2 31 5 75 91 0 26 82 75 51 57 46 49 9 9 18 22 46 15 42 81 17 
95 14 27 70 42 55 75 92 36 32 21 94 56 85 65 43 36 56 97 78 95 24 58 39 32 83 3 86 12 86 6 75 23 70 93 59 71 85 44 90 74 63 7 14 29 86 63 46 0 56 80 74 20 8 41 78 67 46 79 30 71 99 7 33 1 96 71 61 39 1 27 6 44 29 92 56 19 52 92 74 87 33 27 24 41 2 6 89 90 41 82 38 67 7 51 9 70 22 50 73 
15 15 43 72 10 94 7 79 83 2 85 63 43 3 12 4 57 94 52 74 54 62 48 61 4 60 31 25 49 18 54 46 66 55 66 62 49 22 93 24 72 8 91 24 63 18 9 77 1 20 61 5 26 39 49 75 83 49 56 13 2 50 74 93 84 65 22 17 16 41 54 34 98 85 75 9 80 95 31 99 28 64 3 35 82 98 92 13 63 86 51 46 38 16 43 13 25 5 24 96 
44 43 70 67 6 71 96 12 76 44 57 83 90 62 67 20 10 69 58 31 0 95 67 35 12 79 94 99 6 83 72 21 75 89 85 7 94 49 61 30 78 46 77 1 3 30 97 55 11 75 27 9 10 84 6 70 20 3 97 67 6 92 50 28 99 37 14 68 65 83 65 38 90 50 73 80 8 33 20 81 29 40 51 85 6 77 90 40 74 16 88 88 62 2 33 26 52 44 15 79 
40 22 89 50 61 98 75 37 76 17 86 73 86 56 18 22 59 78 57 51 95 78 49 26 76 70 10 31 8 35 6 30 9 28 1 54 18 67 41 16 71 47 97 20 16 11 83 38 74 43 72 75 50 17 55 38 10 1 62 30 93 96 48 73 19 14 57 79 65 34 68 47 86 68 74 82 66 61 44 42 10 77 46 96 48 57 89 32 24 13 86 88 75 49 36 76 14 8 29 61 
55 6 91 57 44 42 93 90 92 58 95 69 27 30 49 68 80 90 4 79 32 44 33 8 32 81 36 34 99 23 44 11 47 22 80 24 93 11 81 20 31 22 5 75 41 71 67 26 78 4 88 4 52 45 10 3 90 43 82 35 41 81 83 78 81 92 41 21 46 70 20 53 94 5 41 10 69 85 6 36 22 23 64 91 23 47 72 24 17 21 47 24 32 59 15 21 10 19 19 43 
38 23 44 45 74 92 13 11 50 70 27 47 69 36 98 79 82 68 64 64 27 30 71 65 65 82 89 37 61 7 58 75 73 97 6 27 73 65 63 9 56 76 9 74 86 93 84 68 60 7 50 23 46 54 34 85 55 21 16 1 42 92 10 28 12 30 14 0 73 38 69 58 84 97 87 13 21 15 91 79 49 76 14 8 9 41 16 65 14 99 51 58 5 10 26 3 9 77 28 43 
66 93 49 98 28 83 44 30 31 55 23 24 38 71 92 0 1 3 32 12 83 86 9 64 15 61 96 55 87 42 95 73 54 76 19 2 75 61 89 31 19 28 88 74 41 4 75 86 44 20 39 55 97 1 23 10 11 77 10 69 55 77 48 18 23 33 37 26 6 43 79 32 65 17 62 90 5 3 72 31 12 72 93 49 52 48 77 33 50 94 33 17 23 86 8 41 65 74 93 53 
35 53 59 90 62 4 60 87 63 44 79 70 21 99 54 71 41 43 11 8 58 72 61 94 58 17 45 51 82 10 85 56 65 35 96 64 81 68 63 42 85 51 80 80 98 82 86 57 14 54 48 52 17 11 97 21 60 39 19 27 28 17 43 98 97 81 72 60 2 25 59 87 66 1 11 12 47 59 88 98 22 29 70 20 11 40 79 9 86 98 12 58 62 34 0 36 26 95 97 87 
53 82 72 45 94 80 91 91 20 72 30 79 70 0 71 13 39 17 81 59 23 27 86 71 25 71 95 14 40 69 57 31 39 21 26 96 22 29 66 17 78 59 50 39 32 79 4 67 13 72 80 30 88 71 94 3 0 31 70 67 59 39 33 16 75 17 84 77 93 37 62 61 28 62 25 75 39 30 73 61 21 63 24 7 87 60 77 97 15 54 67 87 28 25 20 10 90 78 79 52 
83 38 96 36 22 83 66 78 83 97 69 47 95 48 96 94 94 72 88 70 46 77 35 60 22 32 72 15 55 13 80 36 93 86 99 65 21 92 91 25 21 41 70 87 48 18 86 90 8 33 42 14 10 34 22 91 9 42 23 82 54 60 56 42 54 48 97 41 68 59 82 51 0 36 38 46 4 96 80 47 90 53 69 92 70 62 84 15 54 56 99 97 51 92 86 34 90 7 28 68 
47 50 96 53 68 44 58 35 29 36 7 14 63 55 55 45 3 93 76 17 80 27 73 56 51 81 13 71 22 65 54 85 22 0 25 79 94 35 98 0 69 93 31 59 75 15 2 84 59 64 24 80 43 81 12 93 5 96 84 65 29 1 20 12 2 41 61 72 49 35 50 97 15 19 48 42 7 53 67 30 4 1 58 38 56 4 31 85 45 7 84 25 55 79 97 70 42 37 4 29 
25 46 89 91 36 34 97 13 66 77 61 78 82 74 11 19 62 55 65 83 44 48 1 11 4 79 68 27 39 52 53 41 47 26 76 17 79 54 16 47 84 71 14 29 43 41 19 8 33 82 71 76 89 53 59 10 9 29 76 18 36 82 13 21 2 42 64 21 68 63 47 42 25 39 76 91 57 68 85 81 34 76 26 31 76 56 17 67 97 73 79 24 53 55 56 73 66 14 18 20 
7 9 35 86 82 33 16 15 63 14 87 37 92 51 55 18 50 20 41 81 21 3 91 64 90 0 62 24 84 74 29 9 45 8 96 29 38 21 58 21 54 38 67 65 63 30 77 49 94 8 29 45 99 63 8 31 92 39 75 58 22 42 72 17 41 5 13 36 10 19 78 11 93 2 10 12 63 21 90 13 76 18 18 75 10 10 88 29 14 1 46 88 15 14 74 87 63 14 44 74 
4 59 4 18 92 29 32 83 5 80 20 70 4 13 48 42 59 82 66 29 56 43 60 78 52 6 16 33 64 45 43 56 26 22 51 93 8 75 89 42 28 15 37 87 3 85 94 78 80 68 1 47 31 19 73 51 55 82 2 75 3 8 75 29 40 70 88 82 40 64 36 4 1 79 6 41 68 94 70 37 36 9 6 76 94 19 13 56 39 86 16 78 84 13 0 55 4 17 71 49 
36 16 34 13 50 42 38 11 48 32 22 96 51 87 13 76 81 97 40 64 80 83 2 42 60 34 22 58 76 89 8 27 84 19 84 38 37 57 35 90 94 91 39 26 10 8 6 19 37 7 54 72 19 79 19 78 22 13 8 55 4 64 27 24 89 25 47 35 78 61 51 74 10 28 9 84 60 22 88 15 53 0 22 32 19 35 80 71 46 89 67 82 30 69 7 87 62 55 98 19 
88 0 60 66 40 29 88 21 77 95 53 19 65 95 17 87 8 60 86 76 49 65 75 66 96 75 85 4 27 55 8 63 75 44 87 46 41 83 39 79 61 78 43 21 54 74 47 37 11 44 90 62 26 47 12 64 69 76 14 9 89 78 20 63 75 71 47 0 48 47 60 86 13 67 23 21 79 88 88 76 11 93 99 32 85 38 62 15 42 11 67 36 95 5 47 38 52 83 39 17 
41 35 85 67 24 78 77 28 8 17 23 49 52 30 72 35 78 6 41 56 74 32 39 61 37 82 5 64 3 22 14 36 77 1 51 34 15 39 72 54 25 41 70 67 43 58 88 23 2 19 40 42 81 79 77 37 88 59 46 46 12 54 81 94 27 95 33 22 69 94 70 90 55 40 47 56 51 63 80 91 32 9 84 90 43 36 12 91 59 10 26 8 29 86 97 74 3 67 41 92 
62 7 9 97 69 58 79 4 40 16 0 40 89 9 69 40 37 7 33 20 14 17 36 65 32 14 7 30 66 64 21 63 66 50 22 10 84 8 26 56 34 65 52 13 36 17 27 19 30 40 44 32 90 55 5 58 92 46 78 26 51 33 59 8 82 51 57 42 26 96 52 48 54 78 63 27 49 62 25 16 19 72 5 6 70 32 65 82 10 6 93 31 42 88 5 95 37 50 49 9 
69 99 56 39 79 71 79 37 16 40 69 42 31 81 27 99 82 55 16 94 13 34 91 57 64 8 15 79 88 72 88 70 97 58 75 9 86 8 94 76 38 80 65 30 18 0 80 38 99 2 30 37 93 18 65 87 55 69 19 72 17 19 16 90 68 11 13 4 78 37 29 48 22 8 58 7 96 42 10 92 71 8 82 16 66 66 23 14 66 47 75 48 6 49 62 76 92 32 82 49 
87 18 88 64 92 18 64 90 74 69 26 73 28 14 14 55 45 95 65 69 22 86 53 32 27 28 6 72 53 23 26 71 41 32 26 12 49 65 31 51 91 59 52 28 10 54 8 5 5 43 6 93 33 26 51 47 50 46 52 36 13 90 93 12 93 37 57 18 36 8 14 21 79 38 31 49 36 33 81 7 14 59 51 66 46 39 42 30 37 33 51 94 46 68 2 76 94 42 43 15 
9 5 2 88 98 16 97 37 2 51 85 24 37 48 25 43 57 66 69 20 48 43 81 14 39 88 42 56 88 76 33 46 36 75 56 66 73 52 0 28 16 76 43 49 65 20 70 16 7 77 10 3 1 7 0 73 57 20 37 4 48 41 99 24 98 38 5 20 20 18 9 69 31 9 16 25 50 45 14 59 47 9 11 63 78 41 57 87 39 63 83 27 41 31 97 8 18 49 16 81 
49 69 48 81 46 80 69 89 9 1 43 9 41 99 25 6 22 73 52 47 73 81 7 26 95 81 34 92 65 26 24 31 2 11 97 24 1 87 96 69 17 54 91 89 62 45 72 25 70 51 4 17 92 70 15 20 35 14 43 80 86 89 68 10 46 67 15 1 53 60 1 16 46 79 16 84 65 85 76 74 21 35 55 3 70 94 41 58 80 32 5 86 37 16 57 19 46 69 56 84 
65 61 26 7 61 72 92 29 78 82 65 33 35 5 63 82 29 81 26 75 74 54 53 91 58 92 71 78 56 6 54 58 49 85 10 5 88 9 47 62 78 35 34 66 0 85 41 77 69 92 14 36 93 48 46 90 62 65 90 2 67 76 98 15 26 23 32 35 86 50 31 27 52 42 84 99 1 83 89 46 1 17 16 57 74 98 91 80 8 47 66 59 88 96 0 82 95 37 73 76 
68 35 79 13 32 98 51 83 81 59 27 89 45 85 86 81 80 68 15 4 69 87 86 47 65 30 51 32 0 50 85 1 48 20 46 48 95 99 43 88 80 86 26 83 37 17 6 41 4 6 35 76 91 91 11 80 65 63 5 76 65 18 55 37 65 45 5 63 27 5 0 47 67 50 11 44 54 71 1 28 1 76 51 48 36 41 65 70 88 21 28 67 59 65 9 37 88 66 52 3 
31 76 37 11 69 57 95 59 87 69 63 55 83 91 51 53 44 43 48 82 95 18 41 32 25 79 5 45 43 51 67 83 48 72 67 60 78 61 75 93 36 97 88 61 62 45 75 91 61 39 92 39 5 48 88 72 88 12 76 92 92 53 17 92 36 81 78 64 79 64 38 49 82 77 7 75 11 15 18 5 53 71 36 22 34 21 60 59 51 52 54 39 51 42 23 94 94 63 58 81 
19 48 19 40 16 60 22 16 61 94 25 48 91 77 18 3 95 63 75 44 90 52 43 97 34 99 26 60 34 38 31 95 38 51 45 17 38 29 39 30 40 24 33 75 60 96 16 77 27 16 99 80 1 58 83 75 51 25 52 34 81 95 25 11 41 20 57 5 64 38 31 82 5 95 23 87 55 64 75 97 94 35 53 98 17 23 49 0 70 2 13 38 2 20 39 97 59 19 23 40 
19 66 10 62 39 13 74 23 16 53 78 6 60 28 77 35 89 28 22 93 57 28 11 61 45 67 6 40 16 64 23 93 38 29 91 90 54 0 9 28 64 63 79 37 50 83 99 2 5 87 50 66 38 14 96 6 67 50 98 84 68 15 97 13 74 39 24 1 59 95 75 58 61 62 0 50 79 36 98 16 74 14 53 18 69 24 78 46 3 91 23 2 64 84 32 55 14 12 63 28 
53 81 69 72 49 50 98 92 96 7 7 37 75 19 86 10 28 65 11 96 1 36 88 54 79 67 73 16 34 56 65 23 68 64 47 7 16 91 5 67 40 64 47 64 68 16 75 21 97 35 75 10 54 35 11 56 54 40 48 63 46 84 58 97 60 59 77 70 25 53 49 40 15 59 24 70 26 80 14 27 79 41 72 52 65 35 6 51 88 59 9 41 47 38 69 54 50 66 86 78 
20 97 2 99 49 24 62 2 31 19 68 26 75 7 17 59 82 16 26 3 9 68 56 1 8 59 68 51 85 69 20 54 53 17 31 87 39 76 75 49 46 9 5 4 11 73 49 75 34 54 95 37 5 88 44 68 13 88 21 72 74 64 9 31 25 78 81 73 0 77 61 38 8 90 29 5 14 95 25 15 56 29 72 65 97 25 19 74 91 99 37 24 56 99 70 13 79 37 28 81 
84 40 74 74 71 34 15 34 33 78 25 8 32 49 19 26 28 0 39 26 13 30 24 72 59 71 43 11 3 56 52 61 32 98 16 64 94 13 9 83 14 8 45 85 90 90 2 81 38 18 53 37 99 83 94 3 47 22 15 77 66 57 5 88 83 58 79 93 86 63 53 35 32 22 68 51 3 60 90 81 32 62 96 26 46 0 62 30 5 13 68 40 11 67 74 24 37 47 77 85 
65 88 36 99 55 5 67 22 54 99 55 3 37 35 58 90 25 12 82 89 52 89 96 0 94 5 81 26 87 75 72 39 61 88 73 38 48 55 31 85 39 11 5 46 81 87 77 96 24 86 72 7 32 4 16 33 84 29 20 37 88 69 50 28 82 99 58 41 34 58 2 32 31 37 51 3 80 49 83 21 8 60 93 68 50 4 32 17 59 26 20 62 60 64 13 63 15 54 81 55 
1 44 12 37 81 11 74 54 19 5 54 81 84 29 4 82 73 7 0 11 78 80 48 24 12 54 54 65 24 15 7 85 98 27 43 73 54 70 27 70 6 82 58 67 4 93 71 10 97 87 63 45 42 79 74 44 18 10 12 61 17 16 68 55 0 37 97 91 56 15 96 47 43 62 17 44 36 16 28 79 47 99 50 87 97 39 68 61 81 84 57 20 83 19 32 52 79 52 64 80 
41 13 37 39 32 8 1 15 21 26 45 67 6 79 10 51 70 44 75 8 62 12 99 18 53 86 39 16 32 35 54 7 72 63 80 23 64 61 40 61 14 51 96 10 54 10 12 54 97 74 71 41 87 14 79 70 71 12 64 49 21 94 59 10 58 31 87 34 63 15 44 1 48 20 58 5 67 62 79 54 59 14 40 71 7 59 85 64 25 56 85 72 37 21 65 1 54 80 91 62 
10 79 14 28 33 23 42 4 82 18 18 19 15 74 66 3 70 25 93 2 48 44 16 0 93 24 39 1 24 73 28 23 52 9 1 46 91 21 2 14 26 10 24 89 70 67 36 32 53 81 31 85 19 35 9 3 3 27 0 38 45 72 6 58 62 14 79 58 58 3 20 35 96 18 46 11 38 6 44 75 91 7 82 60 27 17 86 77 38 2 93 11 4 4 1 31 38 80 6 84 
76 27 21 61 43 43 84 5 49 65 80 7 49 68 47 76 7 14 70 7 2 37 10 29 69 29 56 93 78 80 27 77 3 47 65 1 83 59 94 36 7 90 44 29 21 6 50 32 35 14 56 37 56 69 99 75 16 39 57 25 6 67 6 37 75 17 12 30 92 63 48 40 94 19 70 65 61 19 63 90 3 37 73 66 91 84 27 6 70 27 54 94 40 76 63 99 2 91 93 10 
43 32 41 24 72 62 29 94 52 82 50 95 48 3 57 18 60 15 15 86 62 79 68 61 26 58 1 8 10 88 13 25 35 92 55 9 17 90 92 88 39 86 90 58 13 97 76 11 9 83 72 50 5 20 26 9 76 15 14 84 34 59 77 88 28 52 20 50 75 43 36 76 93 9 52 3 27 1 69 47 80 18 20 78 89 2 22 11 20 62 8 86 23 86 91 99 47 1 24 48 
80 56 77 10 82 6 57 96 56 0 50 90 77 2 75 24 84 82 86 99 28 62 84 78 0 88 31 49 75 14 41 6 3 67 27 2 67 49 42 34 50 75 93 61 98 65 71 77 34 10 55 28 91 97 90 69 69 9 83 87 56 10 30 73 65 43 41 82 7 62 6 68 69 40 51 35 1 57 58 40 65 72 65 10 62 30 97 75 47 33 61 84 31 95 2 69 92 20 8 45 
50 13 92 44 79 77 40 50 9 69 78 86 79 50 56 51 92 73 63 15 56 36 55 73 3 56 26 89 99 99 21 37 44 22 67 58 34 29 51 95 39 13 53 30 92 62 40 40 89 86 30 54 38 98 19 5 68 93 18 66 67 42 6 98 30 25 84 7 58 39 10 20 98 17 31 62 26 55 28 32 25 78 27 59 41 64 13 61 50 26 18 43 62 14 95 58 11 6 51 99 
89 21 43 33 26 89 78 42 87 76 73 1 69 75 38 75 92 40 3 41 2 19 17 5 95 47 26 70 52 97 92 13 13 14 83 30 92 85 77 75 90 71 59 11 80 50 30 54 63 71 88 4 39 56 61 39 86 70 1 13 75 83 86 6 21 94 98 65 54 81 67 5 96 87 78 87 82 95 29 87 38 30 3 99 70 69 48 46 0 9 30 52 70 90 99 37 22 1 92 17 
38 65 73 15 8 0 54 41 92 47 73 70 46 55 53 69 97 70 95 62 48 25 55 50 85 35 17 11 99 75 4 88 28 9 39 66 42 54 82 12 57 28 59 81 26 88 50 75 55 87 6 66 86 11 57 53 94 79 77 4 80 52 15 38 3 65 29 89 26 89 31 61 49 40 35 61 62 63 6 8 33 68 72 10 47 26 87 37 71 0 39 99 73 4 69 85 3 70 26 57 
1 81 33 7 5 37 69 69 19 86 0 13 25 38 71 23 74 25 99 31 16 92 79 20 31 99 86 34 32 42 3 50 14 71 96 91 88 53 17 31 4 24 85 26 42 39 33 37 59 98 83 59 87 30 96 32 49 41 50 52 19 82 49 23 98 29 60 48 22 71 18 15 1 13 86 74 32 65 7 95 3 68 32 96 74 37 39 43 35 63 85 60 23 39 6 4 23 92 36 35 
28 91 33 98 74 52 56 73 32 54 65 10 17 55 42 47 28 91 48 96 10 63 18 5 96 43 38 63 75 1 74 68 53 92 78 95 68 7 26 32 45 64 63 74 93 79 81 71 62 11 47 80 37 74 10 57 23 12 95 73 86 54 24 50 73 8 17 0 34 9 27 51 63 33 8 82 31 24 48 53 47 69 44 55 61 61 29 76 11 73 47 89 26 89 39 10 92 50 5 6 
37 22 58 85 47 15 65 70 48 74 85 0 19 21 2 56 32 18 43 47 96 70 16 64 85 4 11 3 43 46 84 55 88 10 24 15 79 13 83 51 67 81 34 77 74 67 75 91 52 43 24 46 14 66 44 65 59 33 99 6 85 8 44 59 39 66 33 77 42 79 64 9 25 25 72 40 37 27 29 45 96 31 47 4 90 71 59 98 90 6 69 18 43 29 98 70 58 84 93 98 
73 81 28 3 36 54 83 36 27 69 53 6 53 38 25 78 47 76 11 39 32 89 51 32 96 15 14 15 90 89 52 98 46 3 53 34 26 85 82 34 25 42 59 37 90 59 38 83 70 57 35 45 16 45 18 31 92 59 44 62 54 9 25 86 88 41 65 74 35 24 27 29 38 44 74 79 51 52 38 56 34 2 50 8 87 34 74 88 67 33 59 52 86 33 2 62 28 47 81 38 
42 20 8 6 38 56 48 7 93 40 13 93 47 51 1 63 32 84 62 31 26 94 52 69 31 51 1 49 84 81 33 46 43 50 18 40 89 43 15 10 14 79 86 45 77 93 80 19 83 55 96 83 96 44 36 0 44 85 83 28 7 23 77 63 42 20 57 32 20 15 32 79 65 57 87 88 53 30 35 91 52 71 58 89 1 5 73 10 61 89 43 38 70 70 21 57 23 76 88 70 
82 2 71 83 63 94 10 91 34 15 33 68 96 92 65 16 26 79 15 2 63 17 15 8 15 64 56 3 47 21 53 37 59 78 63 62 82 11 56 10 4 17 95 50 14 74 73 25 86 84 36 89 37 20 97 90 41 62 0 54 22 62 22 69 95 5 54 63 33 90 96 92 76 18 62 4 19 6 74 31 21 87 58 22 55 82 98 95 40 77 15 1 30 73 40 96 31 22 78 43 
40 84 4 46 61 20 92 10 65 74 63 43 68 35 26 26 98 22 58 56 37 63 57 41 69 57 51 3 67 21 24 65 8 41 54 0 27 69 33 21 58 99 37 93 57 62 36 69 88 54 21 0 83 94 32 49 78 82 75 1 61 74 64 66 84 46 28 5 7 31 51 97 42 34 33 0 83 15 8 58 32 93 3 39 54 25 99 2 78 84 27 24 75 68 94 57 92 9 72 41 
92 84 64 69 7 97 84 45 99 22 42 5 43 19 51 83 27 59 5 24 64 31 33 60 56 9 57 87 73 12 74 9 70 90 14 14 91 6 1 31 19 95 29 4 47 80 22 58 68 18 15 6 44 23 15 62 21 16 91 52 6 34 56 33 26 28 91 12 42 76 59 19 22 62 14 44 51 85 72 20 8 69 81 85 38 92 38 34 8 90 78 15 51 18 8 64 67 58 7 18 
50 86 73 24 81 99 57 0 67 12 29 82 72 64 75 68 47 35 66 71 88 49 59 84 49 42 28 75 1 20 96 28 53 54 92 59 58 99 10 14 60 70 89 76 78 35 56 8 10 50 66 61 90 58 61 73 15 49 46 61 60 6 9 79 34 91 36 51 19 0 41 2 33 35 83 29 41 66 70 92 83 98 12 82 8 1 62 3 9 11 63 11 41 24 49 15 18 77 29 61 
84 27 5 57 3 48 17 57 38 53 79 53 31 8 10 36 61 75 60 69 39 36 50 73 31 62 41 87 44 20 95 1 40 85 12 11 32 47 29 2 3 44 68 95 65 38 5 47 65 58 9 73 22 96 49 78 83 24 65 88 28 64 65 74 63 96 56 71 94 6 28 93 38 67 77 97 41 18 9 32 61 16 79 59 53 31 2 54 44 31 17 81 30 53 37 9 61 62 18 82 
41 95 25 53 3 3 61 11 24 2 9 98 56 23 94 44 73 9 58 18 18 53 80 75 23 59 13 57 70 69 1 99 99 16 38 28 17 42 66 98 93 84 23 42 82 41 36 20 1 2 33 46 77 39 59 50 26 22 65 63 87 87 27 83 46 40 49 18 64 29 86 58 72 51 9 20 0 12 99 50 65 42 15 1 50 94 79 25 0 82 35 59 72 63 34 37 33 67 83 20 
88 89 74 66 94 90 92 75 65 62 69 7 9 66 59 40 64 96 46 64 83 12 34 35 7 96 20 2 57 96 96 50 30 60 98 39 38 27 4 12 61 62 16 70 50 4 59 7 3 79 60 68 29 78 77 74 10 72 95 30 61 61 16 15 89 36 50 97 96 9 77 22 0 4 97 28 55 89 77 73 16 89 3 13 2 18 81 46 56 50 27 76 29 61 43 16 61 84 69 3 
68 92 79 58 55 92 55 72 32 86 78 66 13 92 9 50 41 66 34 16 82 78 38 73 29 24 40 40 70 95 88 29 71 92 17 60 29 78 56 7 2 58 34 3 33 31 72 4 97 24 28 67 55 52 34 24 70 46 80 36 1 3 56 52 60 93 32 59 83 34 14 72 96 32 80 60 73 66 30 71 73 22 54 80 99 80 41 78 39 24 71 39 2 63 39 24 8 76 4 11 
76 44 66 53 58 38 94 36 95 9 11 90 6 62 10 86 38 90 5 50 69 16 21 46 11 39 93 4 94 55 81 29 60 76 68 3 77 35 54 88 86 52 69 41 86 71 30 78 89 59 59 5 71 83 46 73 66 51 96 25 78 11 46 85 83 78 64 88 52 14 73 95 99 67 67 77 76 13 51 40 63 41 22 74 33 17 93 31 98 95 6 27 64 56 25 38 86 19 82 12 
95 1 39 30 9 46 96 26 89 16 77 75 33 77 0 67 55 75 83 53 0 87 40 24 1 3 4 41 40 9 69 54 94 19 36 20 24 61 29 55 44 75 51 15 97 56 51 65 18 11 5 94 90 91 98 39 84 58 80 70 9 14 30 67 86 92 91 18 12 68 62 5 41 17 55 49 89 16 20 58 77 51 84 3 18 20 36 66 49 35 17 55 22 12 85 43 46 72 29 68 
70 35 75 27 25 99 35 53 29 11 7 78 32 13 51 19 96 0 26 74 17 41 15 55 30 97 10 17 35 15 51 1 21 83 67 10 82 14 12 62 71 7 28 92 64 19 69 71 27 8 63 74 79 79 9 84 85 79 65 93 19 74 19 78 17 78 95 18 18 82 6 5 61 26 22 81 63 20 41 11 11 73 61 51 75 27 76 79 32 52 97 25 13 99 5 10 39 5 64 54 
41 95 9 30 74 99 47 29 0 0 72 82 8 33 18 28 57 88 24 3 74 23 44 98 74 7 51 6 62 65 68 98 10 74 16 44 15 9 13 95 88 42 70 52 43 14 22 70 22 66 1 41 79 15 56 11 4 83 31 93 22 4 19 67 25 37 25 11 11 54 17 79 17 64 79 14 31 22 47 84 9 97 87 4 44 2 41 97 86 73 58 60 84 88 51 89 66 37 70 88 
58 81 11 90 26 45 46 48 52 79 52 15 39 17 70 93 55 71 29 3 12 58 48 15 43 96 50 63 26 95 24 55 77 54 62 40 64 1 25 61 78 88 16 87 39 26 5 63 35 94 63 47 19 55 21 61 83 56 22 98 72 57 90 11 14 17 32 52 22 76 66 82 14 36 4 23 53 24 17 99 61 55 78 53 22 39 97 91 57 79 25 74 52 9 82 21 16 30 91 23 
4 15 94 67 88 93 68 96 33 43 2 73 7 58 27 22 81 21 3 52 40 91 71 46 58 98 46 0 52 37 40 20 94 96 37 91 58 74 16 45 44 47 60 80 44 20 82 94 36 47 0 85 4 3 94 78 95 4 32 25 56 62 27 88 53 28 91 58 10 15 3 87 97 68 23 73 0 39 3 16 36 56 88 53 49 71 77 39 79 74 26 60 91 82 19 11 52 19 55 93 
91 64 43 45 77 67 30 99 4 64 1 41 9 92 99 77 4 35 59 73 0 86 16 28 45 83 42 48 43 78 66 80 45 17 34 20 18 6 22 91 7 96 10 32 93 27 5 4 60 51 97 31 32 51 32 77 35 38 2 63 19 43 96 58 9 90 25 79 30 11 11 40 57 77 80 26 6 33 14 35 66 24 3 6 22 45 1 76 76 72 96 98 55 20 21 92 46 80 56 4 
69 40 77 99 99 4 52 31 79 50 69 30 36 8 9 29 35 12 54 89 72 83 36 30 35 79 21 38 53 93 50 12 33 55 4 40 4 90 82 98 17 14 51 72 76 36 62 41 73 57 28 99 28 93 94 82 88 58 76 6 80 94 17 65 68 42 79 58 36 94 50 51 6 93 12 70 58 97 3 54 22 54 95 51 39 69 22 47 89 92 73 67 50 92 55 31 65 27 91 77 
92 23 83 23 76 91 36 87 9 89 21 91 10 76 62 77 97 62 95 96 90 81 65 15 68 77 81 81 57 97 69 42 59 39 70 86 35 9 46 80 57 30 58 12 12 59 75 68 55 70 6 3 56 61 12 99 76 23 31 0 23 40 7 57 89 13 79 51 69 77 72 60 86 82 10 54 76 44 48 4 28 76 71 84 93 27 74 62 40 20 61 44 55 76 5 46 59 1 2 7 
76 29 72 32 12 95 63 25 2 61 66 26 24 8 90 64 24 81 82 37 91 74 14 8 54 21 1 59 44 75 15 81 32 27 83 24 44 63 51 76 63 16 49 62 15 14 14 75 46 18 38 43 50 72 19 96 66 95 97 7 76 23 81 74 23 37 37 19 90 0 64 32 78 7 89 31 66 90 53 88 1 3 12 97 39 50 61 53 85 14 70 52 87 13 18 62 51 53 41 25 
76 1 44 89 79 68 78 78 4 44 65 48 12 26 9 34 1 59 6 31 47 26 68 18 2 65 60 60 56 69 5 12 68 6 19 54 7 30 47 70 86 36 63 43 11 52 9 51 13 69 42 89 99 79 3 87 72 11 32 25 28 80 71 97 85 43 39 39 16 56 29 32 58 10 47 63 75 5 23 64 10 63 47 92 1 22 27 24 46 3 42 88 33 41 56 67 80 20 71 97 
5 76 28 80 35 55 69 47 59 78 69 16 56 37 47 48 89 97 95 28 62 6 53 54 82 82 44 88 28 25 70 56 83 53 16 21 22 45 0 1 32 93 65 7 43 43 91 3 16 17 32 48 62 98 15 34 0 22 22 24 5 98 45 51 40 47 69 83 53 1 34 74 4 7 68 95 60 42 47 16 5 27 98 95 42 12 26 49 18 53 84 60 43 27 56 55 7 18 34 56 
23 96 49 21 65 45 70 94 54 80 3 77 96 33 25 99 28 61 79 22 16 95 20 8 39 49 19 19 97 90 24 17 24 48 10 6 51 58 35 40 70 18 31 27 6 13 13 52 42 3 46 90 18 36 95 31 52 50 65 32 28 55 95 69 41 27 0 35 72 33 58 66 78 1 94 5 98 6 65 67 68 84 22 93 93 61 77 90 66 31 15 26 7 38 99 1 21 84 93 50 
22 56 77 87 12 55 38 32 8 84 55 84 80 95 89 78 88 56 70 64 62 45 46 68 7 57 96 36 4 18 79 39 36 78 62 84 32 53 97 63 57 86 25 30 20 43 81 2 60 70 46 26 47 54 48 74 22 37 46 76 94 15 67 59 27 83 90 89 28 88 55 99 39 50 24 58 55 54 19 28 11 88 12 39 93 76 1 93 51 63 48 21 24 70 57 10 54 18 37 93 
18 31 54 11 97 79 31 79 46 67 75 93 59 56 85 24 65 73 39 53 42 21 3 60 17 31 65 67 21 1 50 13 14 5 89 80 80 41 36 58 84 2 45 40 60 24 13 25 54 27 80 21 20 96 15 5 30 94 27 78 8 43 15 88 54 80 67 26 86 36 93 54 85 31 8 54 84 38 48 41 16 65 66 70 52 73 24 59 10 71 34 97 44 25 18 47 76 11 25 76 
58 32 59 17 97 6 98 63 49 8 78 32 32 31 87 16 54 99 41 83 33 22 95 53 64 57 84 77 7 98 47 99 16 93 66 16 61 63 65 30 15 48 62 16 81 53 55 14 51 89 80 60 39 23 74 17 53 16 5 23 76 25 73 38 89 52 10 17 12 18 86 95 52 32 29 62 67 38 36 24 13 25 91 99 29 34 19 99 70 46 44 89 98 59 58 42 88 71 27 40 
15 40 16 40 10 71 43 5 90 45 49 87 91 86 59 68 30 96 34 15 55 56 3 98 57 51 84 34 2 79 20 60 28 7 5 86 52 5 40 95 79 15 65 11 74 84 8 86 31 63 6 58 56 52 48 67 93 30 13 79 93 5 66 82 74 52 15 28 83 42 56 80 57 1 73 47 4 63 97 69 82 76 45 60 38 7 56 71 11 77 98 48 7 75 41 29 30 24 68 36 
86 86 34 61 77 43 21 88 28 99 56 55 97 88 13 28 40 94 99 39 10 88 43 86 68 15 61 86 42 13 66 18 25 9 16 34 81 93 5 65 75 0 15 69 84 37 91 7 78 16 25 94 51 39 71 49 38 15 74 93 81 69 33 59 40 83 16 78 79 55 40 19 16 42 79 34 77 41 47 84 85 44 81 49 52 95 28 92 31 69 67 45 79 82 51 83 16 76 19 69 
75 14 67 98 3 65 52 23 6 3 36 56 31 12 21 72 99 26 8 20 39 64 98 31 96 30 83 89 16 56 76 41 95 36 75 53 64 6 10 71 30 2 31 90 39 23 31 58 4 62 96 72 92 88 61 98 25 36 44 81 48 92 13 80 1 39 6 16 8 71 28 68 2 76 29 63 70 77 36 55 69 41 96 97 72 96 17 46 46 8 75 41 33 14 88 66 13 53 56 52 
50 29 24 94 69 4 76 91 34 37 32 40 64 53 64 19 2 74 66 5 5 2 64 87 34 24 98 36 77 92 11 9 54 85 80 23 75 82 36 65 18 5 82 13 85 36 75 65 51 41 11 89 76 54 54 47 27 16 7 17 3 87 5 98 29 37 85 16 89 58 67 82 87 9 88 94 54 80 58 7 33 81 25 74 94 87 79 90 33 24 19 63 31 14 28 48 26 87 62 95 
77 60 7 13 16 11 52 97 57 52 66 90 7 11 17 25 88 4 85 23 51 38 74 11 23 36 54 55 77 33 5 68 2 64 50 39 61 40 83 61 41 72 97 98 74 45 97 98 16 22 9 31 57 24 43 63 77 63 79 90 59 77 12 71 49 98 74 79 86 56 89 12 47 40 7 58 84 64 81 72 97 42 75 70 8 73 76 11 12 54 21 1 23 46 49 94 36 2 12 26 
4 87 85 34 10 40 6 35 28 16 55 52 12 80 59 3 35 77 51 98 13 81 79 73 1 4 50 88 74 36 83 15 70 90 21 72 62 4 20 36 46 14 73 97 3 36 89 3 82 27 21 65 90 4 40 34 5 79 91 91 3 37 61 87 16 55 15 26 27 12 66 42 51 0 93 92 73 91 48 13 42 49 73 72 86 27 81 19 88 99 14 68 24 63 36 26 23 7 24 19 
62 64 12 77 6 88 41 48 54 7 37 86 45 30 65 38 66 71 30 69 17 56 65 38 0 16 21 51 78 99 8 64 14 36 10 32 47 16 49 30 39 98 44 50 6 58 23 7 28 6 99 99 37 10 26 81 19 18 80 63 85 54 27 1 60 92 36 80 27 62 19 61 51 22 13 4 14 22 12 13 27 53 23 34 35 85 15 31 70 71 33 97 89 91 80 25 70 41 17 96 
5 32 86 22 70 25 36 56 71 72 0 77 83 13 23 38 47 5 21 82 96 57 15 98 81 28 5 20 78 41 99 97 21 0 89 85 9 66 28 87 92 61 23 86 45 68 40 46 49 90 35 50 9 46 88 18 29 84 4 67 80 70 16 42 28 69 41 45 39 84 59 21 33 73 52 73 52 52 64 38 2 97 55 8 42 21 58 83 50 75 86 98 30 50 21 96 21 11 86 55 
28 73 79 53 31 25 33 5 76 47 11 99 37 76 7 24 62 10 58 60 98 85 94 4 46 87 53 98 72 62 76 90 36 36 65 88 1 63 76 0 14 51 47 89 2 85 96 49 61 97 72 23 48 26 46 2 40 4 74 29 1 58 26 19 56 29 76 34 35 5 66 2 93 42 90 75 90 70 26 31 91 42 35 85 45 14 56 95 86 4 94 41 73 31 30 66 71 56 26 46 
70 93 55 48 33 82 82 98 68 17 69 40 5 25 73 69 83 93 46 84 18 73 14 29 95 49 42 46 62 37 13 12 89 77 62 94 51 18 45 6 16 8 37 1 42 38 60 4 33 43 74 52 67 82 18 30 88 12 95 63 36 72 26 1 52 64 17 23 57 6 59 86 95 93 9 69 79 93 93 93 43 72 96 12 58 47 46 83 14 16 84 50 61 13 37 53 96 33 78 76 
90 58 58 34 8 51 2 50 11 14 56 13 78 92 14 68 10 68 21 73 19 58 47 59 1 61 70 47 72 26 46 16 15 30 25 23 71 62 36 8 2 9 16 48 5 12 59 75 3 61 25 23 23 0 18 1 17 62 41 72 8 50 53 64 30 62 99 61 8 69 35 36 8 35 63 89 45 70 66 86 81 90 52 30 57 71 43 45 60 81 77 23 76 13 39 0 90 10 37 67 
60 54 23 46 46 62 39 68 56 8 8 40 13 35 55 1 33 64 96 15 14 99 35 69 61 19 75 91 79 78 83 66 42 56 63 41 95 80 73 26 48 28 29 34 98 60 38 45 39 5 26 62 88 10 51 53 58 8 42 29 78 23 37 89 15 20 88 18 63 91 45 43 5 72 73 91 97 42 92 86 7 52 16 58 53 28 49 92 8 84 52 35 26 43 14 45 18 84 34 60 
19 81 59 6 21 6 55 24 64 7 63 79 50 96 20 68 41 75 77 46 62 47 89 13 60 91 51 46 35 89 37 12 58 84 35 76 38 36 28 0 81 0 77 61 92 92 28 80 81 65 62 10 84 70 73 30 42 36 41 79 62 75 9 73 72 18 12 89 43 93 81 80 96 78 19 39 99 62 1 73 28 21 57 25 14 15 28 7 66 92 58 40 4 78 25 0 49 82 87 52 
33 13 4 84 11 47 61 62 17 61 67 16 66 15 66 2 41 83 77 24 84 93 98 66 48 71 35 9 2 56 72 17 15 92 57 83 28 33 91 18 5 41 26 68 40 38 81 30 28 43 53 84 10 49 79 97 90 20 21 3 43 40 3 9 77 98 74 46 11 39 52 6 96 54 13 82 56 28 42 36 51 21 88 47 22 94 71 84 3 95 72 46 38 10 64 56 51 59 21 92 
14 52 74 94 73 84 70 29 17 72 49 21 63 83 50 98 91 71 28 20 42 62 80 92 57 30 30 65 78 71 68 70 91 42 71 27 92 15 3 10 52 6 17 93 31 55 11 81 14 8 60 1 3 55 68 50 91 76 94 49 49 98 89 52 21 96 12 25 57 63 25 81 51 83 15 3 63 35 14 27 54 81 95 98 95 5 38 55 28 76 68 59 61 64 28 29 45 14 88 11 
49 41 52 53 1 1 67 40 16 14 36 25 99 49 15 59 5 8 20 65 21 70 52 24 56 97 31 53 66 80 73 54 95 95 99 99 82 45 49 35 56 52 93 90 66 55 23 37 65 27 83 96 13 82 66 12 29 22 48 37 16 90 61 25 99 6 92 10 71 47 56 93 94 5 69 27 97 20 6 92 51 92 3 53 77 21 81 94 41 29 33 77 51 96 33 41 10 51 85 7 
71 88 38 57 19 32 52 64 70 49 5 59 20 62 87 68 79 73 23 22 74 76 40 32 96 58 93 22 55 72 7 97 78 30 61 16 33 87 33 52 17 66 16 79 3 33 49 28 17 12 70 86 83 81 62 83 30 25 93 63 38 15 90 81 21 87 50 93 15 94 6 67 1 7 51 35 77 93 71 78 15 88 87 15 36 70 94 33 29 55 41 1 44 86 65 83 87 85 77 25 
54 71 1 78 46 24 45 84 33 70 70 53 23 39 25 80 45 25 38 47 34 61 64 11 68 59 38 82 60 70 5 52 52 39 19 77 36 86 51 22 71 85 70 46 55 47 58 91 71 36 92 77 76 36 76 45 82 41 15 82 49 64 16 89 23 14 96 75 56 75 46 20 67 28 95 72 55 82 72 68 14 18 29 98 84 18 43 97 71 35 5 81 61 45 8 57 59 16 39 13 
9 61 52 90 82 52 40 8 89 59 16 36 20 87 57 46 12 69 86 61 98 79 56 96 28 36 70 87 63 26 57 55 35 54 17 85 83 46 70 50 91 42 18 30 51 27 20 79 46 91 76 45 35 12 84 6 15 9 10 48 47 94 31 51 99 88 43 97 14 60 86 21 20 79 30 56 74 86 34 78 97 42 43 62 70 66 40 76 77 84 88 19 39 66 7 16 60 42 12 93 
36 48 90 97 29 97 20 95 38 44 14 18 74 25 29 32 32 9 14 65 30 1 15 17 44 56 73 48 70 11 34 14 84 24 58 20 1 11 79 70 38 13 49 92 76 59 35 50 28 9 32 87 90 12 61 2 41 10 19 40 81 5 99 8 38 74 68 80 12 46 84 74 42 5 63 91 67 14 13 84 15 31 55 82 30 85 44 5 58 71 67 75 2 87 51 30 91 77 98 29 
34 79 31 14 34 64 48 57 72 41 35 12 88 5 83 80 21 36 69 34 35 82 83 26 40 29 92 8 46 48 33 8 68 2 68 96 43 66 36 26 78 40 92 80 23 28 47 34 92 1 63 2 53 53 61 88 28 23 5 15 19 33 25 16 41 23 67 40 72 20 90 92 65 59 98 12 8 96 57 55 33 61 72 97 75 27 70 86 93 77 29 59 3 11 30 10 77 31 47 71 
73 32 84 68 41 30 47 9 44 38 51 44 2 46 94 83 6 40 49 95 59 11 21 59 68 58 76 38 93 64 86 89 7 44 20 64 79 33 28 38 38 12 74 96 79 69 83 26 97 68 72 20 10 34 25 8 33 18 90 35 0 11 10 97 81 58 75 76 42 97 9 48 82 80 74 57 6 27 9 5 44 15 49 53 95 28 41 69 23 67 6 98 74 77 36 76 79 48 28 28 
58 0 13 23 73 65 99 35 21 31 96 2 19 49 93 77 17 98 16 51 80 45 58 10 84 45 32 49 98 48 29 63 48 35 22 58 58 22 72 95 92 72 90 42 11 10 56 1 81 29 23 65 19 92 51 16 25 82 85 41 45 28 28 17 95 47 62 86 93 45 82 25 45 96 90 56 79 31 58 88 49 87 19 69 68 81 28 15 89 74 36 23 40 91 14 19 12 58 18 14 
78 21 89 36 2 26 43 84 68 78 54 27 15 21 14 88 36 82 67 32 97 20 46 36 12 1 79 85 1 10 26 27 94 2 89 97 82 1 90 72 28 52 38 33 98 0 68 92 74 0 14 15 96 0 97 64 71 58 83 58 32 93 10 45 96 8 50 3 62 79 87 73 25 18 72 7 79 67 35 57 10 36 90 67 94 45 53 98 4 26 26 35 0 45 45 31 89 59 40 3 
49 31 78 50 3 6 57 45 69 53 49 34 21 92 79 85 63 69 4 34 40 37 71 39 30 21 29 89 84 39 62 5 11 77 58 1 12 82 93 62 36 4 32 80 26 2 41 56 68 99 20 14 25 51 59 83 73 57 8 32 41 64 29 76 44 53 12 70 54 4 19 71 17 79 94 27 21 65 67 57 4 80 99 80 78 32 30 6 73 36 87 76 28 82 85 68 73 79 76 6 
5 70 13 67 35 58 63 77 83 44 91 23 60 70 15 20 67 40 92 1 75 28 85 16 62 9 78 30 85 88 6 33 19 71 17 43 14 29 89 81 31 73 43 11 83 78 37 27 1 67 61 20 45 16 48 49 34 57 91 66 25 30 78 82 98 67 48 10 2 36 39 89 97 47 28 36 53 96 84 68 3 6 52 6 18 0 34 82 17 7 50 3 3 2 88 22 17 14 22 41 
48 35 0 30 26 26 18 7 42 96 62 20 74 47 51 60 15 92 92 32 57 1 9 26 89 20 83 0 69 72 95 31 23 98 49 3 4 74 89 52 19 67 61 31 24 12 48 69 94 93 90 51 16 17 97 42 15 49 0 1 85 61 90 65 96 13 46 53 66 47 20 94 11 47 62 24 11 91 68 50 2 77 84 2 34 65 78 88 8 63 27 53 45 37 37 55 94 84 39 59 

