60 90 30 96 57 89 76 96 1 19 83 63 33 45 63 74 15 67 12 69 79 62 49 35 69 28 60 25 9 31 77 91 53 96 18 4 98 17 18 61 29 57 9 15 94 70 67 25 94 2 72 14 94 18 32 57 88 60 74 90 78 5 50 89 4 55 91 57 45 39 14 76 29 25 41 9 9 58 3 50 11 83 89 81 56 4 68 80 31 60 3 72 64 79 91 78 49 83 61 75 
88 39 65 22 9 53 89 43 73 19 67 55 43 73 26 41 22 81 6 91 99 18 91 61 12 85 92 53 73 28 76 75 82 85 92 91 26 68 31 9 6 12 7 16 41 3 48 83 74 87 78 52 67 63 18 9 89 43 56 43 31 71 20 25 39 62 6 46 11 93 48 54 61 77 90 90 5 71 95 58 58 15 3 95 91 19 31 94 59 17 17 59 63 22 48 20 36 64 70 24 
44 22 24 47 80 6 73 37 12 36 71 71 46 5 87 97 39 11 19 81 82 87 85 79 18 94 17 45 76 8 99 72 13 10 15 52 6 4 97 88 80 94 20 54 4 14 88 6 24 61 38 60 11 85 65 59 55 64 91 75 24 91 94 7 19 13 44 20 4 57 55 56 48 5 85 26 98 76 51 45 33 59 12 79 29 55 41 28 46 6 98 11 38 23 11 25 41 87 72 27 
72 38 62 20 21 25 20 0 84 81 76 43 2 92 5 78 13 62 56 22 44 30 38 41 8 2 58 57 4 52 31 43 33 31 53 73 25 82 71 75 12 95 79 71 44 79 81 84 33 12 4 16 40 43 50 80 17 3 63 79 42 93 85 21 39 73 47 43 27 96 30 48 64 40 99 42 49 6 75 49 23 66 31 31 10 84 8 1 74 17 73 72 2 96 6 12 39 78 17 1 
3 92 55 67 48 79 94 7 88 24 60 86 11 1 70 54 3 91 86 63 54 86 58 92 41 10 34 21 72 48 91 91 14 88 41 39 66 96 74 91 6 17 76 27 19 3 77 54 82 35 97 87 21 69 68 34 97 88 44 11 10 97 49 3 91 41 19 28 84 22 4 62 97 0 3 31 97 50 56 34 55 52 92 16 40 70 48 71 17 8 17 36 18 23 91 58 82 68 90 23 
93 39 32 27 96 55 52 47 93 61 98 75 74 78 25 51 66 45 53 10 93 20 1 4 55 73 0 27 80 87 90 72 50 74 97 99 52 29 77 46 45 7 21 33 36 81 82 15 83 30 69 72 30 2 48 52 41 6 85 47 52 16 63 42 34 7 89 1 92 35 96 93 55 42 19 31 48 25 57 25 71 45 58 49 43 68 82 72 60 36 38 69 46 70 48 62 57 98 50 62 
20 15 2 75 54 33 81 42 99 78 43 53 7 26 9 40 92 28 58 47 89 54 3 47 55 64 31 15 23 92 77 85 84 50 19 37 99 0 42 5 52 37 75 94 90 89 26 50 81 92 9 14 0 4 80 77 14 80 90 10 1 11 86 47 81 80 78 79 77 75 64 5 83 64 88 37 21 34 37 62 95 35 63 40 91 42 52 96 7 29 82 47 50 64 13 99 14 82 81 96 
68 6 57 65 80 24 49 25 54 77 54 29 62 33 56 78 60 76 92 48 27 91 27 81 26 7 45 98 99 62 94 69 80 25 87 82 76 42 4 59 47 83 40 46 52 58 60 40 62 62 25 84 44 42 52 24 82 13 59 12 69 61 58 5 54 80 4 96 46 80 27 66 80 62 16 18 19 50 14 29 49 36 28 29 77 26 55 17 29 68 83 12 59 84 81 37 85 32 44 50 
14 32 34 95 27 48 54 84 90 81 64 69 66 55 32 82 83 51 98 20 7 78 1 11 57 34 11 52 2 59 1 64 81 52 75 54 30 47 78 65 74 87 88 45 88 17 88 84 4 25 18 84 21 93 77 64 24 14 95 95 23 90 49 0 22 34 5 38 21 89 32 17 53 4 71 33 52 43 31 15 91 56 55 54 30 15 3 0 35 62 19 69 2 66 22 23 61 33 11 35 
26 81 47 71 61 0 0 96 84 2 54 94 36 81 49 94 62 95 82 18 42 45 69 3 15 77 34 76 34 37 22 26 35 82 76 68 70 12 97 23 46 72 33 17 16 38 11 31 38 65 79 31 10 95 6 13 0 1 22 72 86 33 66 47 63 34 55 19 66 2 56 94 26 55 64 54 14 64 91 9 1 72 6 87 45 11 22 6 27 24 9 70 41 75 79 21 59 24 8 45 
15 72 75 12 34 98 63 46 94 96 39 37 31 14 31 9 38 59 16 15 55 20 73 64 1 82 60 69 94 24 11 73 93 84 16 37 16 96 33 12 65 0 8 43 64 38 74 62 82 2 90 63 45 8 8 26 12 70 82 99 36 22 96 72 18 68 15 22 43 95 63 41 10 78 21 46 33 4 6 85 91 37 46 31 12 59 63 34 1 24 90 6 81 54 78 50 92 86 14 75 
80 22 97 32 29 28 76 23 97 24 56 91 52 90 25 87 36 59 42 37 36 90 26 14 22 4 26 90 91 0 19 27 22 21 27 91 63 84 67 77 13 90 36 31 29 90 3 94 62 7 65 29 34 85 6 5 10 40 32 48 69 37 76 3 57 84 5 94 99 73 28 97 64 79 46 34 67 29 27 36 21 55 7 78 86 53 84 12 94 79 36 90 60 21 99 50 1 51 98 66 
69 95 29 35 58 45 6 68 89 0 15 90 81 67 66 56 29 11 78 65 13 19 69 85 7 43 41 5 67 14 59 63 50 42 74 62 39 97 51 72 96 25 17 56 98 59 20 10 13 65 14 16 7 41 45 12 35 61 21 64 94 77 1 56 97 42 9 74 72 24 11 62 30 61 26 89 29 59 38 28 32 28 86 73 72 42 34 25 43 98 65 46 19 96 45 86 42 23 45 60 
20 96 28 63 17 65 30 6 21 16 8 7 58 77 91 3 69 0 57 48 11 42 99 91 1 39 10 0 29 9 97 32 7 67 35 3 25 56 29 10 50 88 69 83 73 51 96 94 53 45 54 50 63 46 88 4 32 95 95 91 15 92 18 57 86 71 15 21 32 53 18 98 57 20 19 31 7 25 7 95 40 83 56 39 0 96 64 73 64 30 55 55 67 60 96 96 68 62 10 26 
96 78 35 22 5 73 0 4 99 37 94 78 6 44 9 94 69 77 99 81 46 29 27 27 97 37 22 33 97 39 74 74 52 14 50 25 91 53 49 57 34 62 70 38 24 35 47 39 95 73 64 65 85 57 75 55 94 12 94 39 42 49 52 20 17 77 4 75 69 86 50 59 39 0 79 60 30 44 91 72 80 1 37 57 17 97 43 25 61 35 38 14 33 94 8 32 46 83 9 98 
57 42 79 45 90 91 5 87 50 46 49 94 6 7 64 7 75 12 99 94 79 28 27 47 65 53 26 19 11 47 80 7 2 79 59 32 72 67 67 88 42 95 81 84 33 9 26 30 18 16 94 97 2 73 29 82 23 54 10 93 60 16 67 77 9 0 72 72 15 64 55 86 57 94 98 92 63 17 11 24 66 36 1 7 68 24 84 58 25 9 15 77 86 3 56 69 81 25 16 60 
62 82 91 30 8 31 38 10 46 45 6 82 3 83 12 7 92 59 72 0 78 14 19 0 60 85 40 6 46 21 76 97 30 85 8 60 1 75 83 7 42 3 37 19 6 19 7 19 67 32 36 59 91 9 84 97 31 6 43 98 65 74 23 58 53 5 70 71 75 40 74 87 89 1 98 76 46 51 18 3 60 86 29 12 94 23 26 81 93 10 64 13 21 19 19 28 74 39 76 84 
59 95 71 97 37 82 22 16 92 71 28 32 55 1 3 23 17 26 15 68 53 6 69 13 30 68 6 62 77 49 0 42 79 88 17 26 81 86 9 28 3 51 10 82 13 56 14 15 16 43 74 49 60 64 92 43 68 21 50 25 99 96 16 82 54 84 81 69 26 89 99 23 3 16 89 4 37 29 22 68 74 15 74 24 76 61 74 13 4 91 69 57 47 9 33 95 0 61 80 63 
91 27 63 70 44 68 74 91 43 63 22 56 71 92 16 99 40 2 59 87 5 40 31 1 45 10 35 30 94 17 52 16 4 72 46 97 71 28 64 74 91 67 47 68 15 80 44 19 72 58 23 21 63 81 30 9 26 93 69 63 7 62 90 79 5 96 97 51 59 32 78 26 58 47 33 95 6 97 62 7 32 28 49 26 67 38 76 10 33 49 93 21 71 22 69 8 47 35 98 41 
44 33 83 63 23 76 84 10 9 13 89 57 97 86 91 70 0 92 99 72 58 65 93 28 47 39 23 72 25 90 69 66 55 61 4 36 19 62 76 48 84 43 35 37 87 99 67 50 6 29 49 67 34 99 30 62 58 7 2 7 83 27 68 15 51 70 85 41 48 41 53 31 13 18 58 24 28 31 38 14 58 27 63 45 7 70 68 92 88 65 43 60 38 47 85 99 20 22 22 16 
32 86 62 75 46 56 75 33 66 50 95 5 23 73 96 61 36 30 7 13 13 69 38 84 57 83 53 23 75 67 99 34 99 95 56 85 94 20 17 90 52 20 40 88 97 74 26 13 22 99 46 39 10 23 95 75 80 97 68 47 59 32 83 14 91 6 55 57 26 22 74 24 19 37 71 18 37 16 47 37 11 29 63 14 78 47 45 32 28 19 2 90 44 28 31 45 94 17 83 78 
41 90 17 41 10 65 94 76 94 70 76 79 62 0 28 67 82 13 5 99 68 79 91 93 63 53 19 94 72 30 67 57 99 68 5 21 13 32 79 33 48 88 49 20 80 96 90 58 77 5 12 57 76 71 78 55 7 82 43 31 67 8 37 29 88 16 19 84 92 98 6 50 76 1 54 90 75 65 29 62 51 23 20 30 41 54 8 33 68 7 83 36 33 15 27 19 61 11 59 21 
60 23 21 11 76 31 66 21 45 20 96 19 84 83 5 17 62 88 97 6 94 68 42 62 1 14 6 11 25 7 76 0 4 32 7 27 83 41 47 53 26 7 49 23 85 86 65 87 83 96 29 15 98 89 9 37 48 67 46 8 57 13 76 98 92 15 83 63 22 12 11 33 64 4 42 23 57 78 14 19 61 4 24 19 19 10 57 96 97 69 26 42 55 50 85 63 37 30 6 42 
79 74 27 81 57 53 4 66 32 89 21 66 62 99 74 39 94 19 47 12 12 12 56 3 49 56 80 18 94 31 0 81 69 40 15 62 9 32 99 14 71 97 74 87 1 37 6 83 81 85 62 68 5 88 86 64 31 85 61 92 63 72 29 83 36 70 82 12 34 79 94 59 93 32 81 83 67 39 49 18 75 94 33 89 65 89 33 64 83 71 80 24 61 39 56 77 21 45 90 38 
30 40 95 14 82 68 38 30 94 55 39 37 25 15 83 71 59 4 89 29 23 68 72 23 75 54 86 82 19 19 85 61 37 50 72 19 83 67 24 7 65 6 80 19 81 65 17 85 0 55 10 7 54 6 31 76 9 32 56 11 94 38 68 4 69 48 70 33 67 36 9 71 68 8 7 37 82 10 63 7 10 63 23 7 17 3 31 76 44 89 40 96 67 56 91 64 60 40 1 45 
2 30 79 17 8 78 2 54 68 32 33 27 91 17 62 92 75 58 73 23 70 77 82 28 57 83 94 16 13 61 49 30 49 91 7 50 0 30 75 91 68 94 95 34 91 99 93 20 52 83 5 56 26 8 32 24 76 69 36 73 17 47 34 21 98 6 88 13 0 14 75 24 8 43 32 31 0 31 21 68 5 74 98 23 25 98 72 55 29 56 99 55 67 30 75 46 68 79 68 59 
49 72 54 88 11 41 53 23 20 27 17 6 48 11 10 14 29 91 91 18 87 63 45 89 71 46 33 16 72 30 81 80 94 54 35 75 90 99 82 93 99 5 63 62 92 86 47 91 41 99 78 69 78 90 63 44 17 92 4 39 84 27 12 7 95 35 12 35 59 77 99 95 63 12 69 20 74 11 42 22 77 66 26 83 95 89 88 95 2 66 52 44 39 87 1 81 25 26 75 5 
21 83 68 93 82 95 21 54 96 42 11 52 98 68 66 96 88 28 82 59 69 97 12 51 69 44 76 81 99 69 93 20 77 9 8 56 71 68 69 99 85 88 54 32 75 14 64 1 8 87 55 27 6 17 90 39 99 11 13 31 45 39 34 98 22 95 56 96 91 10 37 41 29 71 94 19 61 78 58 82 60 98 5 28 78 19 92 9 16 88 11 25 3 8 65 51 80 29 73 96 
45 97 19 97 49 64 8 81 14 66 18 10 86 41 50 2 96 61 63 52 69 56 91 33 90 84 32 16 99 83 32 49 17 5 77 2 88 56 56 21 44 16 53 86 81 80 26 60 48 73 51 53 32 41 89 95 69 71 9 85 28 77 68 86 35 10 9 84 22 81 22 56 3 66 10 29 73 91 27 22 67 78 72 84 79 21 65 32 81 5 77 41 74 16 64 48 4 88 85 65 
84 93 38 69 49 86 39 20 51 3 27 81 0 31 13 76 41 59 63 0 77 22 88 93 73 14 55 15 7 43 42 51 73 59 60 25 60 46 22 27 62 90 60 5 35 58 99 50 47 94 46 30 85 27 94 72 54 40 66 42 9 16 55 42 45 30 95 91 87 13 48 77 54 46 72 33 73 46 54 85 52 52 67 63 49 50 51 67 76 11 41 21 80 9 38 99 89 72 72 44 
63 19 77 54 64 9 36 18 61 15 10 18 40 8 62 42 90 24 86 57 59 58 76 25 74 27 37 66 84 32 3 0 27 32 37 68 27 37 39 12 87 85 67 40 56 50 23 24 35 18 28 11 52 28 87 94 55 7 69 18 74 42 56 50 99 48 56 48 3 1 27 46 23 76 25 4 39 82 26 0 28 58 77 93 30 51 77 79 93 15 22 47 95 46 51 91 79 99 37 21 
53 88 94 24 82 4 91 49 25 60 35 7 58 78 1 18 97 6 35 5 46 53 88 11 48 8 95 94 44 13 49 29 92 36 89 91 87 53 6 8 10 84 97 21 56 36 40 62 22 20 37 36 42 52 27 15 24 36 13 40 13 18 68 44 0 96 48 31 43 3 18 5 87 42 85 89 66 98 1 59 28 3 11 11 55 11 34 98 48 26 53 80 87 42 2 95 54 36 27 3 
64 38 7 83 71 34 55 35 41 19 97 30 7 14 73 74 43 60 78 50 66 50 15 43 8 77 99 33 88 72 34 40 44 70 25 47 47 8 47 92 83 95 76 90 39 61 58 14 33 30 27 19 61 69 15 29 35 84 74 36 0 4 96 18 19 80 59 92 53 65 92 28 3 82 22 77 73 0 87 59 6 49 21 14 34 53 28 13 97 17 49 33 18 12 62 48 72 42 34 3 
63 51 40 91 22 35 23 19 80 4 1 40 49 77 4 95 23 59 12 75 76 2 78 51 93 60 0 18 63 2 46 55 73 63 89 63 10 48 70 1 29 27 29 2 58 74 87 53 55 24 77 76 27 57 86 3 73 60 98 93 64 2 23 13 77 14 64 75 10 73 25 35 14 6 50 92 81 32 19 97 54 2 24 76 86 8 36 28 38 9 96 41 92 84 1 37 29 98 73 25 
15 96 50 52 61 61 67 35 7 75 52 62 41 63 36 78 97 69 62 88 57 81 21 5 41 22 15 38 81 57 43 53 59 38 78 76 22 93 31 27 35 27 10 77 27 22 19 31 53 98 30 67 97 37 54 70 54 54 7 88 39 86 88 77 88 83 80 25 75 52 51 39 46 76 49 89 88 14 63 83 90 10 13 46 86 86 95 59 44 87 19 16 13 24 10 82 62 83 98 69 
98 40 87 15 26 79 64 7 60 57 45 29 86 21 51 57 81 82 64 5 77 57 64 10 2 29 30 3 48 87 38 4 95 67 51 76 81 86 21 63 8 46 97 33 35 15 24 91 97 3 33 47 92 0 25 10 35 8 88 5 30 77 82 51 28 35 11 14 23 51 86 44 23 29 3 4 40 72 12 97 14 0 97 98 42 20 56 18 67 81 76 35 64 99 43 53 91 23 50 28 
6 92 64 62 62 70 31 58 82 40 30 14 73 44 34 46 90 81 11 25 50 52 9 43 23 67 76 79 40 90 9 27 72 27 63 55 72 45 72 46 55 31 35 7 9 89 42 18 44 19 15 13 32 41 89 89 22 95 4 21 21 50 48 91 65 70 58 16 97 50 4 1 30 57 83 27 50 6 74 83 92 66 32 54 86 16 98 38 53 58 82 26 48 62 11 11 11 71 31 64 
41 61 53 90 88 94 2 55 88 75 69 16 31 18 26 46 15 29 45 98 56 99 8 71 56 34 98 79 80 77 32 73 73 2 71 26 59 86 20 59 44 0 53 34 4 40 65 6 84 45 54 48 80 96 12 83 82 90 92 36 55 0 46 7 52 50 60 57 14 42 4 30 65 93 36 92 31 94 88 48 15 14 72 77 88 56 63 19 53 6 99 90 29 52 97 59 3 91 43 10 
69 68 24 85 60 54 84 23 45 73 68 40 99 97 65 80 17 19 96 55 25 2 77 60 73 77 44 41 8 98 27 49 53 38 86 31 32 63 47 98 57 74 17 6 81 79 83 26 86 57 57 62 82 50 3 71 35 19 85 56 81 28 9 48 41 90 98 33 81 16 29 63 55 19 15 97 7 18 67 91 23 42 52 32 5 71 8 54 79 18 82 33 30 15 69 52 81 62 74 78 
31 58 56 35 40 2 14 17 80 60 73 94 68 78 30 83 33 99 78 50 42 18 72 91 53 13 75 52 6 56 61 79 7 47 70 44 23 14 33 67 0 99 12 23 42 1 75 88 70 87 47 7 43 23 27 7 52 89 50 5 55 42 46 39 24 29 69 22 92 75 62 67 27 9 18 11 40 12 7 46 13 4 40 44 43 73 55 12 82 26 68 50 80 55 82 52 58 58 3 44 
84 8 95 28 50 85 5 66 3 45 81 78 85 28 1 89 49 73 35 99 32 58 87 61 13 27 61 35 18 80 9 91 10 35 61 55 89 63 14 31 17 33 91 99 42 61 26 47 45 25 80 16 13 32 92 54 95 58 11 62 3 13 74 55 94 7 59 39 18 35 65 27 16 9 67 11 97 50 31 26 95 98 43 66 37 80 47 54 46 80 64 33 41 99 12 31 72 44 59 97 
47 36 6 50 72 35 74 6 61 90 51 9 40 29 10 46 73 78 39 25 32 21 19 3 25 25 49 87 57 62 67 72 43 24 96 98 75 9 48 73 70 27 43 53 99 85 5 75 55 58 42 6 95 45 81 53 70 90 2 4 76 13 92 29 3 35 20 50 55 93 60 84 25 56 83 58 4 61 90 66 42 96 82 42 22 48 58 87 92 52 39 34 30 77 78 56 49 51 83 20 
24 81 20 6 84 85 67 95 95 27 59 18 23 84 40 21 81 22 58 64 31 74 16 0 34 71 9 32 72 73 71 65 36 0 74 96 6 74 43 76 29 78 81 56 48 98 80 1 49 27 29 4 56 76 9 3 48 5 1 30 13 53 28 16 25 42 67 33 4 31 10 22 2 9 92 95 28 62 89 17 13 88 18 84 66 22 77 51 76 60 77 41 18 23 84 78 34 31 87 90 
92 12 94 93 24 50 32 44 35 17 73 79 10 63 82 36 54 92 37 22 67 81 26 86 90 96 53 94 88 91 86 95 77 57 33 56 17 96 9 31 6 17 22 0 14 42 41 83 71 18 89 7 48 10 44 72 93 34 72 85 86 46 23 99 92 86 56 56 48 39 70 11 68 0 17 71 51 79 23 74 1 13 21 0 91 57 95 0 88 19 62 78 40 48 91 46 99 71 10 4 
94 3 97 29 45 20 54 21 56 96 88 12 20 3 9 6 13 64 79 94 30 9 28 38 42 85 54 69 24 97 29 61 9 49 8 52 90 11 21 21 74 11 36 62 33 33 76 64 9 5 67 65 99 50 37 9 93 77 80 60 87 98 67 55 63 63 92 41 82 59 85 84 64 78 34 8 7 28 39 63 51 51 65 53 76 33 99 70 40 76 37 34 98 91 65 57 68 70 8 79 
29 98 40 25 94 16 55 29 2 98 30 90 91 42 83 88 32 33 52 78 7 67 1 28 35 45 15 11 79 90 50 75 36 43 96 41 77 5 39 89 75 65 37 46 58 81 34 19 99 40 46 28 99 28 79 6 34 39 65 38 64 44 16 25 66 58 50 96 40 97 66 18 77 3 64 70 59 6 34 61 41 61 58 25 95 12 84 55 25 4 47 98 71 82 7 16 79 59 86 65 
19 72 15 25 84 34 6 75 47 16 2 76 15 16 79 12 88 0 0 19 70 54 80 22 25 26 27 65 27 6 7 60 62 10 72 89 73 29 9 81 85 15 95 92 4 45 91 42 48 2 79 31 88 16 37 19 93 90 84 71 63 79 3 7 30 23 55 68 11 40 71 83 81 68 38 90 89 64 60 39 93 0 9 19 96 69 10 37 91 24 21 63 26 6 52 31 58 59 57 86 
94 2 77 82 55 73 93 74 77 9 39 2 46 69 49 30 5 39 11 31 43 11 20 92 25 27 15 71 99 58 70 52 14 1 66 21 40 63 56 43 72 0 0 39 48 20 28 5 19 69 40 97 54 62 95 99 59 38 76 69 11 33 58 38 24 36 32 17 43 66 33 49 2 33 71 64 82 63 42 7 7 15 80 4 40 27 67 83 20 43 3 77 0 90 52 99 39 55 17 25 
53 79 58 70 28 61 96 62 76 5 95 25 27 85 37 32 59 81 60 1 0 67 51 52 18 70 57 19 0 58 55 78 68 96 9 8 69 10 6 0 35 86 91 71 6 35 69 96 17 36 98 1 84 48 97 62 92 46 13 8 10 26 28 11 66 11 28 55 41 30 22 44 9 78 69 12 25 2 53 89 97 36 44 18 83 8 70 10 93 24 60 59 37 17 40 74 3 50 95 60 
53 15 48 2 29 21 75 8 66 40 20 10 92 89 31 49 37 49 83 45 44 42 46 99 37 12 85 16 77 71 96 30 44 11 76 95 68 83 55 44 36 18 88 32 8 35 95 77 83 57 39 86 70 3 18 70 3 71 37 99 34 96 18 30 46 76 18 79 12 68 26 60 3 89 27 3 64 83 72 47 16 34 25 30 81 74 62 8 82 71 62 23 97 51 48 80 20 88 69 85 
56 45 8 55 32 51 26 10 53 35 74 90 96 30 16 44 97 25 32 42 86 2 42 63 67 55 83 59 21 70 82 85 76 80 24 18 14 22 65 13 17 32 8 67 7 44 5 37 12 55 53 88 20 6 82 0 23 64 83 4 33 29 62 61 25 6 67 60 69 32 4 17 7 43 60 90 34 24 40 61 4 96 21 21 19 38 1 58 89 30 16 74 37 55 30 31 34 56 2 86 
46 31 27 30 19 70 44 30 17 66 21 3 92 80 31 74 43 37 13 32 2 5 17 54 35 87 65 23 11 60 59 56 20 14 37 35 62 83 17 52 26 86 36 64 41 71 53 34 53 57 12 26 72 73 60 84 66 77 30 6 45 48 6 21 95 24 55 57 87 12 67 7 63 8 24 47 93 65 57 18 64 69 47 85 62 50 19 95 91 29 8 87 99 15 85 58 71 91 93 28 
26 27 89 8 51 80 78 33 39 22 48 93 24 89 54 29 5 52 39 11 68 95 68 84 53 88 2 98 9 26 43 51 88 22 12 86 82 58 78 73 8 70 38 88 73 52 21 13 51 27 35 77 16 76 34 18 60 29 71 98 65 85 57 74 91 99 5 2 37 54 56 96 46 70 74 23 48 44 24 74 91 24 93 65 83 86 82 23 87 29 6 5 21 44 66 50 38 85 70 71 
95 56 32 1 8 12 38 5 80 28 58 83 29 17 67 2 78 26 39 67 78 12 56 56 55 59 96 7 34 8 80 67 97 73 77 65 62 53 16 3 30 21 36 89 18 19 83 73 4 77 91 97 89 70 12 14 42 70 85 44 5 96 10 83 73 91 53 68 85 18 65 4 49 17 94 80 81 43 67 85 25 33 68 98 89 91 96 32 14 97 62 6 14 9 74 77 57 83 34 1 
0 61 77 25 85 29 20 83 90 63 84 7 70 75 63 30 89 63 70 18 4 13 6 72 74 39 86 93 37 70 21 93 43 36 48 37 50 85 54 71 98 53 65 95 58 32 16 28 14 6 31 7 99 0 87 99 71 10 99 66 63 51 97 15 27 30 9 1 17 98 55 83 32 88 84 96 5 79 86 64 99 40 11 88 88 95 91 87 76 46 69 89 53 13 36 80 75 94 30 73 
49 58 40 40 96 39 79 15 24 75 59 88 88 17 82 44 81 15 91 71 66 68 19 46 47 22 60 72 23 82 13 60 42 7 73 97 11 48 95 79 86 62 65 21 41 22 83 48 56 26 15 95 31 98 79 76 79 61 15 82 51 9 3 62 85 3 42 55 3 82 76 9 91 63 93 61 63 1 24 27 49 78 75 48 6 89 47 11 83 62 95 46 20 23 76 8 29 52 87 85 
83 45 74 48 36 18 83 44 65 39 51 2 58 65 71 54 71 94 88 40 50 36 20 69 97 40 79 78 86 8 99 68 0 73 72 97 76 15 63 82 7 49 13 53 9 69 22 80 51 31 10 75 69 49 60 67 67 40 98 43 97 77 60 92 20 34 28 79 95 90 44 90 62 77 62 43 89 85 1 67 81 50 85 19 87 12 69 95 21 35 51 68 28 78 32 48 82 92 0 11 
41 31 96 96 9 37 53 69 83 89 0 63 9 34 89 1 16 18 61 14 63 5 31 41 46 79 4 41 43 15 17 65 55 6 37 65 44 72 80 10 98 77 31 23 60 30 37 68 60 77 62 95 9 58 30 5 72 32 79 78 97 0 11 36 40 99 72 5 36 58 37 75 42 89 94 43 73 20 78 33 52 14 56 15 88 7 11 96 28 37 19 76 22 9 49 13 25 42 61 27 
4 70 21 59 15 17 4 28 60 83 0 60 55 69 13 58 3 90 76 39 93 74 98 26 6 39 37 71 36 20 83 56 8 86 68 51 78 33 71 86 49 99 91 4 57 35 20 83 74 48 59 18 12 11 50 25 47 19 49 47 27 59 72 19 88 9 82 62 54 61 81 36 13 76 79 45 43 14 20 86 94 58 33 40 19 92 57 76 55 7 62 0 14 76 10 17 61 15 70 29 
96 73 15 71 67 26 23 56 92 95 42 8 70 54 74 2 49 81 59 28 22 97 24 11 71 0 38 30 22 72 78 44 47 53 68 22 72 89 92 97 44 15 34 65 54 42 94 59 59 22 46 65 10 79 86 56 4 73 12 37 80 20 84 90 83 6 94 62 67 41 55 87 36 93 96 8 43 93 8 24 39 44 96 14 33 79 34 30 13 57 79 66 85 60 5 44 72 50 27 39 
68 54 13 3 63 96 51 66 8 74 70 33 40 53 39 76 15 52 58 89 24 27 69 14 68 94 96 33 79 50 92 40 39 68 45 45 49 74 41 75 37 55 66 13 70 11 57 58 22 85 19 78 95 75 32 53 70 23 47 50 95 59 65 25 53 88 62 68 51 62 24 42 95 67 21 81 70 88 87 9 0 68 13 33 41 40 73 30 45 12 16 6 40 40 78 99 29 16 43 88 
80 71 49 19 21 78 30 12 7 10 52 53 40 52 72 82 75 80 84 66 88 95 32 38 63 72 11 38 95 22 41 78 80 35 16 63 3 84 91 70 77 47 98 85 11 57 99 39 36 66 73 20 11 33 31 74 39 21 35 57 60 72 76 66 55 33 44 38 41 49 70 81 5 21 83 41 60 99 68 15 92 50 3 61 35 59 45 97 72 98 71 49 75 36 72 39 70 57 75 83 
76 69 73 55 5 35 92 34 11 62 85 40 7 36 59 65 55 68 82 83 62 62 31 10 40 12 56 74 52 87 67 43 63 40 6 64 28 73 93 84 68 95 63 70 6 76 10 79 51 19 81 34 70 59 7 47 96 98 94 38 58 16 1 37 35 22 46 69 79 3 10 46 80 44 18 19 8 38 46 96 11 6 24 67 51 80 83 36 30 93 48 24 3 50 9 94 34 8 4 90 
96 77 15 89 38 58 1 56 26 71 7 79 68 56 57 69 90 33 94 2 74 57 91 80 31 50 10 14 86 88 34 66 10 59 71 84 14 81 66 75 34 41 27 65 34 93 64 74 62 74 94 69 4 86 63 13 82 52 10 4 55 55 18 33 46 29 27 16 57 26 39 64 7 93 16 65 95 5 67 78 43 43 57 4 77 76 71 19 25 49 67 49 87 30 81 49 90 19 83 37 
94 35 13 63 38 28 80 68 89 52 25 34 65 61 12 52 56 51 29 19 87 75 94 68 72 3 83 91 92 41 59 42 29 86 20 3 57 20 5 65 59 18 29 18 61 30 6 60 54 71 19 25 60 52 55 61 46 96 84 34 96 24 99 36 47 18 92 44 83 67 99 57 98 59 12 29 18 71 41 85 26 60 26 72 97 82 2 98 51 60 83 72 73 10 26 94 75 38 0 31 
0 11 60 84 72 27 6 60 24 53 35 59 40 74 6 21 9 15 39 89 17 46 17 25 55 92 57 0 21 88 85 4 52 78 98 29 63 74 83 90 92 90 29 49 40 37 51 20 72 54 57 54 76 76 23 70 70 47 24 80 2 71 55 58 12 11 51 81 95 17 46 60 29 52 51 35 51 2 20 76 23 79 1 18 74 97 75 75 43 29 47 32 13 91 26 78 48 98 37 35 
70 6 9 33 75 85 13 38 8 23 15 89 92 89 67 49 73 93 85 31 21 80 34 60 94 52 46 7 18 11 65 96 70 22 14 94 59 19 15 82 55 85 66 12 6 98 39 86 76 44 35 19 52 55 8 13 33 22 99 14 16 74 94 7 55 14 46 55 8 37 76 34 53 73 46 93 18 1 88 77 96 98 39 46 8 89 51 11 59 69 44 54 57 23 38 53 27 93 25 83 
42 30 1 3 37 5 62 67 78 78 4 12 59 67 23 9 94 72 61 81 47 25 70 12 90 78 63 94 4 6 2 70 46 44 18 69 87 63 92 63 29 21 29 84 40 95 73 27 70 3 23 91 18 90 41 60 21 7 22 93 78 63 75 33 27 74 71 87 28 62 14 96 44 43 28 32 84 94 49 13 94 2 76 19 66 28 89 25 21 94 23 26 19 43 34 12 93 60 60 21 
99 82 82 75 21 98 81 66 21 41 17 3 20 1 14 79 5 3 81 96 19 71 90 75 45 17 12 3 44 94 0 72 48 70 78 68 22 63 92 34 22 42 76 20 63 48 11 27 55 76 23 84 41 90 3 57 19 31 45 60 41 16 33 88 99 4 26 62 39 26 48 65 71 38 61 49 64 43 69 64 15 9 21 90 74 12 25 71 78 56 68 98 39 14 81 16 61 95 20 5 
18 96 94 55 97 38 45 29 93 98 38 93 93 96 20 73 98 51 77 83 41 32 59 15 27 60 89 17 13 19 22 35 9 23 91 11 39 44 72 25 16 9 86 59 13 95 68 50 26 5 31 5 68 31 92 40 79 43 20 22 20 52 98 45 52 81 52 14 49 62 17 60 61 89 75 82 8 32 49 93 61 80 79 86 35 21 16 56 74 29 28 4 85 35 50 90 13 52 80 83 
56 95 34 11 15 64 79 21 56 30 82 1 67 42 29 86 27 75 15 3 77 3 47 79 24 6 15 43 26 6 30 47 67 78 37 82 62 76 64 13 80 12 92 26 9 30 48 68 7 91 73 47 86 2 2 66 69 6 36 39 47 94 9 41 2 13 84 32 10 83 12 29 49 0 72 18 74 67 21 4 84 38 50 77 28 72 37 93 25 39 91 68 94 79 78 42 25 99 64 13 
68 27 92 86 73 49 83 74 78 31 17 8 8 49 69 72 55 47 80 29 43 10 94 78 85 11 17 66 45 4 40 66 3 62 95 8 79 43 60 93 33 9 93 33 13 22 27 2 48 73 83 86 55 85 98 42 27 21 94 36 81 56 43 23 43 30 31 22 68 2 38 21 48 73 60 74 7 23 92 27 17 80 45 43 34 34 87 56 25 21 61 17 98 87 72 7 44 50 62 32 
19 10 56 34 90 43 49 33 76 78 64 0 1 15 91 29 99 23 89 71 78 39 93 80 7 93 32 31 95 89 37 51 24 83 91 97 88 55 75 82 22 53 51 29 97 2 97 40 14 86 28 32 46 87 15 6 28 70 63 67 72 37 92 31 87 37 19 34 1 29 75 74 21 6 24 45 67 21 91 79 24 54 35 74 17 89 75 46 93 42 77 6 17 93 15 95 57 52 24 56 
13 97 5 97 91 99 64 73 66 28 89 62 12 90 11 54 76 22 5 29 47 6 18 36 68 73 14 12 25 77 90 67 72 44 73 82 70 23 87 60 11 99 58 74 46 24 24 56 66 76 89 54 13 84 37 66 20 77 52 53 95 22 72 29 87 0 10 2 33 38 77 11 13 58 20 43 34 19 82 51 59 24 2 30 23 33 88 96 34 85 42 35 52 0 27 60 29 14 98 32 
37 64 86 86 80 9 17 36 33 67 61 72 92 55 34 73 90 78 57 81 96 61 20 78 87 20 83 0 62 83 71 61 17 93 41 4 44 8 42 30 75 64 4 70 60 7 31 38 69 41 73 38 56 86 74 77 72 25 4 86 47 85 86 49 49 13 68 77 70 91 10 4 2 98 96 57 52 34 58 90 64 8 95 71 90 18 44 37 92 90 58 37 3 14 15 27 93 76 65 3 
81 11 23 51 40 97 89 71 54 70 98 32 52 66 93 6 69 70 89 65 42 89 48 70 82 80 22 3 50 70 65 7 29 70 99 35 88 50 71 70 48 1 93 9 92 34 97 2 93 67 58 45 26 61 48 57 93 45 86 94 67 11 3 72 63 17 79 23 58 11 34 2 5 94 97 72 52 98 16 97 22 51 83 39 65 77 0 57 43 80 76 56 68 20 89 67 22 53 91 63 
7 69 6 44 66 96 56 14 81 73 90 28 81 12 52 9 18 75 17 59 32 77 12 16 90 75 97 91 78 61 47 8 2 45 18 91 26 41 32 71 2 75 63 18 52 56 5 27 61 26 82 70 89 75 2 79 80 62 41 62 96 0 47 82 91 89 3 69 45 8 77 46 19 52 83 84 50 73 33 42 46 30 17 59 68 28 6 57 98 59 35 92 35 88 42 52 99 54 1 87 
76 61 61 56 48 84 33 97 12 66 18 74 70 87 40 18 24 43 3 33 81 48 99 82 47 52 73 27 61 57 52 83 69 76 74 56 82 51 2 22 40 55 22 82 8 33 80 94 2 36 95 31 44 39 23 24 53 67 0 55 57 81 31 17 2 49 26 7 92 97 14 46 33 75 34 34 81 32 97 59 76 44 32 20 47 46 97 1 92 31 99 22 48 73 88 73 79 56 79 80 
59 66 61 46 48 44 90 44 84 17 23 10 49 17 23 40 63 76 19 86 4 83 38 27 69 15 37 93 99 90 82 84 45 3 7 58 4 29 49 90 29 14 62 35 17 88 92 70 7 73 83 74 57 15 32 40 36 86 99 44 58 21 38 39 56 46 51 73 81 78 24 64 36 20 81 9 41 5 18 31 75 76 94 90 80 99 23 2 10 98 30 80 12 10 37 0 76 72 31 43 
55 55 80 63 70 0 57 37 40 69 35 54 72 27 19 10 60 59 33 0 93 27 57 50 46 94 53 35 31 54 17 74 99 77 67 26 10 76 34 10 62 22 61 72 48 65 4 37 18 68 75 59 4 17 74 89 3 27 15 49 31 94 86 63 8 70 21 98 76 10 60 9 52 30 33 96 2 62 55 95 64 8 76 10 36 44 15 93 27 79 39 90 92 34 17 33 79 11 36 99 
69 92 19 10 45 67 43 43 3 23 89 5 40 52 58 94 95 16 81 84 51 36 25 77 8 41 60 62 30 64 55 88 0 48 30 76 9 63 2 5 41 46 54 39 50 85 55 90 32 37 44 0 74 0 60 39 25 50 97 18 47 2 73 34 93 65 83 28 73 92 44 45 75 36 6 96 20 37 92 56 7 16 80 9 84 54 54 12 58 31 53 98 74 51 75 76 48 99 72 45 
56 80 83 4 17 93 32 97 80 30 45 81 97 55 32 36 38 29 1 3 72 51 84 18 81 53 97 31 78 37 94 96 10 34 24 93 84 18 94 22 14 90 78 39 17 91 49 61 15 43 46 64 10 74 18 85 38 62 62 55 74 33 80 8 48 42 59 33 7 73 86 42 36 67 7 38 99 29 16 91 91 23 25 52 24 64 87 32 73 84 48 43 5 38 68 98 41 76 64 19 
30 92 41 49 24 92 67 93 84 67 87 54 70 85 89 31 47 53 58 82 76 74 49 99 50 36 28 73 93 56 34 52 6 37 63 96 50 40 15 65 23 7 50 4 53 21 48 72 53 37 0 48 65 68 82 36 1 12 38 34 64 86 55 8 2 2 23 59 76 9 59 82 48 48 35 82 31 43 92 88 32 76 89 33 55 50 47 38 62 80 7 1 15 18 29 34 26 49 63 1 
0 74 63 50 68 21 72 27 61 11 2 66 84 66 69 66 87 55 36 96 14 53 54 89 29 84 45 23 67 72 61 15 41 27 7 84 70 92 26 93 57 33 78 99 84 32 84 99 28 33 21 11 84 79 62 99 23 36 78 70 92 30 98 12 84 8 58 2 18 56 1 32 33 34 71 55 56 64 17 7 78 51 65 90 9 39 50 94 35 39 26 79 45 47 94 33 8 9 42 65 
57 73 37 81 29 52 87 9 32 56 89 23 29 22 49 14 35 7 80 59 39 39 3 32 82 47 69 69 85 34 97 40 73 7 10 40 44 45 52 9 25 62 25 38 34 44 41 71 60 97 10 1 67 1 11 79 72 18 46 78 83 39 84 4 69 14 99 28 74 15 11 45 58 72 78 33 76 94 97 88 56 15 4 89 41 70 72 80 58 48 86 97 31 29 18 4 86 90 86 90 
43 15 28 46 31 72 83 79 64 68 21 37 69 39 32 11 87 73 94 36 1 25 90 96 20 86 1 65 14 23 57 93 72 50 23 19 93 84 35 73 36 11 76 28 97 39 61 82 85 21 39 55 32 69 51 99 70 47 83 82 88 37 33 34 3 3 0 73 99 59 37 67 94 81 7 42 79 25 66 38 13 72 21 84 99 65 80 21 94 29 41 28 84 56 5 92 15 41 14 27 
53 80 94 4 30 20 50 74 0 0 24 44 45 37 74 80 62 95 12 67 67 98 35 47 63 33 3 44 9 46 46 7 35 33 14 52 34 50 57 54 55 36 47 52 12 35 52 38 22 76 58 0 93 4 9 90 56 86 57 54 51 17 24 13 70 33 41 68 24 81 68 54 84 33 19 38 79 8 96 63 94 25 63 73 69 41 31 86 12 5 36 9 0 2 0 19 61 28 22 4 
12 31 42 55 8 63 91 0 1 79 65 30 2 20 11 98 22 91 20 34 21 72 76 89 9 61 77 38 25 30 11 96 4 6 25 45 21 58 52 1 62 16 41 60 87 43 22 42 72 49 49 7 53 73 85 32 61 74 13 28 21 87 26 74 2 61 83 83 2 18 31 19 42 39 90 77 96 72 16 98 36 27 10 20 87 86 7 95 0 69 14 49 85 75 24 61 37 28 1 37 
0 43 86 94 50 84 97 80 21 85 52 13 24 49 47 30 52 65 21 1 30 54 81 73 33 75 65 67 66 59 19 53 49 29 49 24 21 36 2 77 3 57 91 28 43 91 28 65 15 53 12 20 52 21 26 7 62 93 81 60 76 22 60 76 24 9 90 26 20 57 33 13 56 0 33 74 90 13 36 28 92 66 32 52 93 47 21 71 7 70 35 33 47 97 37 1 13 41 79 15 
37 0 66 80 43 85 46 72 63 19 77 64 12 11 37 22 78 18 85 22 88 51 0 2 87 16 83 22 81 90 94 56 94 61 68 70 69 54 66 65 17 33 41 56 10 38 55 10 21 7 31 60 66 38 80 74 69 27 80 11 7 49 41 76 7 21 56 17 52 14 69 26 37 59 73 65 70 54 45 51 72 71 84 24 48 73 51 82 24 26 64 81 11 8 69 57 83 74 38 36 
87 1 98 79 1 17 36 86 20 0 76 10 35 76 94 95 50 58 25 46 45 89 97 84 94 29 29 39 93 98 70 41 83 88 66 75 19 12 84 64 65 86 48 2 80 12 29 92 37 31 86 76 86 45 54 15 67 99 43 55 40 88 32 88 90 41 57 87 59 58 83 74 56 49 1 72 37 10 43 76 48 59 17 79 65 68 98 39 86 9 97 57 49 51 19 47 38 97 59 14 
15 24 94 41 89 97 43 19 97 21 10 18 71 45 39 13 94 52 46 99 20 81 88 92 10 13 17 51 3 56 95 77 17 95 25 25 37 66 17 36 81 79 91 59 35 55 12 63 75 35 2 76 79 2 44 29 39 81 96 19 4 19 23 91 17 34 72 29 51 29 41 35 36 99 34 83 83 88 64 36 46 43 21 94 58 24 65 27 82 11 80 32 5 48 41 25 93 88 19 62 
96 52 29 55 38 9 39 13 67 8 90 65 35 78 49 48 22 67 86 3 13 7 47 89 82 45 46 7 91 87 1 7 10 5 70 61 92 89 94 81 19 47 28 5 96 30 44 42 53 15 49 0 99 57 92 88 56 68 42 20 82 78 75 89 15 86 56 68 28 3 70 25 16 33 12 37 51 34 59 21 42 84 92 83 37 29 66 73 26 83 68 41 99 52 17 71 43 97 78 57 
9 59 60 90 13 94 83 64 79 42 94 37 26 22 96 40 49 11 38 93 68 17 98 1 1 87 87 94 64 69 70 95 20 17 80 31 75 59 85 15 21 22 73 81 19 46 9 50 25 67 32 4 70 29 78 24 76 10 69 70 4 66 94 7 15 53 94 74 44 18 65 42 12 58 36 86 15 66 14 18 77 49 56 5 33 45 89 92 77 93 30 18 26 15 23 40 37 92 54 51 
46 32 73 20 52 14 78 27 50 63 37 71 80 90 5 65 68 56 83 7 46 28 60 67 39 82 97 3 90 72 99 7 81 90 27 82 97 6 80 85 74 82 32 62 38 68 97 31 64 86 47 65 26 87 97 16 34 90 55 92 79 50 23 90 91 82 84 51 4 30 46 80 81 65 60 98 83 48 98 20 56 23 39 51 82 91 6 74 7 3 47 94 63 63 68 55 2 98 36 76 
52 98 60 75 43 90 21 12 8 75 65 96 88 23 85 77 44 42 30 92 70 9 19 54 2 29 35 99 82 56 79 96 54 7 66 6 42 95 78 96 0 43 38 54 52 6 18 74 71 61 7 91 48 36 92 75 13 54 8 93 41 46 44 4 12 99 87 83 40 58 73 29 75 98 13 38 49 92 70 35 47 17 55 2 72 5 86 82 75 21 90 82 5 19 69 55 28 99 8 23 
13 50 76 15 14 63 37 97 26 66 77 7 53 92 83 62 55 6 61 58 32 29 74 85 45 90 56 58 62 84 25 85 7 74 64 20 52 45 11 19 8 10 15 95 64 20 15 51 87 92 44 44 21 96 5 27 6 81 46 49 36 44 62 67 88 4 85 57 57 38 55 99 97 9 23 62 84 15 67 88 70 84 32 40 69 85 77 8 47 3 87 51 36 85 23 41 95 7 87 9 
57 13 45 10 75 12 50 29 10 75 71 30 84 68 30 65 40 44 42 35 4 40 22 81 6 62 67 20 49 87 89 6 45 58 73 28 2 29 44 40 69 47 78 12 19 62 3 0 50 69 70 25 94 4 73 42 20 78 8 60 77 44 81 72 36 9 18 3 80 46 57 30 49 90 61 75 45 16 62 80 20 72 19 29 7 75 58 67 12 55 44 52 91 10 21 24 79 22 50 62 
59 69 13 55 30 86 48 66 78 80 18 34 89 13 31 12 17 65 34 76 81 60 28 0 7 86 38 2 13 29 51 39 99 80 35 1 93 58 83 42 40 69 82 77 98 68 68 9 40 19 29 12 16 13 32 14 94 34 32 1 74 82 98 71 70 54 20 5 42 50 98 99 37 62 39 54 13 29 15 65 35 43 38 11 72 78 79 7 91 19 34 73 94 14 47 41 58 67 64 66 
43 86 76 72 84 73 9 28 29 5 71 31 74 14 63 98 61 71 50 6 54 37 86 32 30 7 77 2 22 59 71 38 58 6 59 6 74 81 80 56 35 50 62 64 41 73 70 93 59 24 10 73 48 49 94 12 37 58 90 17 3 6 77 33 10 98 1 84 78 30 80 86 49 37 94 64 33 26 36 99 71 17 41 12 84 13 3 37 95 16 68 55 84 44 89 52 83 34 83 67 

