90 43 70 94 45 37 84 88 64 53 18 51 83 61 90 94 90 21 42 31 86 60 30 61 6 44 94 33 12 38 49 26 46 85 63 92 50 6 76 4 54 28 75 18 48 1 18 11 5 60 62 74 30 37 50 9 51 62 23 7 68 51 70 96 74 40 21 15 11 13 46 15 8 10 34 65 9 60 98 65 26 65 7 95 89 71 95 68 56 99 66 57 21 87 74 35 55 8 31 96 
83 10 22 29 86 16 44 36 64 20 49 55 78 50 81 6 16 60 7 18 2 35 9 18 44 20 11 31 23 93 15 62 86 37 83 65 25 88 25 98 32 8 12 58 64 69 24 42 26 15 72 82 16 50 70 23 3 1 43 11 49 59 31 94 64 46 99 15 8 76 64 44 62 68 79 18 64 1 16 64 95 65 68 53 34 56 6 92 33 66 23 76 90 38 76 32 62 73 52 44 
27 23 23 57 65 60 94 94 39 97 32 91 63 16 57 70 40 97 13 68 55 99 58 37 8 31 14 3 79 66 51 28 55 37 28 42 13 28 57 78 56 3 93 64 31 29 55 42 63 82 18 55 23 68 6 75 81 64 80 96 80 61 20 78 75 61 44 30 6 28 19 11 67 66 51 83 58 12 0 21 6 17 23 10 84 53 77 81 97 2 80 54 91 39 38 51 47 5 7 10 
73 0 86 1 28 30 62 35 68 86 79 30 53 79 62 85 15 86 5 52 18 6 52 14 98 30 7 74 11 40 53 25 69 0 80 99 48 39 18 68 78 25 67 69 33 9 76 19 50 15 72 27 58 34 77 67 85 15 41 16 52 74 89 12 15 32 14 98 74 5 82 87 35 82 61 11 53 41 41 45 92 0 82 19 5 16 67 62 58 23 49 89 65 43 29 99 86 52 19 97 
35 0 87 20 79 62 41 36 97 17 1 14 98 89 29 12 57 6 5 7 91 64 87 8 59 19 83 33 26 61 45 1 2 68 2 86 11 16 75 31 94 4 39 75 58 7 87 1 28 30 81 65 16 32 66 97 48 71 4 91 3 9 62 94 27 81 64 26 30 11 18 25 87 5 41 64 87 64 22 19 74 43 17 56 27 38 20 21 67 33 43 68 46 65 27 59 70 43 48 76 
92 33 12 86 60 22 61 40 29 18 48 41 61 0 38 29 14 70 63 88 53 6 26 57 50 46 52 92 40 63 1 59 18 13 51 89 10 22 56 20 25 43 38 48 71 91 76 84 92 3 0 9 96 91 43 33 31 15 65 98 88 39 2 87 55 66 80 18 80 1 21 47 74 61 79 32 91 99 31 17 42 27 91 5 59 18 59 69 42 19 82 85 42 77 36 69 79 22 35 98 
22 27 22 17 40 78 17 20 94 44 2 74 3 13 76 3 50 52 38 93 54 24 6 36 47 11 23 33 62 96 35 25 36 96 25 24 12 16 78 16 23 10 31 66 43 49 86 4 58 90 52 20 75 73 94 8 86 7 23 30 1 80 54 38 31 36 36 78 8 10 79 33 6 13 92 91 58 3 38 52 14 59 37 94 69 93 86 1 23 99 27 41 59 86 18 50 62 11 25 83 
43 12 56 55 43 70 66 5 73 95 37 94 62 22 68 81 65 62 14 18 35 17 33 97 89 7 40 80 94 45 5 68 90 90 65 73 19 27 65 54 7 57 69 55 90 5 27 70 50 71 58 7 41 60 7 91 42 85 52 89 37 35 87 17 19 60 46 56 25 65 8 75 41 42 10 98 31 99 24 76 41 96 85 53 41 24 86 39 94 77 41 45 81 35 57 73 61 22 94 75 
65 96 85 94 49 12 58 28 65 64 79 69 85 25 53 52 11 69 10 80 53 55 13 87 94 38 65 36 9 56 26 79 56 65 86 99 38 16 95 56 46 88 82 77 86 66 0 3 72 91 54 10 88 12 58 0 86 1 68 64 81 94 74 56 89 82 4 98 69 51 55 3 8 63 88 53 12 40 23 15 23 82 32 86 58 14 57 39 15 10 94 2 63 80 26 69 72 89 39 22 
4 95 60 60 30 41 24 41 60 81 33 71 77 2 58 84 23 51 6 0 81 55 35 25 63 43 58 19 54 29 55 63 30 10 18 28 37 10 55 40 89 78 36 28 89 39 85 7 0 89 57 89 98 23 58 59 84 25 61 49 98 73 91 34 31 38 91 51 63 90 49 75 47 64 46 82 59 53 1 80 4 50 50 16 56 29 64 24 62 55 84 79 40 63 20 7 15 41 93 72 
22 65 6 61 19 57 8 4 31 64 98 87 75 65 72 33 91 63 94 65 57 6 27 99 69 38 86 77 91 90 58 52 6 20 69 35 12 91 14 38 98 29 3 3 50 50 4 33 17 4 54 50 58 36 42 39 44 66 33 65 27 45 8 50 49 37 80 28 94 12 44 5 27 98 50 56 27 68 42 16 60 36 20 34 48 83 37 75 73 51 81 10 13 10 16 71 1 97 17 93 
98 86 30 97 98 92 5 39 65 37 70 89 55 7 10 2 75 38 71 84 76 61 46 17 43 41 41 26 54 17 65 42 51 92 91 81 68 64 5 28 85 16 23 32 19 97 38 25 43 36 90 22 50 32 51 41 68 74 65 32 78 76 8 42 5 57 68 98 8 28 89 94 37 85 27 3 42 86 62 0 57 99 92 48 2 96 89 99 1 97 86 17 23 49 1 49 13 27 85 28 
30 2 39 98 96 72 24 27 67 18 36 82 45 94 30 98 53 85 88 63 48 10 25 44 81 86 38 84 82 29 22 62 27 33 97 23 3 86 43 11 71 37 52 80 65 73 75 82 33 63 80 96 48 65 22 21 58 26 13 83 52 3 11 60 38 69 17 78 20 17 68 29 84 20 44 66 71 36 21 14 20 62 32 51 62 94 69 30 36 80 23 46 55 9 35 59 75 89 49 95 
13 42 67 1 45 41 43 95 42 31 78 54 34 43 18 39 84 13 78 88 78 22 72 23 56 19 68 39 66 39 17 65 70 49 95 16 38 73 52 20 55 22 12 63 74 0 44 61 65 87 48 30 89 91 27 65 42 57 0 15 16 62 15 32 41 11 29 42 24 93 76 80 12 57 5 48 16 27 55 44 57 94 96 86 20 63 66 70 34 91 76 48 8 2 69 38 40 14 30 18 
42 35 59 72 15 0 97 86 16 50 31 5 1 32 30 68 99 6 31 99 6 46 91 1 71 67 81 40 75 32 79 89 12 41 12 19 88 60 78 33 43 95 56 48 68 75 74 61 2 24 71 3 5 20 67 15 8 66 85 93 44 79 47 10 95 10 85 66 54 31 58 12 71 85 17 72 58 21 4 21 78 90 34 54 28 34 70 38 3 37 54 70 81 93 85 10 34 13 96 17 
29 23 35 60 27 7 71 65 0 77 87 47 26 34 8 86 41 21 25 89 20 53 27 42 10 57 68 56 45 84 99 63 57 94 91 16 76 19 79 73 13 66 72 43 55 93 49 20 71 63 44 64 32 18 18 63 81 34 25 93 28 58 19 56 11 18 31 97 32 8 34 97 17 98 32 91 47 32 84 3 34 94 55 32 90 5 41 49 80 10 36 69 24 31 19 5 90 85 10 91 
18 94 39 32 56 60 20 44 4 17 74 37 15 24 74 69 90 12 13 37 14 12 1 7 20 71 62 42 26 33 38 61 71 93 29 60 3 92 51 29 66 78 87 50 88 87 4 26 9 77 90 59 20 88 40 8 81 6 15 54 39 49 45 11 70 25 75 89 61 46 20 80 55 45 59 27 92 94 34 92 30 98 60 66 97 66 60 7 50 32 15 58 18 36 12 54 39 38 86 20 
59 26 42 41 69 48 26 76 92 37 40 35 17 77 19 3 73 22 54 85 47 77 70 90 75 80 75 6 50 16 42 73 88 84 54 93 52 13 99 64 82 60 86 90 83 77 62 69 36 84 2 93 72 37 24 9 48 16 90 94 84 39 59 95 0 20 48 60 58 34 55 80 85 23 84 37 11 29 90 25 35 61 36 28 70 37 89 35 11 60 33 83 0 56 53 90 75 19 96 73 
21 70 42 71 50 66 37 97 33 95 7 19 17 7 76 89 96 35 48 77 59 44 95 48 34 41 11 52 90 43 97 69 52 13 80 42 56 13 67 30 61 6 17 22 18 31 25 17 82 20 55 3 85 16 29 2 71 43 94 99 48 41 65 27 8 51 89 89 43 4 80 39 16 54 32 35 43 22 13 96 9 53 64 68 43 40 99 69 70 71 62 7 81 78 34 0 56 76 92 95 
11 91 73 97 30 99 95 41 51 50 82 13 0 84 4 53 47 61 61 8 3 0 11 9 82 64 61 48 8 40 51 4 57 46 25 19 81 33 23 20 35 37 97 1 87 39 66 66 77 41 23 56 55 5 9 28 38 61 54 70 20 31 96 86 72 22 38 98 91 48 36 42 45 49 9 27 19 1 88 97 68 89 44 24 85 28 59 77 33 79 41 74 29 37 28 94 40 85 98 62 
27 33 54 33 63 40 24 40 19 89 32 5 20 34 5 28 33 8 71 64 44 44 1 9 14 6 82 79 78 88 46 82 69 10 69 73 96 9 0 55 55 89 75 96 29 14 6 62 52 48 83 48 10 31 71 31 99 59 32 78 25 64 42 70 74 0 77 7 81 3 47 1 44 16 89 39 84 23 35 88 37 54 12 82 99 96 3 35 57 10 56 90 85 92 98 79 9 24 41 30 
49 24 95 42 9 22 18 93 67 31 64 46 28 61 5 77 4 78 73 58 99 9 32 33 23 71 82 1 54 68 30 0 92 51 28 53 86 51 46 71 93 28 84 17 77 73 84 34 83 99 41 80 17 34 42 83 98 47 45 3 34 81 80 26 31 80 84 83 59 87 20 80 67 85 77 21 49 22 35 9 23 98 50 16 52 35 70 45 98 83 60 26 52 84 67 46 16 55 17 51 
53 74 29 85 91 54 41 53 51 8 19 85 33 59 6 58 51 54 10 75 40 54 87 86 88 24 66 56 89 4 41 54 39 56 97 37 96 70 61 45 4 31 64 66 23 19 23 75 6 5 16 56 67 90 70 1 67 48 59 4 58 71 82 95 34 13 52 17 39 19 77 11 39 56 2 85 96 92 10 39 90 31 86 61 83 30 77 38 28 6 60 32 86 13 57 19 96 86 54 25 
7 68 12 97 64 77 1 26 80 15 59 29 86 72 82 21 24 34 55 31 51 9 58 75 37 72 1 10 67 49 38 20 80 97 79 27 35 91 64 68 4 0 81 34 22 3 41 57 83 74 14 25 97 37 9 87 31 69 72 23 63 79 42 18 66 6 11 66 17 95 68 80 19 48 78 17 71 66 98 49 51 6 8 71 36 66 4 81 89 13 76 26 46 13 68 29 6 8 22 85 
21 11 57 85 41 69 0 79 15 0 31 96 13 3 82 94 87 72 9 96 22 22 10 60 54 57 61 14 27 97 52 97 67 37 11 68 47 61 52 63 21 41 82 26 79 15 35 93 7 31 18 92 70 34 54 69 75 17 32 96 94 86 59 54 24 59 14 69 40 66 26 54 90 30 64 56 59 15 17 9 6 51 4 23 2 67 12 8 3 60 99 21 57 35 54 83 3 39 85 51 
88 14 65 76 12 65 61 62 89 52 98 53 31 72 3 31 49 91 35 6 12 89 76 57 2 21 64 85 60 64 50 3 84 43 3 28 82 83 61 39 63 28 3 83 46 67 59 16 35 21 1 31 21 74 88 33 41 34 42 67 63 22 67 4 83 83 54 47 8 52 19 44 43 25 40 24 92 38 47 35 13 56 68 58 63 46 27 65 44 16 24 78 57 68 33 55 37 37 59 80 
11 5 29 57 81 73 73 46 52 90 16 36 98 78 85 71 77 73 85 28 13 21 97 42 33 88 79 51 91 97 74 48 86 72 53 81 23 90 86 93 22 60 87 90 66 86 52 27 51 83 94 55 44 91 43 86 28 33 79 41 84 99 75 78 77 19 92 76 15 3 14 80 79 14 42 61 53 56 88 58 18 76 21 1 91 45 52 82 21 23 67 0 52 31 25 71 5 8 78 27 
61 91 78 32 42 86 9 3 60 52 35 35 84 12 71 79 44 51 77 75 4 39 21 61 23 29 10 3 69 69 86 78 91 48 90 81 39 43 14 57 46 50 51 71 7 55 84 60 78 97 18 17 45 31 18 12 90 77 96 57 77 28 58 24 35 85 78 97 15 16 19 26 0 78 49 17 51 97 36 5 6 82 99 31 29 44 9 32 4 79 76 90 54 79 4 26 80 26 22 63 
89 35 93 68 4 76 97 70 95 67 75 34 59 24 60 54 79 62 45 26 14 15 21 97 31 49 41 27 11 79 25 29 93 31 4 31 72 37 10 62 27 19 48 22 5 22 96 89 68 62 77 21 26 86 33 18 52 94 85 68 39 36 9 56 72 32 60 56 76 31 66 0 79 15 44 34 0 25 56 85 42 54 35 70 46 70 22 31 41 38 92 76 36 33 48 79 44 30 69 7 
15 16 19 36 32 41 20 29 1 59 8 98 31 52 9 12 6 0 62 22 99 37 17 5 70 94 3 75 12 21 10 3 53 62 82 24 41 87 97 20 55 73 72 23 7 94 31 16 64 53 35 83 37 79 57 96 6 88 21 23 17 29 33 57 14 22 55 61 42 7 42 78 39 95 88 28 52 58 3 6 42 92 53 83 48 52 41 15 99 33 4 48 85 78 56 36 83 33 54 86 
80 23 18 68 23 2 19 91 60 50 28 93 24 56 46 30 31 40 2 90 69 66 70 13 15 24 68 1 6 46 19 8 14 50 60 42 9 84 10 29 6 76 77 49 52 43 56 3 34 64 79 0 97 4 96 91 51 91 60 35 26 60 5 82 44 75 73 75 25 87 61 1 75 43 63 39 32 24 57 59 81 6 43 50 58 45 6 58 18 68 94 79 44 25 57 30 86 48 33 35 
57 65 28 37 94 51 30 47 67 90 31 61 9 15 37 3 20 39 48 33 51 37 68 97 94 72 7 88 65 84 84 47 59 92 47 77 71 40 30 49 82 83 55 46 33 76 74 48 16 48 54 77 63 56 83 44 67 49 39 30 16 99 73 95 43 22 13 34 59 10 46 79 4 54 20 57 77 99 38 61 73 54 11 89 44 71 75 32 52 84 20 69 24 37 86 83 47 29 72 64 
20 29 35 96 81 75 76 47 46 34 81 9 11 52 56 10 64 4 88 67 28 57 44 27 12 14 73 41 41 96 22 58 65 97 58 82 61 66 21 8 23 91 23 85 79 50 17 55 38 33 62 6 75 28 17 0 52 6 95 24 88 27 16 52 43 46 73 73 85 63 8 39 0 48 91 4 87 12 6 13 59 44 12 36 29 73 4 60 28 26 44 42 13 6 26 24 24 40 48 3 
56 15 77 12 50 16 46 7 10 10 55 12 94 16 23 63 59 16 89 46 33 80 16 31 67 65 43 87 79 76 17 89 71 88 20 44 55 3 20 57 77 36 79 23 95 93 79 55 92 34 4 78 38 45 10 16 66 88 12 68 32 16 18 78 88 99 17 87 10 16 81 43 54 98 88 91 87 22 4 33 85 81 8 49 63 62 99 49 86 71 34 29 16 89 93 35 61 44 31 37 
88 97 33 8 28 84 36 31 41 81 90 45 20 30 74 23 1 69 19 1 96 62 23 74 38 56 84 55 6 72 83 96 39 85 84 89 52 98 68 4 73 45 0 62 11 70 99 39 59 40 46 37 63 57 83 84 90 39 40 20 66 9 45 75 94 84 45 14 4 28 15 41 79 91 67 45 66 35 65 78 21 45 28 13 80 68 8 11 37 0 44 2 76 69 41 56 58 99 61 30 
58 11 63 83 96 25 59 13 19 47 36 27 52 54 13 39 33 20 41 14 90 62 86 34 39 43 15 31 49 64 52 46 18 97 14 41 11 88 48 75 0 5 38 15 23 70 16 22 8 91 77 62 41 12 52 4 80 74 98 34 33 48 2 61 46 19 25 40 16 84 42 98 68 92 77 41 22 92 62 52 49 39 1 94 55 8 3 55 57 20 44 66 50 19 2 96 68 62 40 72 
20 53 20 39 44 10 46 18 14 54 43 14 26 2 49 95 46 37 71 92 54 56 19 10 19 10 14 30 4 89 55 40 6 32 96 14 7 38 61 94 38 91 51 83 9 74 44 53 5 83 20 74 13 70 15 51 72 51 96 68 68 15 86 21 7 87 20 26 33 8 22 60 82 31 17 92 26 89 96 63 33 34 85 18 76 34 46 84 17 76 17 38 70 70 36 30 61 56 81 72 
95 32 81 80 10 6 79 28 67 37 35 97 12 38 8 31 78 68 71 11 43 11 45 55 81 65 94 60 22 69 3 39 55 38 45 60 67 12 3 72 50 89 42 32 65 15 95 14 16 76 41 40 81 54 19 64 2 27 36 74 54 64 77 36 44 70 7 77 40 77 98 95 90 61 53 20 97 77 27 87 12 74 93 20 7 0 81 28 24 2 90 45 99 68 5 66 47 88 15 54 
30 62 8 26 60 21 24 20 54 41 84 65 20 66 83 43 77 72 77 39 3 13 40 53 11 13 49 86 50 0 33 81 43 25 44 49 31 21 63 33 30 53 85 49 56 32 87 36 92 0 20 11 24 36 17 49 21 62 14 11 96 99 81 94 5 91 92 39 99 57 97 30 97 90 52 70 59 41 32 8 63 39 62 14 97 59 15 62 74 77 40 82 57 55 98 2 16 53 2 97 
56 13 75 28 69 33 7 77 33 3 4 34 11 81 90 76 65 22 36 59 25 85 34 63 38 25 10 21 86 65 99 46 91 17 65 79 40 24 47 13 10 51 69 67 71 14 98 50 57 82 45 49 70 46 46 73 30 14 27 38 73 17 75 67 19 49 23 14 82 73 68 11 51 30 48 3 55 58 76 80 7 5 53 15 89 52 54 93 93 40 82 18 13 95 26 99 49 38 53 1 
45 86 5 95 43 66 85 73 87 37 57 65 38 80 98 78 39 95 79 54 12 9 59 64 16 89 15 3 87 26 18 18 59 73 60 44 2 37 40 17 36 67 41 30 34 8 30 37 19 96 77 53 66 68 97 89 8 14 12 66 31 74 63 14 28 5 7 98 73 70 60 20 81 37 64 22 44 71 58 29 42 45 4 37 31 52 85 44 56 89 23 33 77 23 24 16 70 53 23 19 
27 4 14 2 15 25 66 82 75 39 74 34 30 31 23 83 76 79 4 54 77 32 21 36 47 95 53 54 15 91 88 56 64 65 22 26 72 52 90 37 99 22 94 67 85 39 31 87 0 44 48 55 62 58 18 34 59 0 22 0 70 18 18 24 48 24 92 97 2 99 49 8 45 54 14 25 55 55 97 4 95 63 1 18 79 15 61 76 25 57 58 3 20 38 64 21 36 37 16 59 
97 80 91 7 8 14 89 71 30 33 90 47 81 64 1 92 13 83 68 33 83 37 75 83 64 19 84 71 43 40 41 94 59 73 4 1 8 97 56 82 12 19 53 19 7 59 38 32 86 74 93 38 39 62 71 31 74 93 36 91 86 53 69 65 6 92 8 46 61 81 11 5 17 99 61 81 52 76 54 67 72 0 93 75 52 31 63 19 38 93 81 85 36 44 50 2 98 15 62 64 
44 25 62 29 35 20 61 16 53 23 47 0 55 74 28 91 83 96 59 89 89 49 51 84 97 65 93 78 5 17 95 88 97 73 45 18 4 61 38 1 8 28 98 76 94 34 93 86 51 25 50 22 34 58 49 40 33 49 22 8 77 74 71 21 50 13 7 71 7 72 76 67 16 96 42 42 93 25 58 53 68 66 13 77 61 16 45 99 69 10 16 13 77 62 26 81 69 89 90 37 
69 96 67 71 62 85 5 95 4 88 57 44 78 83 49 84 3 52 81 95 92 45 41 88 10 53 64 12 41 53 84 63 29 77 3 93 68 32 25 63 56 61 95 62 86 56 72 47 3 24 66 20 50 71 83 70 59 87 92 19 18 45 66 78 3 91 79 4 9 26 99 21 20 50 84 8 55 49 22 79 17 26 84 91 88 46 79 34 88 68 88 62 81 86 67 77 51 14 61 65 
29 37 75 14 84 93 0 69 14 39 89 68 46 17 82 15 41 16 21 97 69 0 98 88 1 42 5 69 14 86 51 27 61 51 89 65 41 92 26 90 49 52 52 37 33 84 18 21 77 75 20 19 23 19 39 41 51 34 50 1 7 83 53 35 36 34 60 67 34 18 48 43 78 34 6 55 34 53 10 33 25 65 10 63 45 61 98 51 89 63 27 94 95 74 45 88 78 72 30 56 
47 70 20 19 13 7 0 97 86 79 55 94 4 45 37 34 44 58 33 8 45 75 44 76 48 65 38 43 75 64 61 7 12 82 35 2 56 45 74 12 32 14 49 41 66 87 42 79 38 79 34 56 71 72 65 14 20 93 43 16 8 22 98 36 38 53 85 2 77 38 15 55 32 46 24 1 23 46 81 19 93 86 34 0 81 32 6 21 75 27 81 78 84 46 77 36 76 15 1 16 
39 60 1 23 18 59 16 23 48 64 98 81 85 13 29 67 53 21 70 12 51 1 72 90 44 48 49 71 95 32 53 3 31 62 26 20 75 5 64 51 77 92 88 66 32 54 91 11 22 82 46 44 2 17 40 7 51 56 56 44 34 32 43 4 72 15 7 89 90 0 77 80 72 34 5 50 36 39 56 1 89 43 10 48 28 6 44 74 33 46 24 4 49 43 80 62 74 5 12 83 
36 92 67 34 23 75 47 16 40 95 67 75 81 80 90 65 67 99 50 22 78 14 66 34 72 94 4 3 14 31 65 61 27 97 82 26 17 81 39 52 97 81 70 21 54 53 2 39 9 62 24 44 3 32 14 95 16 43 98 43 59 13 6 88 21 27 41 60 2 37 24 92 42 91 11 55 56 2 81 25 17 90 67 23 19 60 87 23 0 15 44 96 41 47 30 39 58 95 98 31 
19 7 64 37 19 84 42 43 68 51 49 48 4 11 55 1 99 3 91 25 60 35 28 23 52 81 18 95 85 79 11 88 39 40 41 2 17 80 53 52 61 40 12 11 89 21 27 3 9 51 52 17 41 25 39 18 13 47 74 44 62 89 9 43 26 30 25 37 70 71 67 64 4 21 99 55 4 44 33 19 15 74 15 88 98 7 5 61 39 90 82 81 97 67 20 26 41 59 2 70 
25 45 43 91 60 66 89 95 29 40 19 61 73 58 44 2 99 3 86 92 74 4 18 42 71 23 80 64 39 53 80 34 71 54 46 67 53 96 20 56 53 1 6 64 65 41 91 63 93 99 13 70 23 66 41 37 78 96 24 67 0 22 57 37 78 18 76 13 67 9 10 33 75 47 46 21 9 5 28 13 35 14 24 83 17 37 0 83 29 25 61 76 5 92 12 94 57 90 5 48 
51 90 32 99 76 71 67 16 45 20 10 43 93 31 89 40 53 23 95 7 69 16 67 18 57 5 12 61 68 52 36 73 12 40 14 98 42 91 96 88 75 65 18 7 52 36 17 45 85 50 78 38 32 72 54 46 24 52 78 0 48 21 15 55 22 5 68 49 79 28 31 69 97 40 80 73 67 76 51 53 31 56 89 83 57 65 38 71 3 37 18 49 76 14 52 12 10 19 62 77 
99 3 6 80 38 93 48 50 42 67 73 13 70 31 87 56 29 27 7 58 81 48 91 84 12 41 32 88 71 25 79 17 24 30 58 69 19 84 25 18 25 21 1 32 43 78 54 9 79 94 48 34 78 25 79 58 61 20 7 84 25 19 28 10 60 31 62 71 87 93 1 64 77 86 21 7 17 16 52 72 15 66 54 12 6 52 80 62 2 26 64 28 20 12 65 3 87 84 96 47 
54 48 18 53 1 38 91 57 56 15 2 78 89 7 53 0 74 97 15 29 99 38 97 99 69 66 6 85 95 7 38 48 92 57 73 52 82 90 3 95 85 26 76 38 2 17 77 93 49 12 88 67 89 66 32 6 43 20 47 52 90 47 6 15 66 80 82 74 10 16 23 89 23 49 97 65 93 25 30 12 31 29 95 87 87 53 70 44 75 34 39 75 87 48 86 48 39 57 49 35 
95 25 82 30 18 0 46 54 86 25 79 32 77 33 12 14 89 39 11 2 28 48 88 63 11 58 34 2 99 45 61 94 85 26 83 3 10 75 88 31 46 14 1 26 42 50 6 39 67 64 59 60 90 82 52 67 69 85 44 57 99 82 60 16 42 89 99 47 40 23 5 4 16 85 40 81 7 98 94 35 6 36 21 85 13 77 76 48 9 41 43 86 82 90 76 40 72 88 38 27 
71 38 1 18 84 97 76 18 14 35 84 10 1 91 10 69 10 51 55 1 91 66 98 17 24 71 22 46 95 93 48 98 63 65 70 25 19 41 61 41 69 43 32 47 93 33 38 65 56 41 43 3 24 36 78 33 94 79 33 56 37 42 8 73 5 32 55 52 64 7 14 13 4 44 82 38 33 98 21 13 51 32 74 33 23 91 55 79 87 80 99 64 76 2 39 19 80 16 51 0 
75 86 93 58 13 52 1 49 53 22 15 76 60 90 73 12 17 35 68 87 63 60 26 38 63 8 30 33 32 71 75 44 89 65 24 21 54 22 71 17 57 6 76 79 42 33 84 68 12 41 99 48 7 50 75 23 95 62 35 63 34 43 99 97 49 66 36 70 74 61 30 56 70 80 95 34 49 23 3 36 95 43 94 10 34 98 94 99 47 27 18 52 53 18 10 18 47 8 60 33 
54 27 3 86 19 45 69 76 30 78 14 93 27 14 70 46 20 68 83 25 39 35 77 65 17 2 54 68 51 43 70 92 33 23 97 35 80 66 98 33 96 24 16 22 18 19 83 84 69 71 62 65 35 18 78 57 19 50 57 19 42 87 68 90 79 37 46 38 10 69 50 58 15 75 2 16 19 61 89 43 14 6 70 25 48 4 27 77 42 98 4 14 79 92 99 57 56 5 64 35 
72 88 65 59 88 26 12 2 94 35 48 36 14 14 68 82 97 54 62 61 98 30 63 38 31 6 39 17 21 11 88 43 42 46 50 67 42 17 10 89 19 11 91 94 26 56 68 59 15 62 27 36 32 81 22 18 13 78 4 84 93 92 42 54 45 38 50 7 65 44 44 57 83 16 51 78 65 72 70 46 13 89 36 86 42 69 25 87 17 18 46 59 21 62 34 63 12 90 49 58 
41 11 81 89 82 14 32 4 43 54 94 47 11 91 71 24 31 25 63 16 15 75 52 5 43 86 60 75 87 93 63 25 15 78 11 14 26 0 6 43 64 43 11 67 45 61 54 14 20 98 53 90 88 26 47 71 33 13 35 69 26 3 80 72 94 49 40 67 37 68 49 91 33 93 47 58 60 53 39 47 67 50 31 61 31 13 27 36 23 5 60 30 98 44 23 14 79 12 65 57 
82 13 40 73 77 41 80 75 79 25 51 4 83 94 49 24 16 14 20 30 3 75 27 53 82 4 22 63 32 72 97 31 38 91 96 97 52 76 75 47 2 63 53 56 80 58 83 83 92 35 62 45 31 52 40 4 35 35 39 52 12 79 6 46 59 95 2 66 79 65 84 13 10 21 79 0 31 19 24 16 22 86 88 94 55 11 31 56 23 26 75 73 36 2 10 1 83 79 11 73 
37 59 10 50 93 50 95 88 35 71 21 4 10 38 40 49 17 43 43 59 29 59 66 73 18 94 18 65 18 0 50 2 34 28 78 77 22 2 6 63 84 87 74 74 8 95 92 37 59 94 81 69 10 19 19 25 69 85 90 18 91 14 14 92 6 51 1 87 74 92 88 25 3 92 35 23 81 97 93 47 81 83 97 81 36 22 43 25 21 25 38 43 34 6 66 75 86 28 41 12 
11 38 85 68 43 93 80 26 0 43 58 54 77 86 99 32 54 17 19 60 11 76 62 69 27 62 75 40 66 70 14 27 68 55 45 73 48 9 32 93 18 7 73 91 5 55 15 33 56 18 61 38 93 20 81 27 63 68 45 67 64 11 26 81 62 55 51 79 59 14 73 80 66 52 60 17 16 30 88 37 15 39 89 96 26 84 68 26 77 38 84 23 34 26 31 25 84 50 92 15 
11 59 33 81 52 47 12 13 23 95 56 0 10 91 25 94 23 80 83 13 17 58 67 5 15 12 75 60 38 89 56 4 0 48 65 97 28 90 57 87 32 86 69 57 37 17 27 79 30 0 70 45 7 75 76 28 48 7 52 17 40 10 39 56 19 29 41 71 95 78 27 98 81 87 0 13 0 63 25 92 50 88 61 18 52 69 93 69 99 40 79 77 87 26 37 71 18 38 20 52 
92 75 58 3 2 98 41 83 16 4 81 28 20 0 7 67 68 87 39 60 62 51 23 23 14 45 81 79 48 23 80 31 76 10 53 45 50 0 39 88 13 80 0 44 31 76 82 69 13 7 70 56 61 96 78 12 41 40 9 93 82 48 19 38 77 77 53 93 81 59 28 23 61 99 49 51 75 72 8 43 93 72 45 5 46 16 14 12 61 85 27 88 26 61 54 13 41 6 70 38 
43 52 22 57 82 33 6 18 68 60 98 14 91 94 94 45 63 61 28 94 49 86 44 93 43 90 57 65 24 51 84 97 45 12 62 33 35 54 13 5 59 60 47 81 0 81 47 69 88 5 36 39 21 13 3 67 61 47 51 18 56 74 47 78 26 13 40 36 29 30 83 95 87 9 9 85 94 73 41 64 19 98 6 66 42 68 58 52 1 93 82 27 83 97 10 76 18 85 67 90 
46 1 68 29 20 89 18 37 55 79 16 39 22 10 57 72 19 22 23 52 14 2 12 29 96 78 99 79 50 67 73 26 20 99 88 38 91 69 99 26 15 1 12 61 57 56 67 24 36 43 55 28 8 68 58 99 64 4 40 69 8 86 76 17 59 93 98 79 91 66 96 48 77 44 72 20 38 36 26 99 26 94 78 64 60 97 56 50 62 95 94 11 79 16 81 74 46 13 60 63 
4 42 5 70 29 49 14 96 19 29 51 81 95 45 20 67 1 79 97 73 50 39 97 68 72 44 12 86 81 28 68 27 15 15 42 37 31 14 88 98 39 37 42 25 66 91 45 70 27 84 23 97 65 20 48 90 97 78 45 80 72 67 87 35 99 12 42 64 28 9 47 86 3 3 50 96 68 32 88 28 63 2 64 94 49 22 88 17 53 2 75 57 8 92 89 34 92 13 62 76 
3 32 82 79 78 55 85 33 47 28 18 22 60 68 1 39 33 29 62 14 37 88 56 93 51 1 77 1 63 9 78 36 20 53 87 22 88 5 5 49 54 76 11 55 62 2 38 53 82 89 76 73 8 52 54 3 16 21 29 35 3 14 18 53 24 35 92 50 57 14 23 95 57 66 75 24 14 4 63 27 46 50 82 37 82 30 94 11 20 44 87 93 36 19 98 3 33 73 99 20 
2 52 39 0 33 95 58 45 50 90 84 94 52 61 66 78 75 39 83 83 33 61 0 22 10 64 85 41 14 1 42 16 66 48 37 32 37 19 75 93 69 60 96 61 36 64 46 90 64 9 19 52 98 34 20 27 6 73 69 28 40 10 93 77 89 6 24 30 38 31 48 37 96 94 80 77 15 72 16 91 16 89 16 69 72 50 35 67 63 18 24 95 37 64 98 32 72 51 93 10 
78 85 63 0 85 24 72 94 48 62 70 57 31 8 12 47 22 33 68 31 82 88 43 55 68 19 67 36 46 17 88 97 83 71 48 95 83 94 24 43 7 76 36 21 70 12 25 85 60 3 49 95 57 85 41 55 14 71 18 33 31 26 73 87 21 75 65 61 2 1 80 92 77 56 84 38 20 95 31 13 42 16 4 58 14 30 20 84 25 8 33 93 16 12 68 83 34 19 45 95 
47 87 63 86 85 77 17 57 29 35 92 8 5 57 70 45 73 24 98 73 8 22 37 42 80 97 77 98 52 54 91 48 17 77 90 9 71 74 74 50 10 90 23 49 28 76 82 3 12 49 84 95 4 2 85 96 31 44 23 16 6 32 8 65 72 48 93 17 20 25 32 12 66 35 91 92 4 58 82 5 9 7 70 26 39 66 43 64 38 37 19 96 13 0 36 46 37 90 60 76 
26 29 39 28 1 94 49 3 67 88 44 14 32 12 4 17 80 71 37 41 0 39 93 70 64 12 87 82 95 9 63 61 32 58 43 41 39 39 5 47 67 12 81 83 79 94 50 65 7 2 40 85 9 32 65 83 63 79 77 22 90 28 93 82 55 12 63 20 9 57 18 7 28 43 45 24 44 67 63 33 45 41 52 73 85 47 3 79 22 49 53 73 31 14 0 59 93 95 89 21 
58 54 38 65 88 98 84 36 47 25 80 30 29 10 49 75 13 60 98 81 38 34 72 64 53 25 46 90 53 3 11 27 35 50 63 45 29 88 58 11 38 15 29 71 39 20 75 55 0 31 91 18 14 15 90 83 84 60 52 8 24 72 94 10 79 79 78 16 79 20 54 3 27 61 54 45 4 22 9 93 87 73 82 25 99 66 67 73 84 71 90 87 68 31 1 99 94 90 91 50 
40 76 37 45 53 39 87 80 91 30 0 0 73 8 51 15 20 96 67 70 38 90 83 47 63 42 2 50 76 19 26 94 98 63 40 40 49 73 47 47 84 55 4 40 86 45 34 72 49 49 89 67 93 69 13 76 29 70 67 70 18 46 99 69 80 21 92 38 78 71 72 55 75 77 9 70 14 72 54 51 70 66 2 48 94 36 74 5 64 8 38 32 7 4 37 38 59 58 4 19 
28 21 52 91 69 40 75 70 78 98 53 20 80 85 14 84 76 39 19 38 14 50 57 92 91 3 29 70 86 46 79 20 51 95 32 12 49 88 97 11 21 73 25 53 50 12 65 8 71 6 20 56 35 90 41 64 47 9 79 41 89 89 28 1 60 46 43 49 44 93 40 22 51 71 87 59 64 85 3 75 39 86 32 11 89 82 5 27 46 64 79 34 8 27 0 9 62 44 71 79 
57 99 8 54 37 42 70 97 55 6 8 62 37 1 1 94 26 88 39 75 20 62 41 41 64 60 79 21 93 6 82 45 40 78 5 16 42 88 68 93 93 46 99 9 12 29 57 10 66 95 29 97 30 78 60 27 52 56 49 68 50 1 37 4 89 70 7 43 58 92 83 15 33 37 65 39 8 28 49 30 11 59 4 36 67 71 22 64 12 52 1 71 92 75 44 84 77 12 89 24 
38 53 44 72 72 46 30 4 2 40 81 71 39 31 60 65 79 15 65 99 33 78 97 77 71 98 35 52 55 74 37 75 28 21 67 15 52 7 22 46 57 19 8 88 9 69 97 7 79 65 78 17 46 68 63 91 36 12 90 53 87 26 33 67 75 91 84 70 92 83 72 30 69 71 76 78 58 20 82 83 74 61 72 82 91 16 32 5 30 51 12 2 14 2 30 28 12 43 83 62 
25 6 14 47 31 19 79 45 29 72 25 64 32 87 45 93 57 56 76 70 57 26 58 24 87 68 20 48 41 5 35 69 94 5 86 7 58 62 98 0 82 5 64 51 81 15 11 58 43 14 30 94 82 29 4 18 6 58 62 68 53 89 1 67 51 74 61 50 66 54 5 60 21 72 12 32 14 97 75 62 25 52 72 47 67 72 46 21 80 38 90 23 73 87 29 44 64 6 83 69 
95 98 20 20 27 83 85 86 50 65 25 61 92 97 12 14 35 47 64 81 60 3 66 39 47 8 15 91 78 29 64 84 14 74 19 45 59 19 34 18 1 4 5 18 43 40 31 14 67 94 93 49 46 17 95 96 89 42 15 44 80 68 55 2 22 50 61 74 21 29 81 55 80 12 11 38 90 39 17 13 9 37 23 54 82 8 85 35 39 62 65 44 38 13 41 91 44 38 31 56 
62 19 84 82 86 2 22 0 22 53 21 75 0 48 60 63 89 4 75 88 96 25 92 75 97 53 46 41 67 38 61 79 77 70 68 74 20 7 43 89 73 70 69 85 77 15 33 17 98 65 47 6 24 33 73 24 80 77 62 33 7 27 75 38 70 23 1 32 8 69 62 32 90 10 87 55 34 42 89 67 90 15 83 2 79 76 8 56 87 8 85 6 72 67 77 69 26 53 46 44 
4 18 19 30 94 61 40 48 61 50 62 2 52 78 0 11 13 52 81 74 67 29 78 22 3 35 94 17 72 67 77 93 92 64 78 91 91 44 28 92 14 37 6 85 52 46 90 94 7 83 63 91 43 62 47 65 31 24 43 98 80 71 32 15 14 65 50 62 56 41 87 33 35 56 94 21 34 7 41 66 37 68 11 90 83 90 26 16 84 40 88 3 3 72 88 7 44 64 72 32 
85 5 25 45 70 72 54 22 23 82 48 68 37 54 6 64 36 29 92 39 19 45 17 97 36 70 25 21 49 49 96 64 11 85 17 88 87 99 98 39 86 25 12 32 73 75 74 49 24 62 57 93 87 73 70 88 19 5 59 33 90 27 98 63 17 95 8 51 84 71 26 33 71 53 66 45 36 10 67 16 22 39 32 95 64 50 38 87 4 77 9 77 26 88 38 4 95 85 50 77 
55 99 89 3 35 87 12 87 83 91 23 81 75 71 39 48 27 79 35 82 24 54 65 80 5 67 28 40 82 65 27 68 87 11 96 90 81 10 26 96 93 26 32 98 77 39 28 85 43 79 27 34 18 36 17 20 43 84 67 31 93 49 95 49 29 18 71 9 21 69 18 29 46 11 36 96 31 53 24 57 8 52 31 11 7 55 30 37 13 7 44 8 56 47 45 2 92 14 26 49 
52 82 2 41 10 54 97 46 89 90 87 45 14 17 55 56 21 75 0 97 18 89 63 43 76 37 6 35 48 74 93 6 73 28 27 38 90 84 0 58 76 94 48 49 46 74 22 18 38 92 62 49 55 28 52 54 68 94 10 43 98 90 23 15 68 86 13 52 9 71 12 48 99 42 73 96 87 3 78 89 46 39 22 76 82 5 54 90 60 26 25 83 0 34 90 88 29 2 84 40 
28 40 91 9 75 36 64 67 46 36 21 64 8 38 54 7 21 53 71 86 60 73 87 99 17 30 16 43 29 87 32 18 93 64 43 73 30 21 94 37 58 22 68 15 36 55 35 73 52 50 85 40 85 7 39 26 94 15 46 5 83 17 52 85 86 61 65 79 74 66 39 71 23 55 91 55 18 44 13 20 53 26 37 96 62 32 91 56 13 75 43 73 88 0 78 74 15 37 37 76 
23 10 11 56 33 12 45 72 86 67 72 56 94 59 83 71 0 88 89 43 81 47 61 53 79 13 44 68 46 10 63 47 7 88 25 5 45 89 12 21 89 47 31 78 43 75 70 57 18 75 18 24 34 84 34 25 76 26 23 76 77 82 62 57 0 70 67 53 74 27 50 75 15 71 15 42 58 84 28 85 44 29 97 66 69 16 87 78 39 12 54 33 67 35 76 73 21 91 59 30 
32 52 80 37 62 97 84 91 97 76 7 28 86 19 84 90 45 29 64 8 77 75 19 28 37 71 99 72 35 51 58 17 24 38 38 92 80 44 66 30 75 26 12 65 33 75 37 11 14 53 93 46 41 56 96 77 98 69 44 70 49 13 92 56 85 7 11 95 24 0 29 18 73 90 67 49 48 63 54 31 25 70 58 73 59 85 38 51 94 93 47 58 51 11 24 47 75 65 45 75 
31 81 9 72 30 72 48 7 39 81 65 42 21 42 62 36 76 0 65 47 30 23 91 33 5 8 92 45 55 31 34 72 80 7 9 99 14 60 86 76 95 59 74 65 6 15 26 28 7 67 69 84 4 87 54 34 56 1 30 31 72 45 95 61 63 26 6 32 54 22 31 64 79 91 19 8 12 16 94 12 52 52 41 39 11 97 26 6 55 84 79 41 10 54 96 27 48 54 80 95 
8 78 85 86 71 7 10 2 0 89 94 61 20 22 47 79 4 77 20 36 71 82 83 70 73 64 93 97 88 39 11 31 30 28 5 66 24 66 57 72 94 58 42 55 30 4 85 97 1 3 36 17 15 91 53 2 2 22 94 4 70 62 18 45 0 56 66 1 72 92 10 97 8 99 5 45 14 96 60 8 13 68 94 84 39 36 43 82 56 28 94 87 2 1 23 32 25 27 98 63 
26 44 18 50 88 68 5 59 16 61 44 85 80 74 65 79 79 71 3 42 32 31 74 95 33 34 48 77 45 87 83 64 75 80 36 59 41 69 84 35 57 91 13 60 3 14 74 83 48 89 22 5 81 57 2 48 54 3 58 87 88 33 23 54 53 55 90 75 99 94 3 42 4 14 46 84 9 57 1 86 33 11 28 20 19 23 66 9 73 54 13 63 83 46 72 96 7 89 6 74 
63 44 41 35 2 54 92 38 58 57 10 52 38 92 81 90 90 21 6 14 39 25 49 29 85 52 38 88 26 39 81 57 52 37 0 0 38 35 71 21 35 16 53 84 7 83 80 12 31 64 17 40 47 26 69 32 74 29 51 6 12 55 83 16 23 10 34 1 12 50 3 62 19 85 34 27 65 38 95 6 9 74 12 71 69 28 14 8 31 68 58 32 80 22 80 66 18 48 84 11 
72 17 48 76 18 31 76 1 16 8 96 15 52 96 91 98 58 2 93 23 58 45 26 19 19 92 47 44 15 13 42 74 7 61 33 72 69 4 60 29 6 77 92 72 49 87 74 86 9 54 51 26 94 15 76 34 67 14 94 14 86 23 88 41 52 67 56 46 71 35 14 47 93 25 26 36 51 86 1 75 94 19 7 96 28 20 16 42 71 70 31 63 25 8 22 73 19 53 19 21 
48 72 22 28 80 67 48 23 70 80 31 44 1 33 80 99 54 47 38 26 23 74 11 99 26 82 95 69 1 5 91 10 88 75 88 52 84 54 8 39 79 75 78 13 27 64 89 91 23 32 21 0 96 4 50 27 12 72 16 38 1 73 48 48 40 24 35 10 64 27 92 46 80 90 40 79 47 76 63 25 48 63 2 24 69 42 3 71 64 90 41 27 63 75 97 96 15 47 72 95 
24 67 26 32 4 61 2 74 46 37 30 37 36 40 66 31 70 31 32 46 93 28 18 25 84 21 24 5 18 20 31 78 12 50 67 42 8 4 36 9 23 12 54 22 55 84 50 61 71 46 63 93 71 30 11 28 31 97 7 84 47 67 92 36 25 20 14 44 78 55 1 33 54 95 71 4 37 89 49 61 89 33 61 75 98 52 3 39 52 14 67 64 1 97 59 53 66 18 33 97 
29 94 43 2 59 15 84 93 43 8 42 20 52 63 62 81 35 34 4 34 44 16 96 70 65 32 87 20 19 18 26 17 70 85 92 14 39 37 2 55 56 37 92 65 98 44 2 55 73 0 0 35 41 15 17 82 25 77 86 37 81 26 66 46 3 44 65 76 69 83 69 50 60 25 88 33 45 16 88 32 97 86 4 95 62 19 28 35 60 89 82 78 23 80 29 13 63 99 2 98 
5 83 33 63 64 30 66 0 56 15 33 72 18 80 47 85 0 72 27 26 78 2 92 52 97 54 95 9 75 94 58 33 16 59 78 97 7 66 18 49 3 81 50 60 44 19 47 75 61 14 83 6 80 70 15 18 0 14 43 12 93 58 79 8 9 37 23 53 53 60 56 72 7 14 88 4 11 53 6 45 96 85 0 52 97 60 9 33 7 98 94 22 68 65 95 56 44 72 26 83 
99 51 75 34 63 19 2 99 16 83 17 84 65 58 22 31 53 87 12 36 34 41 37 36 44 41 87 20 53 20 13 34 64 69 97 7 48 26 47 38 50 58 20 20 45 3 92 32 68 21 21 1 14 7 62 70 62 92 95 81 85 33 81 75 68 17 24 70 44 36 50 97 1 44 47 88 19 57 91 71 91 9 48 12 21 64 61 31 53 76 6 94 27 30 93 65 55 19 45 44 
53 82 8 46 50 87 14 33 83 57 71 87 29 79 93 58 10 76 4 88 13 63 98 24 52 33 23 57 98 79 71 24 15 94 53 16 40 18 24 2 14 69 20 41 23 79 12 39 10 39 53 60 35 75 65 75 3 25 41 23 0 53 0 43 84 2 53 21 7 49 98 20 27 95 62 52 68 69 8 26 67 17 82 28 1 83 92 22 40 55 56 94 90 41 14 77 94 0 48 6 
19 71 12 86 90 2 89 1 60 29 42 64 68 70 97 63 26 3 79 86 99 5 12 62 91 63 18 9 21 18 45 2 69 98 30 73 44 17 32 51 19 83 63 73 77 94 74 26 51 3 50 26 29 56 61 4 91 87 32 96 51 15 57 98 80 21 32 25 8 10 24 31 30 7 0 47 7 81 95 37 78 35 45 39 21 56 51 60 2 61 0 1 54 51 0 77 1 80 53 29 

